------ Dim separator ------
-0.60|0.16|0.06|0.35|-0.94|-0.54|0.11|-0.27|-0.01|-0.42|-0.42|-0.38|-0.12|-0.07|-0.12|-0.11|0.61|0.51|-0.44|-0.52|-0.14|-0.38|0.10|-0.25|0.36|0.02|0.94
-0.18|0.44|-0.22|0.22|0.09|0.38|-0.01|-0.10|0.44|0.10|-0.19|0.19|-0.02|-0.07|0.08|-0.40|0.15|-0.19|-0.16|-0.27|-0.22|0.07|0.41|-0.30|0.51|0.09|-0.33
1.07|-0.13|-0.44|0.94|0.45|-0.67|0.45|-0.37|-0.31|0.27|-0.57|-0.71|0.24|0.01|0.06|0.05|0.01|-0.05|1.09|-0.34|-1.23|0.54|-0.18|0.21|-0.62|0.50|-0.94
-0.24|-0.08|0.12|0.35|0.26|-0.43|-0.68|-0.08|0.04|-0.21|-0.97|-0.66|0.04|0.15|-0.02|-0.41|0.64|0.16|-0.22|-0.32|0.49|0.54|0.31|0.71|0.13|0.27|-0.21
0.30|0.12|0.34|0.16|0.52|-0.59|-0.83|0.33|0.27|-0.26|-0.01|-0.18|0.08|-0.08|0.09|-0.14|0.63|-0.16|-0.49|-0.42|-0.27|-0.23|-0.60|-0.26|-0.19|-0.47|-0.47
------ Dim separator ------
-0.25|0.09|0.36|0.86|0.00|0.56|-0.20|0.47|0.45|-0.10|0.55|0.57|0.18|-0.07|0.09|0.52|0.72|0.44|-0.30|-0.70|-0.44|0.35|-0.04|1.14|-0.99|0.48|0.31
-1.03|0.01|-0.06|-0.47|0.03|0.03|-0.17|0.41|-0.16|0.72|-0.10|0.18|-0.10|0.09|-0.02|0.01|-0.57|-0.86|-0.16|0.31|0.23|-0.84|-0.25|-0.14|-0.57|-0.97|0.67
0.20|0.16|-0.53|0.93|0.65|-0.21|-0.47|-0.39|-0.66|-0.18|0.18|-0.70|0.59|0.06|-0.01|-0.03|0.03|-0.01|1.01|-0.54|0.42|0.55|-0.06|0.00|0.64|0.33|-0.00
0.12|0.85|-0.10|0.37|-0.08|0.12|-0.48|-0.14|0.01|-0.33|-0.62|0.34|0.70|0.02|0.06|-0.01|0.04|0.00|1.00|-1.05|0.72|-0.96|0.10|-0.32|0.83|0.43|0.21
0.16|-0.32|-0.17|0.55|0.59|0.11|-0.11|-0.25|-0.57|0.36|-0.69|-0.41|-0.00|0.06|-0.02|0.04|0.48|-0.68|-0.91|0.26|-0.31|0.41|-0.57|0.49|-1.33|0.67|-0.03
------ Dim separator ------
-0.62|0.57|-0.11|0.51|-0.08|-0.29|0.35|-0.20|0.39|-0.07|0.26|0.06|0.02|0.07|-0.09|0.59|0.23|0.07|-0.44|-0.47|-1.08|-0.10|-0.01|-0.27|0.17|-1.08|0.34
-0.61|-0.24|-0.04|-0.01|0.43|0.27|-0.24|0.22|-0.20|0.16|0.37|0.42|-0.04|-0.06|0.01|-0.37|-0.64|0.61|0.11|0.28|0.85|-0.13|0.12|0.29|0.26|0.66|-1.37
-0.38|-0.23|-0.03|0.95|0.02|-0.57|-0.19|0.69|-0.09|-0.64|0.23|0.99|-0.09|-0.03|0.00|-0.17|0.44|-0.54|0.66|-0.04|-0.23|-0.71|-0.12|0.06|0.23|0.06|0.80
0.05|-0.75|-0.82|0.42|-0.93|0.22|0.67|0.43|0.57|0.33|-0.81|0.32|0.09|0.02|-0.08|-0.29|0.46|-0.17|1.10|0.06|-0.15|0.49|-0.23|0.15|0.20|0.21|0.22
-0.72|0.39|-1.27|-0.42|0.07|0.80|0.69|-0.27|0.13|0.20|-0.13|0.43|0.08|-0.02|-0.00|0.05|-0.33|-0.56|-0.20|0.40|0.39|-0.67|1.04|0.34|-0.17|-0.34|0.19
------ Dim separator ------
0.44|0.37|-0.79|-0.11|0.03|-0.36|-0.58|0.26|1.09|0.11|-0.68|-0.12|0.06|-0.01|0.02|-0.15|0.41|-0.07|-0.50|-0.16|0.48|-0.38|-0.91|0.12|0.53|-1.17|-0.48
-0.38|-0.15|0.09|-0.37|-0.46|0.46|0.75|-0.99|-0.12|0.12|-1.05|-0.07|0.00|0.09|0.08|-0.77|0.11|-0.20|-0.04|-0.25|0.25|-0.33|0.58|0.54|0.31|-0.08|0.06
0.25|0.07|-0.05|0.77|-0.09|-0.29|-0.26|0.39|0.15|-0.12|-0.32|-0.66|0.74|0.03|0.23|-0.06|0.01|0.02|1.11|0.56|0.20|0.21|0.21|-0.20|0.03|0.10|0.15
0.19|-0.12|-0.08|0.73|-0.14|0.37|-0.43|0.38|0.35|0.10|-0.42|0.27|0.14|-0.02|-0.04|0.17|-0.01|0.30|0.88|0.07|-0.15|-1.24|-0.12|0.20|-1.04|0.18|-0.70
0.35|-0.52|-0.54|0.11|-0.88|0.25|-0.35|-1.14|0.53|-0.29|0.13|-0.66|-0.01|-0.03|0.15|-0.64|0.32|-0.21|-0.02|-0.20|0.86|-0.54|0.62|0.05|0.11|-0.78|0.18
------ Dim separator ------
0.62|0.03|0.35|-0.19|-0.21|0.26|0.18|0.10|-0.91|0.37|0.61|0.10|-0.07|0.01|-0.02|0.17|0.32|-0.14|0.09|0.29|-0.21|-1.53|0.11|-0.04|-0.29|0.16|0.25
-0.80|-0.40|0.44|-0.26|0.01|0.12|0.52|-0.65|-0.30|-0.40|0.16|-0.32|0.03|0.06|0.07|-0.38|0.10|0.42|-0.06|-0.19|0.69|0.03|0.13|-0.77|-0.39|0.21|-0.08
0.58|-0.33|0.50|0.77|-0.07|-0.10|0.24|0.24|0.11|0.13|-0.52|-0.09|0.71|0.02|0.02|-0.03|0.26|0.10|0.80|-0.30|-0.33|-0.49|0.14|-0.60|-0.61|0.19|-0.38
0.28|-0.16|-0.62|0.06|-0.01|0.20|-0.56|-0.61|0.24|0.35|-0.39|-0.39|0.80|-0.10|-0.10|-0.09|-0.03|0.03|1.03|-0.16|0.40|-0.64|0.62|-0.04|0.31|0.81|-0.67
-0.21|-0.45|-0.51|-0.67|0.25|0.42|0.34|-0.03|-0.60|0.67|0.06|0.19|-0.08|-0.05|-0.05|0.79|-0.39|-0.63|-0.34|0.41|0.22|0.20|0.50|0.16|0.34|0.34|-0.07
