------ Dim separator ------
-0.57|0.15|0.01|0.37|-0.98|-0.51|0.17|-0.18|-0.05|-0.32|-0.35|-0.51|-0.04|0.03|0.04|-0.27|0.56|0.39|-0.35|-0.55|-0.17|-0.26|0.23|-0.27|0.43|0.03|0.63
-0.12|0.45|-0.22|0.15|0.17|0.33|-0.06|-0.13|0.31|0.06|-0.16|0.20|-0.04|0.01|0.01|-0.25|0.06|-0.28|-0.05|-0.24|-0.21|0.22|0.22|-0.37|0.46|0.12|-0.30
0.88|-0.06|-0.45|0.86|0.58|-0.70|0.34|-0.21|-0.28|0.23|-0.53|-0.48|0.21|0.01|-0.01|-0.02|-0.00|-0.03|1.09|-0.29|-1.06|0.53|-0.23|0.18|-0.54|0.40|-0.94
-0.32|-0.01|0.06|0.34|0.34|-0.44|-0.75|0.08|-0.03|-0.23|-0.99|-0.71|0.04|0.05|0.03|-0.40|0.55|0.06|-0.24|-0.18|0.68|0.54|0.50|0.54|0.16|0.29|-0.26
0.30|0.06|0.15|0.26|0.45|-0.58|-0.65|0.27|0.35|-0.18|-0.24|-0.16|0.01|0.01|0.04|0.03|0.47|-0.12|-0.53|-0.32|-0.22|-0.10|-0.62|-0.25|-0.14|-0.47|-0.40
------ Dim separator ------
-0.34|0.04|0.34|0.81|-0.07|0.53|-0.17|0.49|0.40|-0.04|0.46|0.69|-0.05|0.00|-0.02|0.50|0.69|0.44|-0.26|-0.66|-0.36|0.34|0.16|1.14|-0.95|0.43|0.27
-1.00|0.03|-0.16|-0.41|0.15|0.01|-0.13|0.35|-0.11|0.79|-0.12|0.27|0.03|0.01|-0.02|0.10|-0.55|-0.81|-0.16|0.26|0.17|-0.76|-0.21|-0.25|-0.56|-0.99|0.52
0.21|0.13|-0.60|0.98|0.64|-0.20|-0.32|-0.22|-0.62|-0.13|0.11|-0.54|0.31|-0.01|-0.06|-0.15|0.05|0.03|1.14|-0.40|0.43|0.53|0.02|0.00|0.68|0.24|0.03
0.39|0.87|0.02|0.34|0.01|-0.04|-0.53|-0.07|0.00|-0.38|-0.52|0.27|0.46|0.02|-0.04|-0.06|0.01|0.01|0.95|-0.85|0.75|-0.96|0.15|-0.17|0.70|0.35|0.24
0.11|-0.36|-0.06|0.63|0.51|0.10|-0.15|-0.34|-0.50|0.39|-0.64|-0.17|0.04|-0.05|-0.09|0.06|0.37|-0.62|-0.62|0.32|-0.31|0.52|-0.55|0.46|-1.18|0.72|-0.07
------ Dim separator ------
-0.68|0.58|-0.18|0.38|-0.28|-0.32|0.41|-0.27|0.47|-0.04|0.37|-0.17|-0.03|-0.02|-0.02|0.60|0.25|0.37|-0.28|-0.43|-0.89|-0.08|-0.07|-0.34|0.15|-0.94|0.26
-0.66|-0.31|-0.22|-0.05|0.41|0.33|-0.05|0.17|-0.26|0.22|0.42|0.48|0.03|-0.01|-0.06|-0.41|-0.53|0.58|0.06|0.10|0.80|-0.04|0.11|0.25|0.37|0.63|-1.39
-0.34|-0.11|0.14|0.80|0.06|-0.42|-0.21|0.55|-0.07|-0.57|0.26|0.80|-0.01|0.06|-0.01|-0.22|0.43|-0.52|0.66|-0.22|-0.18|-0.63|-0.05|0.13|0.17|-0.09|0.69
0.10|-0.61|-0.77|0.37|-0.84|0.27|0.58|0.38|0.61|0.39|-0.81|0.31|-0.01|-0.01|-0.06|-0.18|0.51|-0.12|1.04|-0.02|-0.02|0.52|-0.20|0.17|0.23|0.24|0.14
-0.60|0.35|-1.02|-0.60|-0.00|0.69|0.80|-0.33|0.11|0.21|-0.10|0.37|0.05|0.01|0.00|-0.03|-0.33|-0.44|-0.09|0.42|0.42|-0.51|1.00|0.52|-0.16|-0.32|0.10
------ Dim separator ------
0.34|0.47|-0.74|0.01|0.07|-0.29|-0.35|0.19|0.88|0.05|-0.67|0.01|0.08|-0.04|-0.00|0.03|0.57|-0.11|-0.65|-0.15|0.41|-0.35|-0.68|0.15|0.55|-0.98|-0.59
-0.51|-0.06|0.02|-0.31|-0.46|0.31|0.56|-0.93|-0.15|0.14|-0.95|-0.09|-0.15|-0.03|-0.03|-0.59|0.27|-0.01|-0.06|-0.20|0.22|-0.13|0.54|0.40|0.33|-0.00|0.06
0.37|0.05|0.05|0.78|-0.01|-0.32|-0.31|0.29|0.18|-0.14|-0.38|-0.69|0.48|0.06|0.03|0.01|0.03|-0.06|1.00|0.30|0.30|-0.05|0.07|-0.18|0.09|0.19|0.03
0.24|-0.10|-0.14|0.59|-0.18|0.41|-0.24|0.38|0.34|0.00|-0.48|0.23|0.03|-0.03|0.02|0.09|0.07|0.40|0.90|-0.04|-0.17|-1.24|-0.10|0.14|-0.95|0.05|-0.56
0.31|-0.51|-0.47|-0.03|-1.09|0.15|-0.39|-1.04|0.53|-0.34|0.06|-0.59|-0.02|-0.00|-0.07|-0.68|0.32|-0.15|0.20|-0.20|0.80|-0.50|0.54|0.03|0.13|-0.75|0.27
------ Dim separator ------
0.51|-0.08|0.26|-0.29|-0.16|0.25|0.13|0.12|-0.86|0.30|0.34|0.07|0.04|-0.04|-0.01|0.09|0.32|-0.16|0.03|0.35|-0.10|-1.27|0.19|-0.03|-0.23|0.04|0.17
-0.64|-0.45|0.47|-0.24|-0.11|0.10|0.35|-0.57|-0.42|-0.39|0.24|-0.19|-0.03|0.05|0.08|-0.27|0.12|0.30|-0.02|-0.28|0.59|0.02|0.17|-0.73|-0.29|0.22|-0.10
0.44|-0.24|0.46|0.73|-0.19|-0.15|0.26|0.31|0.08|0.17|-0.53|0.11|0.62|0.01|0.02|-0.02|0.28|-0.00|0.57|-0.29|-0.35|-0.54|0.13|-0.58|-0.55|0.25|-0.41
0.58|-0.03|-0.53|0.12|-0.03|0.14|-0.52|-0.44|0.36|0.33|-0.40|-0.43|0.47|-0.01|-0.05|-0.01|0.06|-0.02|0.99|-0.15|0.32|-0.43|0.45|0.07|0.16|0.82|-0.61
-0.25|-0.46|-0.47|-0.69|0.18|0.34|0.38|-0.06|-0.56|0.56|-0.07|0.22|0.01|0.01|-0.01|0.78|-0.35|-0.47|-0.24|0.36|0.15|0.14|0.53|0.12|0.36|0.25|-0.04
