------ Dim separator ------
-0.50|0.16|0.02|0.40|-0.94|-0.50|0.06|-0.10|0.06|-0.32|-0.44|-0.28|-0.04|0.03|-0.05|-0.23|0.43|0.46|-0.34|-0.56|-0.27|-0.29|0.27|-0.26|0.38|-0.08|0.56
-0.13|0.42|-0.20|0.18|0.21|0.30|0.04|-0.16|0.34|-0.00|-0.20|0.06|0.01|-0.01|0.03|-0.24|0.11|-0.25|-0.06|-0.25|-0.21|0.29|0.28|-0.38|0.40|0.12|-0.23
0.80|0.03|-0.47|0.74|0.55|-0.69|0.40|-0.19|-0.38|0.20|-0.59|-0.51|0.34|-0.02|0.02|0.04|0.06|-0.03|0.97|-0.27|-1.09|0.46|-0.22|0.23|-0.47|0.45|-0.93
-0.44|0.03|0.08|0.38|0.29|-0.55|-0.72|0.01|0.02|-0.24|-0.96|-0.60|-0.00|-0.05|-0.00|-0.39|0.61|0.07|-0.17|-0.15|0.56|0.55|0.51|0.54|0.22|0.28|-0.32
0.33|0.04|0.19|0.21|0.39|-0.50|-0.64|0.13|0.37|-0.14|-0.35|-0.21|-0.02|-0.05|-0.03|-0.02|0.46|-0.10|-0.61|-0.22|-0.20|-0.10|-0.70|-0.18|-0.17|-0.34|-0.26
------ Dim separator ------
-0.20|-0.06|0.32|0.83|-0.11|0.48|-0.09|0.51|0.48|0.02|0.54|0.62|-0.06|-0.03|-0.05|0.57|0.64|0.45|-0.25|-0.75|-0.33|0.25|0.09|1.05|-0.93|0.44|0.27
-1.03|-0.03|-0.07|-0.51|0.10|-0.01|0.01|0.29|-0.18|0.78|-0.05|0.20|-0.05|0.02|0.03|0.13|-0.54|-0.80|-0.20|0.20|0.15|-0.76|-0.27|-0.25|-0.54|-0.99|0.53
0.27|0.10|-0.67|0.87|0.68|-0.15|-0.35|-0.14|-0.64|0.04|0.09|-0.51|0.23|0.07|-0.01|-0.17|-0.00|-0.01|1.02|-0.37|0.38|0.47|0.01|-0.00|0.70|0.25|0.08
0.34|0.82|-0.11|0.21|-0.04|-0.01|-0.55|-0.09|-0.05|-0.33|-0.47|0.38|0.52|-0.02|-0.03|0.04|-0.02|0.04|1.03|-0.91|0.77|-0.94|0.20|-0.15|0.58|0.47|0.25
0.04|-0.25|-0.08|0.63|0.58|0.11|-0.13|-0.34|-0.51|0.47|-0.65|-0.24|0.02|0.06|0.02|0.15|0.48|-0.53|-0.67|0.38|-0.29|0.45|-0.59|0.62|-1.21|0.72|0.00
------ Dim separator ------
-0.63|0.60|-0.25|0.47|-0.32|-0.26|0.42|-0.28|0.56|-0.01|0.36|-0.15|-0.07|-0.01|-0.02|0.57|0.20|0.40|-0.27|-0.44|-0.89|-0.12|-0.13|-0.29|0.16|-0.82|0.25
-0.55|-0.33|-0.22|-0.01|0.33|0.21|0.00|0.16|-0.21|0.14|0.48|0.44|0.06|-0.03|0.03|-0.38|-0.59|0.66|0.13|0.11|0.74|-0.20|0.11|0.24|0.41|0.65|-1.43
-0.34|-0.17|0.17|0.80|0.10|-0.50|-0.27|0.44|-0.14|-0.56|0.14|0.75|0.03|-0.11|-0.05|-0.21|0.31|-0.58|0.62|-0.37|-0.26|-0.64|-0.00|0.05|0.14|-0.03|0.71
0.10|-0.60|-0.66|0.47|-0.73|0.29|0.59|0.49|0.64|0.39|-0.79|0.37|-0.04|-0.07|-0.05|-0.20|0.41|-0.18|1.06|0.01|0.08|0.51|-0.29|0.16|0.18|0.39|0.14
-0.70|0.42|-0.96|-0.52|0.05|0.67|0.77|-0.31|0.12|0.25|-0.18|0.38|-0.01|-0.01|-0.05|-0.03|-0.32|-0.37|-0.12|0.40|0.45|-0.50|1.04|0.53|-0.15|-0.37|-0.02
------ Dim separator ------
0.36|0.44|-0.81|-0.02|0.19|-0.26|-0.42|0.20|0.96|-0.08|-0.72|-0.05|0.02|0.05|0.08|-0.08|0.43|-0.11|-0.59|-0.06|0.48|-0.43|-0.79|0.12|0.65|-0.98|-0.57
-0.49|-0.13|-0.00|-0.37|-0.49|0.42|0.57|-1.02|-0.14|0.10|-0.98|-0.02|0.01|0.04|-0.03|-0.70|0.28|-0.03|-0.22|-0.33|0.17|-0.23|0.47|0.41|0.39|-0.03|0.06
0.53|-0.08|-0.00|0.69|0.01|-0.30|-0.41|0.25|0.28|-0.16|-0.34|-0.72|0.47|0.02|-0.06|-0.03|0.09|-0.08|1.01|0.46|0.24|0.05|0.06|-0.17|0.10|0.21|-0.04
0.18|-0.03|-0.16|0.64|-0.09|0.50|-0.37|0.29|0.30|0.07|-0.50|0.32|0.00|-0.02|0.03|0.12|-0.12|0.34|0.77|-0.01|-0.20|-1.33|-0.16|0.17|-0.98|0.03|-0.57
0.43|-0.34|-0.45|-0.05|-1.14|0.21|-0.27|-1.01|0.55|-0.37|0.08|-0.59|-0.03|0.08|0.10|-0.70|0.28|-0.18|0.14|-0.02|0.78|-0.54|0.45|0.08|0.13|-0.74|0.32
------ Dim separator ------
0.52|-0.11|0.23|-0.32|-0.13|0.22|0.22|0.12|-0.85|0.33|0.45|0.12|-0.07|0.01|0.07|0.13|0.31|-0.06|0.06|0.37|-0.11|-1.33|0.10|0.05|-0.35|0.11|0.23
-0.75|-0.45|0.46|-0.22|-0.14|0.18|0.35|-0.51|-0.59|-0.15|0.18|-0.34|-0.00|-0.01|-0.04|-0.26|0.35|0.46|0.04|-0.28|0.57|-0.03|0.17|-0.74|-0.40|0.37|-0.14
0.62|-0.35|0.47|0.77|-0.15|-0.21|0.10|0.32|-0.04|0.15|-0.47|0.18|0.91|-0.01|-0.00|0.05|0.46|-0.08|0.55|-0.33|-0.43|-0.44|0.04|-0.68|-0.56|0.26|-0.45
0.69|-0.03|-0.52|0.28|-0.03|0.21|-0.68|-0.45|0.27|0.46|-0.37|-0.45|0.52|0.00|0.03|0.05|-0.02|0.00|0.90|-0.17|0.37|-0.49|0.45|0.15|0.22|0.84|-0.56
-0.19|-0.47|-0.51|-0.66|0.20|0.53|0.45|-0.10|-0.59|0.55|0.07|0.22|0.01|-0.03|0.03|0.78|-0.32|-0.43|-0.22|0.26|0.15|0.17|0.53|0.10|0.44|0.20|-0.20
