------ Dim separator ------
-0.41|0.17|-0.02|0.38|-0.82|-0.61|0.16|0.01|-0.03|-0.25|-0.39|-0.44|0.07|0.05|0.03|-0.21|0.41|0.37|-0.49|-0.58|-0.20|-0.23|0.23|-0.31|0.36|-0.06|0.56
-0.20|0.46|-0.26|0.14|0.14|0.25|0.06|-0.04|0.18|0.07|-0.22|0.19|0.02|0.08|-0.03|-0.28|0.02|-0.27|-0.02|-0.21|-0.15|0.29|0.18|-0.28|0.48|0.06|-0.26
0.78|-0.02|-0.45|0.79|0.60|-0.59|0.27|-0.09|-0.37|0.19|-0.44|-0.32|0.36|0.05|-0.05|0.01|-0.03|-0.00|1.05|-0.32|-1.03|0.55|-0.19|0.29|-0.46|0.36|-0.94
-0.39|-0.01|0.03|0.28|0.30|-0.52|-0.65|0.07|-0.02|-0.22|-0.95|-0.62|-0.09|-0.04|0.05|-0.43|0.59|0.03|-0.03|-0.26|0.69|0.55|0.59|0.55|0.24|0.28|-0.31
0.32|0.01|0.10|0.11|0.45|-0.45|-0.69|0.10|0.38|-0.08|-0.17|-0.18|-0.03|0.01|-0.07|0.02|0.38|-0.13|-0.60|-0.27|-0.23|-0.12|-0.66|-0.14|-0.14|-0.50|-0.27
------ Dim separator ------
-0.33|0.01|0.36|0.71|-0.06|0.45|-0.16|0.56|0.37|0.08|0.47|0.64|-0.03|0.06|-0.04|0.57|0.75|0.36|-0.29|-0.75|-0.28|0.34|0.15|1.02|-0.82|0.41|0.26
-0.93|0.01|-0.19|-0.32|0.14|0.01|-0.10|0.29|-0.16|0.84|-0.08|0.21|0.03|-0.02|-0.06|0.12|-0.55|-0.77|-0.21|0.25|0.14|-0.74|-0.17|-0.28|-0.50|-1.00|0.40
0.25|0.11|-0.59|0.83|0.64|-0.17|-0.29|-0.08|-0.57|-0.19|0.14|-0.46|0.19|-0.04|0.06|-0.11|-0.04|0.01|1.03|-0.38|0.33|0.47|0.02|-0.08|0.64|0.27|0.06
0.66|0.78|-0.10|0.09|-0.04|-0.02|-0.58|-0.11|-0.11|-0.34|-0.50|0.33|0.51|0.03|0.03|-0.05|0.02|-0.02|0.95|-0.82|0.77|-0.92|0.14|-0.08|0.62|0.42|0.17
0.09|-0.31|-0.08|0.58|0.46|0.01|-0.18|-0.40|-0.43|0.53|-0.49|-0.16|-0.03|-0.08|0.01|0.18|0.40|-0.49|-0.60|0.37|-0.38|0.46|-0.37|0.48|-1.18|0.61|0.09
------ Dim separator ------
-0.61|0.60|-0.19|0.39|-0.27|-0.40|0.39|-0.30|0.52|0.04|0.46|-0.18|0.05|-0.04|0.05|0.63|0.32|0.33|-0.26|-0.52|-0.85|-0.13|-0.06|-0.22|0.08|-0.89|0.12
-0.46|-0.17|-0.27|-0.04|0.42|0.23|-0.04|0.29|-0.20|0.07|0.33|0.53|-0.04|0.02|0.05|-0.45|-0.54|0.61|0.18|0.08|0.86|-0.19|0.10|0.27|0.43|0.69|-1.32
-0.48|-0.00|0.27|0.70|0.06|-0.42|-0.27|0.46|-0.09|-0.52|0.19|0.72|0.04|0.00|0.02|-0.18|0.34|-0.60|0.60|-0.27|-0.27|-0.58|-0.01|0.24|0.20|0.02|0.62
0.14|-0.62|-0.59|0.39|-0.86|0.24|0.56|0.32|0.62|0.33|-0.85|0.36|0.02|0.03|0.07|-0.14|0.36|-0.10|1.05|0.04|0.02|0.58|-0.39|0.24|0.22|0.36|0.20
-0.60|0.32|-0.85|-0.56|-0.07|0.59|0.75|-0.25|-0.01|0.35|-0.20|0.39|0.01|-0.03|0.00|0.03|-0.33|-0.37|-0.13|0.39|0.37|-0.35|0.87|0.43|-0.25|-0.41|0.13
------ Dim separator ------
0.34|0.48|-0.86|-0.01|0.13|-0.24|-0.40|0.20|0.88|-0.05|-0.66|-0.03|-0.07|0.00|0.00|0.05|0.53|-0.11|-0.69|-0.04|0.48|-0.30|-0.59|0.09|0.65|-0.91|-0.57
-0.52|-0.02|0.01|-0.27|-0.49|0.27|0.57|-1.00|-0.07|0.08|-0.87|0.01|0.01|-0.05|-0.06|-0.62|0.26|-0.06|-0.26|-0.19|0.04|-0.07|0.49|0.26|0.39|0.07|-0.01
0.54|-0.17|-0.09|0.74|-0.01|-0.15|-0.40|0.27|0.21|-0.19|-0.25|-0.72|0.52|-0.03|0.02|0.03|-0.01|-0.04|0.93|0.27|0.40|-0.14|-0.06|-0.26|0.10|0.22|0.04
0.24|-0.05|-0.26|0.59|-0.12|0.48|-0.22|0.32|0.31|0.01|-0.48|0.19|-0.08|0.02|0.01|0.20|-0.10|0.22|0.77|-0.11|-0.19|-1.26|-0.12|0.16|-0.91|-0.12|-0.48
0.39|-0.25|-0.51|-0.16|-1.03|0.13|-0.42|-0.96|0.59|-0.37|0.06|-0.47|-0.01|-0.03|-0.07|-0.65|0.39|-0.14|0.10|-0.00|0.93|-0.49|0.41|0.27|0.16|-0.68|0.34
------ Dim separator ------
0.49|-0.17|0.24|-0.26|-0.11|0.07|0.21|0.14|-0.88|0.19|0.42|0.07|0.04|0.00|-0.06|0.13|0.39|-0.14|0.07|0.30|-0.15|-1.23|0.12|0.08|-0.26|0.17|0.21
-0.71|-0.43|0.37|-0.29|-0.17|0.15|0.31|-0.46|-0.62|-0.27|0.29|-0.24|-0.03|-0.03|-0.04|-0.26|0.24|0.22|0.00|-0.36|0.51|-0.12|0.22|-0.65|-0.29|0.25|-0.16
0.39|-0.29|0.51|0.64|-0.03|-0.24|0.22|0.41|-0.07|0.18|-0.43|0.17|0.66|-0.00|0.05|-0.03|0.32|-0.01|0.65|-0.28|-0.50|-0.33|-0.01|-0.65|-0.57|0.23|-0.36
0.84|0.02|-0.51|0.32|-0.02|0.28|-0.54|-0.40|0.37|0.36|-0.32|-0.41|0.52|0.02|0.07|0.07|0.05|-0.06|0.99|-0.21|0.26|-0.53|0.40|0.11|0.15|0.75|-0.62
-0.27|-0.31|-0.47|-0.66|0.21|0.43|0.47|-0.06|-0.63|0.55|-0.05|0.19|0.03|0.03|0.00|0.82|-0.17|-0.32|-0.25|0.18|0.12|0.11|0.52|0.17|0.39|0.39|-0.10
