------ Dim separator ------
-0.38|0.17|0.02|0.41|-0.85|-0.54|0.17|-0.01|-0.07|-0.25|-0.38|-0.38|0.10|0.02|0.09|-0.24|0.37|0.35|-0.42|-0.54|-0.20|-0.24|0.26|-0.27|0.34|-0.08|0.49
-0.19|0.46|-0.27|0.12|0.17|0.23|0.09|-0.11|0.20|-0.00|-0.22|0.19|0.04|0.06|-0.00|-0.18|0.03|-0.24|-0.03|-0.23|-0.09|0.34|0.16|-0.35|0.47|0.05|-0.23
0.74|0.00|-0.45|0.74|0.61|-0.59|0.30|-0.03|-0.39|0.19|-0.42|-0.33|0.41|0.00|-0.04|-0.03|0.01|-0.01|1.02|-0.30|-1.03|0.53|-0.26|0.26|-0.40|0.35|-0.91
-0.41|0.04|0.05|0.31|0.30|-0.55|-0.69|0.05|-0.08|-0.21|-0.94|-0.61|-0.05|-0.11|0.01|-0.44|0.57|0.06|-0.08|-0.24|0.70|0.49|0.63|0.52|0.20|0.26|-0.29
0.33|-0.00|0.08|0.16|0.39|-0.49|-0.67|0.14|0.40|-0.09|-0.28|-0.22|-0.10|0.07|-0.05|0.01|0.42|-0.08|-0.59|-0.27|-0.18|-0.09|-0.67|-0.20|-0.12|-0.45|-0.26
------ Dim separator ------
-0.35|-0.04|0.32|0.72|-0.04|0.45|-0.17|0.57|0.41|0.07|0.49|0.64|-0.06|0.03|-0.09|0.55|0.69|0.38|-0.27|-0.76|-0.28|0.29|0.16|0.95|-0.80|0.38|0.27
-0.98|-0.01|-0.10|-0.37|0.16|0.05|-0.13|0.25|-0.16|0.86|-0.08|0.22|0.02|-0.04|0.01|0.10|-0.57|-0.81|-0.19|0.23|0.10|-0.75|-0.16|-0.29|-0.50|-0.99|0.43
0.25|0.13|-0.59|0.86|0.63|-0.13|-0.27|-0.10|-0.61|-0.15|0.08|-0.46|0.13|-0.11|0.07|-0.13|0.01|0.05|1.01|-0.36|0.36|0.42|0.01|-0.06|0.67|0.20|0.10
0.71|0.77|-0.14|0.07|-0.09|-0.07|-0.62|-0.14|-0.12|-0.28|-0.48|0.35|0.56|0.01|0.02|-0.00|-0.04|-0.03|1.00|-0.77|0.76|-0.84|0.15|-0.05|0.56|0.42|0.20
0.05|-0.29|-0.03|0.62|0.43|0.02|-0.18|-0.41|-0.42|0.51|-0.52|-0.14|0.02|-0.01|0.03|0.22|0.41|-0.41|-0.58|0.39|-0.39|0.43|-0.43|0.47|-1.18|0.62|0.12
------ Dim separator ------
-0.61|0.63|-0.20|0.37|-0.31|-0.36|0.42|-0.29|0.54|0.05|0.49|-0.23|0.01|-0.04|0.04|0.59|0.28|0.47|-0.23|-0.51|-0.82|-0.08|-0.09|-0.17|0.11|-0.90|0.15
-0.47|-0.23|-0.32|0.00|0.38|0.21|0.02|0.29|-0.14|0.10|0.39|0.54|-0.04|0.04|0.06|-0.47|-0.51|0.59|0.16|0.09|0.75|-0.23|0.05|0.27|0.45|0.69|-1.34
-0.47|-0.00|0.22|0.66|0.09|-0.43|-0.26|0.38|-0.08|-0.57|0.13|0.75|0.05|-0.04|0.02|-0.21|0.34|-0.62|0.60|-0.35|-0.25|-0.59|0.01|0.22|0.16|-0.00|0.63
0.18|-0.56|-0.61|0.43|-0.81|0.29|0.50|0.28|0.64|0.41|-0.81|0.38|0.03|0.03|0.10|-0.15|0.38|-0.14|1.06|0.04|0.06|0.51|-0.40|0.27|0.20|0.35|0.15
-0.66|0.29|-0.82|-0.58|-0.10|0.58|0.76|-0.27|-0.00|0.30|-0.14|0.36|-0.05|-0.02|0.01|0.00|-0.32|-0.30|-0.14|0.36|0.37|-0.34|0.95|0.44|-0.22|-0.41|0.14
------ Dim separator ------
0.35|0.47|-0.85|0.00|0.11|-0.24|-0.34|0.18|0.88|-0.07|-0.67|0.01|-0.06|0.03|0.00|0.03|0.50|-0.12|-0.67|0.01|0.51|-0.33|-0.64|0.12|0.68|-0.87|-0.59
-0.53|-0.02|-0.03|-0.28|-0.45|0.29|0.50|-1.04|-0.10|0.10|-0.89|-0.03|0.02|-0.04|-0.02|-0.61|0.30|-0.01|-0.29|-0.21|0.07|-0.07|0.47|0.29|0.35|0.05|-0.00
0.59|-0.20|-0.11|0.75|-0.02|-0.18|-0.41|0.29|0.26|-0.18|-0.28|-0.73|0.54|-0.02|-0.08|0.03|0.01|-0.02|0.90|0.30|0.38|-0.16|-0.09|-0.24|0.09|0.24|-0.01
0.25|-0.02|-0.27|0.51|-0.04|0.52|-0.26|0.29|0.27|-0.05|-0.46|0.20|-0.13|-0.01|0.02|0.15|-0.13|0.26|0.79|-0.10|-0.16|-1.23|-0.11|0.16|-0.92|-0.08|-0.47
0.39|-0.20|-0.47|-0.15|-1.11|0.13|-0.37|-0.91|0.61|-0.43|0.04|-0.48|0.01|-0.04|-0.08|-0.67|0.34|-0.13|0.10|-0.00|0.93|-0.49|0.39|0.24|0.16|-0.66|0.32
------ Dim separator ------
0.43|-0.12|0.22|-0.30|-0.09|0.10|0.24|0.12|-0.83|0.23|0.41|0.04|0.06|-0.01|-0.01|0.08|0.36|-0.09|0.07|0.30|-0.12|-1.22|0.12|0.08|-0.29|0.16|0.23
-0.76|-0.46|0.38|-0.31|-0.19|0.19|0.32|-0.49|-0.64|-0.18|0.35|-0.26|-0.01|-0.04|-0.05|-0.24|0.28|0.25|0.01|-0.34|0.54|-0.14|0.17|-0.65|-0.37|0.24|-0.12
0.45|-0.24|0.53|0.69|-0.07|-0.25|0.20|0.44|-0.15|0.14|-0.41|0.24|0.74|-0.00|-0.01|0.05|0.31|-0.02|0.64|-0.25|-0.47|-0.38|0.08|-0.67|-0.49|0.24|-0.35
0.88|0.05|-0.48|0.36|-0.02|0.26|-0.59|-0.38|0.36|0.41|-0.34|-0.35|0.44|0.05|0.05|0.08|0.05|-0.01|0.93|-0.23|0.23|-0.53|0.38|0.16|0.09|0.79|-0.55
-0.26|-0.38|-0.43|-0.61|0.20|0.43|0.43|-0.14|-0.61|0.58|-0.01|0.21|0.06|0.03|-0.01|0.80|-0.25|-0.37|-0.24|0.21|0.11|0.14|0.57|0.13|0.43|0.35|-0.14
