------ Dim separator ------
1.31|0.08|-1.92|0.66|-1.78|1.16|-0.75|-0.22|0.12|1.24|0.35|0.18|-0.17|-0.61|0.17|-1.01|-0.01|-1.17|-0.97|-0.42|-0.56|0.29|0.19|-1.45|-1.68|0.78|-0.04
1.11|-0.31|-0.43|-1.14|-2.37|-0.77|-1.12|-0.68|-0.24|-0.43|-0.11|0.06|1.32|-0.99|1.55|0.32|-1.42|0.41|0.51|-0.36|0.01|-0.68|-0.78|0.71|-0.39|-2.00|-0.24
0.76|1.55|0.25|-1.34|-1.08|-0.19|1.02|-0.54|-0.27|1.39|0.41|-1.33|0.37|0.78|-1.17|0.85|0.56|-0.48|-0.82|0.07|-1.65|-0.58|1.43|-1.51|-0.12|-1.33|-0.85
-0.88|1.69|-1.71|-0.25|-2.01|0.14|0.12|0.70|0.52|-1.09|0.73|1.05|-0.20|0.07|0.35|-0.40|1.52|-0.68|-1.10|1.33|0.23|0.33|-0.92|-0.63|0.07|0.39|1.51
0.43|1.18|1.19|0.43|0.99|0.75|0.10|-0.14|0.07|0.65|-0.82|0.13|0.71|-0.51|-0.82|-0.70|0.92|0.18|0.49|-1.02|0.22|0.59|-0.43|-0.82|-0.37|-0.89|1.93
------ Dim separator ------
0.72|-1.67|-0.19|-0.29|-0.08|-0.91|1.10|-0.57|0.37|-1.59|0.24|1.02|0.65|-0.79|-0.07|-0.25|-1.76|-0.48|0.29|-1.02|0.43|0.14|-0.02|0.87|0.93|-1.14|1.09
-0.39|0.11|0.69|1.63|-0.81|0.26|0.36|0.69|-0.12|0.88|1.09|-1.78|0.55|-0.28|0.97|1.27|0.01|-1.42|-1.40|1.59|-0.08|-0.58|-0.59|0.88|0.75|0.39|0.53
-1.80|0.47|-1.08|-0.51|-0.09|0.76|0.32|-0.62|-0.34|0.10|0.31|-0.19|0.90|-0.57|0.39|-0.90|-0.57|0.56|-1.33|0.28|-1.26|0.30|-0.28|-0.92|-0.72|1.34|0.07
-0.07|0.81|1.03|0.90|0.52|-0.73|0.32|0.58|-1.19|0.19|1.54|-0.95|1.21|1.20|-0.25|-1.57|0.14|0.92|-0.55|-0.24|1.04|-0.28|0.52|1.01|-1.15|0.38|0.56
2.17|0.69|0.34|1.59|-1.17|-1.42|-0.87|1.03|0.68|0.25|1.18|1.20|0.85|-0.96|0.80|2.10|0.43|-0.27|-0.40|-0.25|1.19|1.14|0.10|0.41|-0.69|0.23|-0.71
------ Dim separator ------
0.46|-0.35|-1.40|0.35|-0.72|-0.16|0.20|-1.37|-0.31|-0.76|0.39|0.80|-1.23|-0.32|-0.85|-0.79|0.60|0.09|-1.03|-0.19|-1.00|-0.86|0.41|-0.29|-0.15|0.09|0.94
0.63|1.50|-0.55|0.58|-0.18|-0.99|0.62|1.27|-0.65|-1.13|0.51|0.86|0.02|-0.63|-0.57|-0.79|-0.06|-2.45|1.54|-0.03|-0.36|0.99|1.86|0.20|0.74|0.84|1.13
0.62|-0.96|0.53|-0.70|2.46|-0.53|-1.23|-1.50|-0.95|1.27|-1.74|-0.99|-1.73|0.44|-0.77|1.63|-0.23|0.68|-1.35|0.13|0.54|0.69|0.70|0.20|-0.53|0.63|0.28
0.23|0.65|0.45|-0.35|-0.96|-0.61|-0.62|0.38|1.75|0.27|1.35|0.61|0.81|1.69|0.52|0.86|1.45|-1.25|0.91|-0.75|-1.34|0.40|-2.15|-1.21|0.48|-0.32|-0.46
-0.36|-0.34|-0.44|0.41|-0.80|0.53|0.01|-0.94|1.38|-0.52|0.52|-0.04|-1.52|0.57|0.31|-1.27|-0.40|-0.17|0.65|-0.57|0.15|0.48|-1.47|1.48|-0.97|-0.33|-0.35
------ Dim separator ------
1.11|-0.16|1.04|-0.27|-1.07|1.52|-0.64|0.51|-0.41|0.78|0.63|0.02|-1.60|-0.40|0.02|-0.99|0.71|-0.02|1.46|0.55|-0.16|-0.35|-0.39|0.27|-1.15|-0.95|0.76
0.13|-0.57|0.59|-0.97|-0.57|-0.53|-1.31|-0.23|-1.16|-1.17|0.28|0.20|0.60|0.85|-1.27|0.84|0.97|0.28|0.89|2.23|2.09|-0.99|0.92|-0.22|-1.71|-0.44|0.43
-1.29|-0.79|0.58|-0.51|-1.64|0.23|-0.78|1.73|-0.84|-0.77|-1.27|0.59|-0.94|1.42|0.97|-1.43|0.68|-0.11|0.36|1.18|-0.96|1.00|-0.54|-1.72|-1.69|-0.68|1.94
-0.80|-0.12|1.82|0.63|0.31|-0.74|0.50|-0.56|0.43|0.15|-0.23|1.38|-0.54|-1.10|0.53|-0.43|0.25|-0.78|1.75|0.80|0.12|0.14|-0.95|-0.40|-0.92|-0.77|0.76
-0.91|1.31|-1.21|0.48|-1.99|0.84|-0.14|0.59|-1.64|-0.72|0.44|0.40|-1.35|1.71|0.11|-0.06|-0.79|0.77|0.27|0.05|0.17|-0.72|1.47|1.51|-1.29|-0.84|-1.57
------ Dim separator ------
-0.65|0.42|0.10|0.28|-0.73|1.77|-0.29|-1.27|-0.93|-0.34|-0.50|0.46|0.74|0.69|-0.11|-0.50|0.20|-0.71|-0.51|0.41|-0.34|-0.80|0.49|0.27|0.55|1.03|1.21
-0.04|-0.53|0.08|-0.68|-0.34|0.10|0.99|2.11|1.00|1.46|0.58|-0.58|-0.48|-0.68|1.40|0.27|-1.13|-0.51|0.53|0.84|0.32|0.00|1.18|1.20|1.05|-2.21|-1.04
-1.88|-1.82|-0.29|-0.98|-0.26|0.11|-0.33|1.78|0.59|0.03|-0.90|-0.86|-0.41|0.05|1.83|-0.48|1.39|0.68|0.36|0.72|-0.36|-0.04|0.73|0.55|-1.36|0.74|-0.83
0.09|1.20|1.02|1.05|-0.01|0.35|-0.40|1.54|-0.37|0.44|-1.29|1.02|-0.15|-0.53|-0.46|0.34|0.89|-0.37|1.46|-0.37|1.15|-0.96|0.26|-1.43|-0.70|-0.09|0.09
-0.40|1.00|1.33|0.09|0.07|0.49|-0.33|-0.18|-0.15|1.64|-0.53|-0.29|-0.17|-0.58|-0.88|-0.35|-0.60|-0.56|-0.39|-0.03|0.82|-1.39|0.34|0.53|-1.05|1.41|0.29
