------ Dim separator ------
-0.31|-0.32|1.37|2.55|0.27|3.25|-0.84|-0.79|-0.78|-0.68|0.72|1.83|-0.83|0.65|-0.60|1.08|0.72|1.78|-0.29|-0.68|0.99|0.25|-0.92|1.43|-0.15|-0.59|-0.04
-0.31|0.53|0.42|1.37|-0.28|-0.41|1.20|-1.84|-0.56|0.41|0.49|-0.34|0.43|0.49|0.23|0.06|1.30|-1.66|1.46|-0.52|-0.04|-0.66|-0.75|0.99|1.64|0.63|1.91
0.43|-1.14|-0.21|-0.79|1.89|-0.98|1.09|-0.76|0.58|0.44|0.23|-1.09|0.60|-0.78|-0.44|0.25|-1.06|-0.39|-1.68|-0.82|0.51|-0.99|-0.14|0.01|1.24|1.28|0.21
-0.87|1.77|-0.56|1.77|1.00|0.50|0.26|1.11|0.53|0.28|0.41|0.71|0.05|-1.31|0.30|-0.10|-1.05|-1.19|-0.82|0.35|-0.78|1.36|-0.58|0.92|-0.97|1.07|-0.16
0.43|0.20|-0.46|0.81|0.60|-1.77|0.04|0.73|-1.57|0.44|-0.46|1.40|0.68|-2.19|-0.56|0.20|0.89|-0.63|0.49|-0.10|-1.61|-0.68|-0.03|0.10|1.84|0.49|0.06
------ Dim separator ------
1.31|-0.63|-1.17|-0.98|-0.08|1.25|0.56|-0.32|0.55|0.29|0.80|0.69|-1.58|-1.00|0.31|0.37|1.89|0.81|-0.95|0.68|-0.83|1.14|0.82|0.24|-0.18|0.09|-1.12
-1.11|1.44|-1.22|1.33|-1.02|-0.82|0.56|-0.28|0.20|0.85|0.50|-1.74|0.47|0.88|0.63|0.04|-1.20|0.02|0.37|0.87|0.06|1.77|0.21|-1.21|-0.04|1.75|-2.72
-0.71|0.40|0.13|0.16|1.36|-1.96|1.05|-1.65|-1.11|0.20|0.59|0.06|1.10|2.72|1.02|-0.44|-1.27|0.38|0.59|0.82|0.06|1.52|-0.55|0.54|-0.53|0.09|0.23
0.96|0.32|-1.36|0.15|-0.34|-0.60|1.10|0.02|0.98|1.95|0.09|-0.46|0.84|0.10|-1.57|-0.80|-0.22|1.89|0.88|0.86|-0.95|-0.94|0.05|-0.65|-0.14|0.19|-2.44
-0.93|-0.42|-0.52|-0.81|0.30|-1.23|0.66|-1.87|0.31|0.80|-0.25|-1.39|0.76|0.22|0.73|1.16|-0.99|0.50|-0.78|-0.97|0.88|-0.19|-0.67|-0.04|0.35|1.78|0.31
------ Dim separator ------
-0.84|0.94|-0.90|-1.24|-1.18|-1.11|0.98|1.04|-0.81|-0.78|-1.01|0.93|-1.88|0.92|-0.30|-0.47|0.55|0.30|0.79|-0.37|0.06|-0.04|-0.43|-1.54|-0.95|0.15|-0.52
0.91|0.91|0.20|0.34|0.42|1.01|-0.13|0.99|0.33|-2.01|0.58|0.37|1.27|0.75|0.03|-0.22|-0.18|0.38|2.06|0.31|-1.16|-0.33|0.78|-0.02|-0.09|-1.23|0.35
0.34|-1.03|0.92|0.47|-0.72|1.37|-0.93|-0.80|0.93|-0.76|-1.10|-0.62|-0.72|-0.68|0.04|-0.89|-2.19|-0.70|0.40|-1.17|1.88|0.50|-1.06|-0.36|1.14|0.48|-1.79
0.47|1.31|0.52|0.07|-0.38|0.30|-1.22|1.10|-0.00|0.52|0.50|0.49|-0.50|0.15|-0.45|-1.78|0.91|-1.56|-2.67|0.16|0.10|2.04|0.05|1.67|-0.47|0.77|-1.90
-0.76|1.72|0.82|-0.79|0.30|0.20|0.42|-1.18|-0.95|0.27|-2.07|-1.33|0.55|1.41|0.09|-0.45|-1.09|0.73|0.21|1.66|-1.79|0.97|-0.61|-0.00|-0.90|-0.67|0.17
------ Dim separator ------
0.53|-0.80|0.32|-0.23|0.36|-0.63|-1.16|0.92|-3.15|-0.52|0.50|2.33|-1.35|1.13|1.45|1.75|1.83|-1.04|1.67|2.90|-1.75|2.07|0.17|-0.69|0.40|-0.36|-0.04
0.01|-0.89|0.72|-0.99|0.29|-1.26|1.08|0.04|0.98|-0.01|-0.59|-2.25|0.68|1.10|-0.19|-1.45|-0.91|-0.39|-0.10|0.44|0.85|-0.10|-1.96|0.33|0.02|0.71|-0.47
-0.88|1.34|0.61|-0.37|0.20|0.12|-0.20|1.63|-0.81|1.09|0.97|0.40|1.60|-2.14|-0.66|-0.11|0.44|-0.82|1.60|-1.17|2.64|0.51|0.16|0.82|-0.10|-0.80|1.21
3.70|0.26|-0.51|-0.66|-1.88|-0.72|-0.26|-0.22|1.21|-0.12|0.62|-0.14|0.53|-0.50|-0.98|-0.65|-0.29|-0.94|-2.45|-0.72|-2.41|-1.61|-1.42|0.33|1.48|1.01|0.37
-0.99|-1.12|0.37|0.30|0.20|0.30|-0.12|-0.04|1.28|-0.59|-0.26|-0.20|-0.51|-0.91|0.41|-0.59|-0.62|0.33|-1.79|1.50|1.66|0.74|-0.46|0.46|-0.97|0.14|0.39
------ Dim separator ------
-2.02|0.19|-0.43|-0.43|2.22|-0.64|-1.50|0.62|0.05|-0.81|-0.63|-0.53|1.45|-0.32|-0.98|0.32|-0.20|1.22|0.05|-0.41|-0.39|-1.64|-0.77|0.77|0.24|-1.31|0.43
-1.05|-0.43|-1.36|-0.27|-1.49|-0.01|0.31|-0.67|-0.61|-0.17|-0.34|0.98|0.96|-0.39|-1.00|1.59|0.90|0.48|-0.96|0.61|0.61|-0.97|-0.30|-0.95|-2.06|0.89|-0.97
0.37|0.71|-0.29|-0.45|-0.28|-2.37|-0.50|-0.51|-0.99|-1.51|-0.50|0.04|-0.25|2.00|0.89|-0.49|-0.87|0.31|0.21|1.78|1.42|0.81|0.12|-0.70|-0.73|-1.06|-1.17
0.28|-1.03|-0.82|0.80|-0.02|0.01|0.09|-0.85|-0.05|1.58|-0.51|0.35|0.37|-1.69|0.57|0.31|-0.35|-0.71|-0.79|-2.05|-0.45|1.77|0.04|-0.11|2.11|0.21|-1.55
-0.07|-1.51|-1.03|-0.58|-1.19|-0.85|-0.04|-0.66|0.40|-0.24|0.54|2.00|0.33|1.51|1.91|1.12|-0.29|-0.28|-1.07|-1.02|0.66|-2.00|1.34|0.13|-0.53|-0.60|-0.42
