------ Dim separator ------
-0.88|-0.51|-0.17|-0.17|0.46|-0.32|0.83|1.21|0.78|0.36|0.29|0.60|1.26|0.53|-0.83|-1.61|0.20|-1.10|-0.81|-0.44|1.12|0.07|0.40|0.11|-1.10|0.91|0.34
0.49|-0.01|0.22|-0.53|-0.56|0.97|0.44|1.46|-0.24|0.16|-0.16|0.11|-0.15|-0.83|0.04|0.29|1.07|0.00|-0.21|0.87|-0.22|0.10|0.16|-1.43|0.47|-0.02|1.08
-1.12|-1.55|0.38|-0.75|-0.15|0.11|-0.50|0.40|-1.21|-0.01|0.04|0.16|-1.20|-0.91|0.57|-0.18|-0.70|0.20|1.55|-1.40|-0.69|0.28|0.64|-0.87|0.32|0.71|0.54
-0.50|-1.33|-0.32|0.31|-0.27|-0.63|0.42|-0.48|-0.01|-0.91|1.40|-0.71|1.06|0.59|0.62|1.59|0.48|-0.28|-0.29|-1.58|-0.03|-0.01|-1.21|0.16|0.39|-0.73|0.98
-0.17|0.02|-0.52|0.18|0.61|-0.75|-0.38|0.11|-0.31|0.40|1.02|-0.41|0.65|-1.28|0.28|-1.00|-0.19|1.66|-0.17|-0.76|0.10|-0.12|1.00|0.52|0.11|-1.02|0.25
------ Dim separator ------
0.24|0.00|-1.19|0.31|-0.10|0.06|-0.21|0.30|-0.09|1.59|0.54|0.91|0.87|-0.36|1.36|-0.10|0.45|-1.12|1.45|0.40|0.53|-0.23|-0.63|0.10|-0.52|-0.74|0.51
0.05|0.47|-0.06|0.26|-0.34|-1.37|-0.47|-0.55|0.75|-0.15|-0.09|0.10|-0.23|-0.45|0.12|-0.65|-0.96|-1.23|1.00|0.52|0.66|-0.41|-0.27|0.27|-0.44|-0.21|-0.85
0.21|-0.10|0.87|-0.37|-0.05|-0.17|-0.61|-1.21|0.52|-0.57|-0.22|-0.54|0.49|0.45|-0.18|-0.28|-0.59|0.23|-0.68|-0.79|0.63|0.85|-0.35|0.68|0.20|-0.92|0.21
-0.28|-1.41|0.22|-0.01|0.85|-0.11|-0.16|-1.10|-0.28|0.16|-0.83|1.15|-0.32|-0.08|0.46|-0.51|0.71|-0.24|0.63|0.28|-0.13|-0.23|-1.15|1.21|0.71|-0.92|-0.72
-0.12|0.45|0.10|0.17|-0.40|-0.07|1.50|-0.36|-0.06|-0.54|0.00|-0.38|1.13|-0.51|-0.33|-1.42|0.11|-0.29|-1.46|-0.32|-1.55|0.76|1.01|-0.00|0.12|-1.40|-0.23
------ Dim separator ------
0.31|-0.29|0.70|-0.71|0.48|0.18|0.66|-0.09|-1.44|0.38|1.45|0.46|-1.14|-1.58|0.24|0.33|0.92|-0.82|-0.19|-1.61|0.64|-0.61|0.53|-0.28|-0.09|0.03|0.89
1.14|-0.78|0.97|0.03|0.10|-0.47|-0.77|0.34|0.70|1.97|-0.30|-0.37|-1.20|0.06|-0.48|-0.50|-0.49|-0.18|-1.13|-0.41|0.45|-0.89|-0.41|-1.15|0.11|-0.36|-0.69
0.26|0.99|-0.09|0.08|0.46|-0.59|0.08|-1.03|1.49|-1.14|0.29|0.15|0.19|0.42|0.74|-1.38|-0.69|1.04|-0.55|0.57|-1.46|1.63|-0.73|-0.33|0.50|-0.52|-0.42
-0.60|0.30|0.16|-1.10|-0.26|1.01|-0.54|1.18|0.33|-0.38|-0.33|0.84|-0.75|-0.02|-0.13|-0.35|-0.11|1.31|-0.86|0.36|0.45|-0.07|0.31|-0.47|-0.10|-0.44|0.14
-0.46|-0.65|-0.14|0.41|-0.65|-0.26|0.32|-0.37|-0.69|-0.23|1.18|-0.24|0.44|-0.22|0.44|-0.73|0.91|0.11|0.60|0.36|-0.38|0.31|-0.83|-0.35|-0.16|-1.05|0.88
------ Dim separator ------
-0.46|0.76|0.34|-0.17|0.02|-1.25|0.33|0.19|-0.24|-0.72|-0.74|-0.43|-0.85|0.24|-0.79|-0.20|0.94|0.56|0.80|-0.10|-1.38|0.58|-0.10|-0.39|0.76|-0.07|-0.40
-0.43|-0.40|-0.04|-0.37|2.15|-0.95|0.06|0.42|0.03|0.78|-0.78|-0.16|0.29|0.18|-0.10|-0.07|0.10|-0.73|-0.23|-0.02|-0.79|1.02|0.30|0.17|0.81|0.70|-1.12
0.62|0.13|0.08|-0.01|-0.25|0.23|1.05|-0.03|-0.15|-0.67|0.51|-0.04|1.49|-0.25|-0.41|0.37|1.37|0.13|0.68|0.58|-1.43|-0.46|-0.08|0.38|0.98|1.20|0.06
-0.21|-0.50|0.88|0.18|0.77|0.34|0.87|-0.76|0.65|1.29|0.63|-0.09|-1.74|0.78|-0.27|-0.76|0.61|-0.46|0.35|-0.12|0.03|-0.68|0.09|0.55|0.48|0.37|-0.36
0.33|-0.06|0.38|0.97|1.81|1.23|-0.72|0.34|-0.36|0.26|0.37|-0.98|0.55|-0.27|-0.78|0.22|1.65|0.30|-0.09|0.15|0.32|-0.39|-1.46|-1.11|0.05|-0.31|-0.12
------ Dim separator ------
1.36|0.92|0.49|0.50|0.97|0.03|-0.17|1.10|-0.09|-0.28|-0.66|0.67|-0.65|0.76|-0.52|-0.16|0.02|1.15|-0.07|-0.00|-0.27|0.72|-0.36|-0.04|0.55|-0.74|0.35
0.16|-0.70|0.30|0.53|-0.50|-0.14|-0.72|-1.41|-0.28|0.41|0.45|-1.05|-0.93|-0.35|0.59|0.43|0.47|0.30|1.37|-0.86|-0.47|0.04|-0.79|0.76|-0.06|-1.06|-0.20
-0.39|0.97|0.58|-0.39|0.39|1.37|-0.05|0.11|0.51|0.21|-0.60|-0.70|-1.47|-0.15|0.74|-0.35|-0.64|0.43|0.12|-0.30|0.10|-1.01|-0.63|1.42|0.61|-0.28|-1.11
-1.37|-0.45|0.59|1.42|-0.69|0.29|-1.09|-0.64|-1.53|0.47|-0.82|-1.28|-1.08|0.22|0.18|-0.69|-1.82|0.49|-0.75|1.61|0.30|2.06|-0.78|0.57|-0.10|-0.03|0.40
0.42|-0.76|-0.40|0.20|-0.17|1.08|-1.02|-1.45|-0.28|0.42|-1.52|-0.27|0.87|-1.12|0.49|0.69|0.05|1.45|1.14|-0.32|-0.85|-0.18|0.44|0.59|0.64|-0.08|-0.98
