------ Dim separator ------
-0.07|-0.26|0.70|-0.13|-1.19|-0.46|-2.51|-1.04|-0.15|0.20|-0.43|-0.63|-2.39|-0.16|-1.78|-0.59|2.15|0.62|2.52|-1.14|0.21|-2.26|-0.32|1.68|1.05|0.18|1.28
1.58|0.85|-1.00|-1.21|1.66|0.75|-0.42|0.29|1.69|3.21|0.38|1.52|1.19|2.32|-0.10|0.83|-0.41|-0.09|1.30|-2.45|1.38|-0.66|1.75|2.11|0.98|1.48|-2.27
0.17|1.33|0.30|-0.61|-0.45|0.60|0.25|1.77|0.10|0.90|-0.76|1.56|1.46|-0.65|0.37|-1.78|1.51|3.28|-0.87|1.49|-0.18|0.67|-1.93|-2.07|-0.42|-0.12|-0.18
1.39|-1.87|2.18|-1.26|-0.45|1.10|-1.63|2.97|-0.93|-0.67|-1.56|-0.71|-0.97|0.59|0.31|0.56|0.60|0.49|1.19|1.25|-2.21|-2.74|-0.79|0.43|-1.35|-1.87|-1.20
-1.43|0.75|1.58|-0.64|-1.08|-0.78|0.23|-0.37|-0.31|0.05|0.03|1.79|0.07|-0.92|-1.23|0.53|-1.06|2.09|-0.25|0.94|0.05|-0.73|-3.08|-0.12|-1.18|-1.02|1.52
------ Dim separator ------
-0.75|1.33|1.03|-1.09|-3.13|-0.98|-0.51|1.03|3.19|-1.05|-0.14|-1.69|-2.33|0.39|0.86|0.38|-0.57|-1.87|-0.90|0.36|-2.46|-0.09|-0.31|0.37|0.07|1.44|-0.15
-0.64|-2.94|0.45|-0.16|1.74|0.40|-2.35|-0.51|-0.66|-1.61|2.07|-0.56|0.28|0.05|-1.71|0.31|0.92|1.75|-0.46|0.69|-0.46|1.24|1.29|0.58|0.67|-1.16|0.61
-0.72|-0.87|0.64|1.58|1.68|-1.13|-1.38|0.21|1.16|1.68|-0.93|-0.38|-1.85|-0.72|-1.58|-0.38|0.07|0.87|0.20|-3.46|2.15|-1.64|0.41|-1.82|0.97|-1.99|0.60
-0.28|0.63|-1.54|-0.47|-1.00|-1.99|0.78|-0.30|0.20|1.20|-0.43|1.79|-0.58|-2.11|1.38|-1.88|0.57|0.33|2.31|-2.43|1.63|0.06|1.75|0.71|-0.44|0.04|-0.51
-0.45|-0.40|1.01|0.48|0.24|1.37|-0.05|2.97|-1.39|-0.07|-0.65|-0.43|0.15|-0.05|-2.09|0.46|-2.29|-0.51|1.37|2.63|-0.22|1.06|-1.65|1.67|1.32|-1.21|-1.06
------ Dim separator ------
-0.44|1.20|-1.40|-1.43|1.09|0.47|-0.81|1.10|-0.52|-0.51|0.76|1.68|2.14|0.95|-1.59|-1.22|-1.55|0.21|-0.09|0.54|-0.20|-0.18|-0.85|-1.01|-1.03|-0.08|-2.59
-0.02|-0.87|1.57|0.74|-0.07|-0.89|1.21|0.74|-2.03|1.03|-0.55|-1.91|1.94|0.18|-0.39|-0.64|1.41|0.65|0.29|0.49|-1.98|-0.15|0.47|0.28|-0.57|-1.48|-0.95
-0.88|1.68|0.04|-0.07|-0.40|0.20|0.61|-0.33|0.74|-1.13|0.57|1.97|1.34|0.10|-1.85|0.08|-0.78|-1.30|-2.15|0.76|1.53|-0.09|1.13|0.96|-0.73|0.45|0.09
-2.42|-0.53|-0.68|-1.34|0.95|-0.02|-0.55|-1.93|0.74|0.40|-2.07|0.22|-0.48|1.97|1.85|-1.55|-0.60|1.17|0.54|0.02|2.05|-1.88|-0.23|-0.46|1.77|0.81|-0.18
-1.54|0.21|-0.22|1.94|-0.03|-0.68|1.26|1.18|-0.20|1.57|-0.62|2.03|-1.47|-0.28|-1.20|0.11|-0.71|1.06|-1.04|-1.78|-0.41|-1.51|1.21|-0.46|0.18|1.14|-1.41
------ Dim separator ------
-1.38|-1.56|0.66|0.76|-1.12|1.41|-3.66|-0.17|-0.12|1.73|-0.98|1.38|1.56|-0.81|0.51|1.69|-0.53|1.81|0.79|1.14|-0.03|-0.18|-2.69|1.98|0.09|-1.33|-0.66
0.82|-1.97|-0.36|1.21|-0.36|2.12|0.91|0.31|-1.31|-0.72|-0.36|-0.81|-2.35|1.97|1.90|-0.29|-0.19|1.99|-0.30|-0.44|-0.36|-2.41|1.49|1.25|-1.89|-1.82|0.59
1.78|0.02|-1.10|0.03|-1.28|-1.20|-0.64|0.00|-0.83|1.62|-0.46|0.02|-1.24|0.07|0.54|1.76|1.22|2.41|-1.12|-1.72|0.58|0.53|-0.96|0.36|1.35|-2.10|-1.73
-1.67|0.79|-0.76|-0.21|-0.25|0.08|-1.59|-0.06|-2.48|-2.09|-0.86|-0.43|-0.21|-1.98|-0.89|1.79|2.05|2.36|0.22|-0.78|-1.05|1.88|-2.08|1.44|-0.41|-0.78|0.35
-0.09|-0.53|1.18|1.56|1.56|-1.88|1.34|-0.69|0.23|1.06|-0.74|1.32|-1.76|-0.50|-0.34|-0.13|-1.16|2.91|1.39|0.09|0.67|0.75|-1.04|0.46|-1.92|-0.17|2.47
------ Dim separator ------
0.90|-2.23|0.40|-1.59|-1.86|-1.85|-1.20|0.37|0.25|-2.96|1.64|-0.13|-0.30|-0.51|0.29|-1.47|-1.77|-0.73|0.35|-0.30|0.81|-0.67|-0.90|1.67|0.47|-2.02|0.18
-2.30|-1.94|-0.42|2.16|0.61|-0.20|-0.13|1.69|1.83|-0.55|0.95|0.12|2.63|-0.02|-0.34|-2.09|-1.66|1.64|-3.17|1.35|-0.74|1.89|-0.51|-1.65|-0.48|-1.20|-0.48
0.99|-1.14|-1.00|0.14|-0.49|-1.06|-0.95|-0.59|1.12|-0.85|0.68|0.74|-1.00|-1.71|-1.10|2.64|-0.90|0.39|-0.76|-0.35|1.58|1.71|-0.02|-1.59|1.59|1.26|-1.19
1.27|2.38|-0.61|-1.29|2.02|-2.01|1.47|0.76|0.13|-0.57|0.07|0.21|0.13|0.50|-0.20|1.69|-0.54|-1.66|-1.27|-0.10|-0.54|1.63|-0.02|-0.42|-0.73|-1.63|2.58
-1.01|-0.08|0.36|-1.77|0.24|1.77|2.20|1.99|-0.68|-0.33|-0.79|1.08|-1.79|-0.17|-0.54|-2.11|-0.35|1.59|-1.01|1.41|-2.75|1.29|1.67|-0.44|2.08|-1.65|-0.08
