------ Dim separator ------
-1.72|-0.29|0.47|0.06|0.21|0.05|-0.05|-0.22|-0.80|0.44|0.10|0.32|0.48|0.78|0.03|1.18|-0.44|-0.29|-0.34|0.39|0.58|1.31|-0.39|0.43|-0.11|0.76|-0.14
0.44|1.51|0.69|-0.11|-0.93|0.57|0.03|-0.89|0.02|-0.91|-0.97|-0.65|-0.00|-0.23|0.29|-0.69|0.54|-0.79|-1.71|-0.82|-1.06|-0.82|-0.65|-0.98|0.39|0.29|-0.47
-0.11|0.55|0.74|0.53|0.04|-0.86|0.82|-1.02|-0.19|0.16|-0.14|-1.52|-0.39|-0.52|-0.24|-0.46|-0.47|-0.75|-0.46|-0.44|-1.54|0.77|0.12|-0.87|0.45|0.27|0.79
-0.57|-1.11|-0.32|0.37|-0.06|-1.15|0.44|0.71|1.33|0.03|0.16|0.36|0.16|-0.21|1.06|1.61|-0.76|-0.83|0.92|-0.90|0.90|-1.43|0.60|-0.82|1.08|0.54|0.12
-1.01|-0.47|-0.64|0.27|0.58|-1.36|-0.41|0.06|-0.11|0.41|1.12|-0.10|-1.25|0.38|0.19|0.33|-0.94|1.03|1.21|-1.31|0.42|0.29|1.02|-0.24|-0.46|1.09|0.11
------ Dim separator ------
-0.65|-0.17|0.06|0.95|0.18|-0.09|0.49|0.25|-0.48|-0.04|0.11|-0.03|-0.35|-0.41|0.50|-0.88|0.14|1.03|-1.56|-0.08|-0.55|1.53|-0.34|-0.87|-0.49|-0.55|0.84
0.36|1.00|1.00|0.98|-0.69|-1.18|-0.48|-0.04|0.08|0.44|0.01|-0.74|0.37|-0.39|-0.15|-0.46|0.43|-0.24|0.88|-1.15|1.41|-0.51|-0.86|0.19|-0.29|1.13|-0.95
0.86|0.91|0.41|-1.48|-1.41|-0.53|1.36|-0.07|0.59|-0.62|1.66|0.02|0.73|-0.73|1.28|-0.54|-1.16|-0.51|0.48|-0.48|0.40|1.18|-0.10|0.45|-0.63|-0.71|0.15
-0.79|0.47|0.75|0.29|1.00|0.14|-0.13|-0.96|0.44|-0.02|0.85|-0.82|-0.11|0.49|-0.26|0.62|0.64|-0.15|0.96|1.14|0.40|-0.61|0.03|0.26|0.73|0.22|0.27
0.30|0.06|-0.04|1.12|0.52|0.85|1.71|0.21|1.37|0.84|-0.23|0.59|0.69|0.70|0.50|-0.18|0.33|0.41|-1.32|-0.82|0.72|1.09|1.37|-0.80|-0.60|0.34|0.89
------ Dim separator ------
-0.31|-1.12|-0.15|2.08|0.36|0.11|2.37|-0.63|-1.05|0.86|-0.08|-0.21|-0.76|-1.36|0.10|-1.13|0.50|-0.30|0.02|-0.96|0.38|1.53|0.66|0.14|-0.50|1.11|-0.69
0.35|1.31|0.34|0.65|0.66|0.48|-0.99|-0.48|0.68|0.06|0.13|0.32|-0.96|1.09|-0.05|-0.41|-0.41|-0.28|-1.55|0.92|0.05|-0.50|-0.36|0.21|0.84|1.14|0.72
-0.78|-0.04|-0.41|-0.16|0.53|0.97|-1.18|-1.61|-0.09|1.58|-0.28|0.44|-0.35|-0.55|0.53|-0.91|0.82|0.62|0.03|-0.00|-0.01|0.30|-0.63|-0.27|1.29|-0.85|-0.94
-0.06|1.19|-0.78|-0.06|-0.06|1.50|0.25|0.73|0.67|0.25|0.99|1.00|-0.01|-0.17|-0.38|0.20|0.64|-1.06|0.14|-0.08|-0.63|0.25|-0.18|0.35|-0.78|1.06|0.60
-0.55|-1.41|-0.24|-0.10|0.12|0.91|0.10|0.42|0.02|-0.28|-0.30|-0.38|-0.61|0.38|-0.48|0.34|0.76|0.42|0.86|0.03|0.58|-0.47|-0.79|-1.07|-0.68|-0.50|0.83
------ Dim separator ------
0.24|0.32|-0.01|-1.62|0.73|-1.09|0.01|-0.72|-0.92|-0.49|-1.47|-1.26|0.11|0.71|-0.10|-0.17|0.03|0.07|-0.65|-1.16|-1.50|-0.07|1.52|-0.46|0.17|0.24|0.96
0.00|1.07|0.42|-0.20|0.78|-0.32|-0.03|-0.39|-0.07|-0.23|1.13|-0.28|0.34|-0.36|-0.75|-1.68|0.04|0.19|0.99|1.54|1.64|0.21|-1.79|-0.18|-0.09|0.14|-0.91
0.49|0.01|-0.16|0.15|0.85|-0.42|-0.57|0.37|-0.71|-0.57|-0.06|0.99|0.36|-0.90|-0.20|-0.48|0.20|-1.01|1.16|0.58|1.10|-0.50|0.62|0.05|-0.70|0.50|0.45
-0.27|-1.23|0.23|1.02|-0.47|-1.32|0.05|1.36|0.71|0.94|-0.41|0.80|-0.47|0.45|-1.66|0.10|0.85|-1.18|-0.22|-0.04|0.00|-0.39|0.30|0.43|-0.14|0.61|-0.28
-1.57|-0.02|0.61|-0.91|-0.45|1.05|0.59|-0.29|0.11|0.64|0.16|-0.23|1.19|-0.34|-0.10|-2.04|-0.24|0.53|-0.32|-0.04|1.59|0.11|-0.14|0.46|-0.03|-0.52|-1.53
------ Dim separator ------
0.42|-0.24|0.65|0.98|-0.09|1.49|-0.30|0.98|-0.23|-0.33|0.23|-0.89|0.12|0.15|-0.55|-0.25|-0.92|-0.11|-0.05|-0.24|0.29|0.05|-1.05|-0.76|0.63|-0.23|-0.65
-0.45|0.40|-1.38|0.09|0.49|-0.12|-0.01|-0.83|-0.90|0.66|-1.45|-1.24|-0.12|0.13|1.20|1.11|1.16|0.35|-0.62|0.87|-0.39|0.49|-0.03|0.54|0.11|-0.30|-0.33
-0.64|1.23|1.91|0.41|-0.57|0.42|0.43|0.18|-0.05|0.50|-0.31|0.03|0.64|-0.08|0.38|0.10|-0.78|1.03|-0.36|-0.04|0.63|-0.42|-0.44|0.54|0.68|-0.53|0.23
-0.60|-0.40|0.66|0.46|-0.27|0.43|-1.01|-0.71|-0.52|-0.31|-0.56|0.66|0.08|0.20|0.37|-1.07|-0.02|0.09|-0.08|0.20|-0.42|-0.29|-0.20|-0.62|0.82|-0.41|-0.41
0.44|-0.87|-0.91|1.03|-0.24|0.94|0.19|-0.54|0.80|0.12|0.22|0.53|-0.28|0.21|0.34|1.19|-0.00|-0.37|0.57|-1.06|-0.53|-1.19|0.28|0.42|-0.57|-1.24|-0.37
