------ Dim separator ------
-0.20|-1.60|-0.10|-0.05|0.57|-0.81|0.28|1.68|1.04|0.46|1.34|-0.59|-0.07|1.18|0.01|-0.04|0.08|-0.59|-0.32|1.12|0.96|0.92|-0.51|0.32|-0.37|-1.19|1.22
-0.40|0.78|1.19|0.93|-0.31|1.55|0.39|-0.07|0.97|-0.01|0.05|0.21|-1.36|-1.13|-0.19|0.24|0.36|0.47|-0.13|1.42|-0.45|0.53|0.04|-0.31|0.04|-0.78|-1.30
0.20|0.64|-1.15|1.13|0.59|-1.59|-0.44|-0.90|-1.64|0.66|-0.29|-0.51|-0.67|-0.94|-0.97|-0.07|0.07|-1.10|0.80|0.03|0.14|-0.15|0.09|0.02|0.50|-0.69|1.31
-0.65|-0.86|0.84|0.24|-0.36|-1.20|-0.82|-1.50|-0.71|-0.34|0.52|0.05|-0.59|0.45|1.05|0.17|-0.53|1.78|0.49|-0.00|-0.28|0.26|-1.15|0.59|0.50|2.71|0.02
-0.86|-1.87|0.20|-0.95|-0.53|0.34|-0.32|-1.66|-0.05|0.58|0.68|-0.48|-0.23|0.59|0.13|0.49|0.91|0.51|-0.51|0.55|1.89|0.92|-0.09|1.61|0.45|1.47|0.54
------ Dim separator ------
-0.33|-0.64|-1.28|0.28|-0.67|1.33|-0.16|1.39|0.25|0.70|-0.20|-0.72|1.15|-0.16|-0.52|0.26|-0.57|-0.52|0.73|-0.02|0.69|-0.08|-2.07|-0.93|-0.87|0.43|-0.54
0.01|-0.11|1.43|-0.21|-0.04|0.83|-0.30|0.54|-0.12|0.59|-0.32|1.00|-0.25|0.51|0.24|-0.52|-0.32|0.08|0.55|-0.47|-0.87|-0.66|-0.29|0.01|0.24|-0.92|-0.01
0.46|0.08|0.17|0.14|0.66|0.18|0.60|-0.44|0.92|-0.15|0.26|-1.74|0.86|0.18|-0.19|0.20|1.50|2.27|-0.23|0.71|2.04|-0.32|0.43|-0.16|0.84|-0.28|-0.86
-0.90|1.17|1.23|0.43|1.05|0.12|-1.50|-0.38|0.67|-0.34|0.52|0.76|-0.88|0.85|-0.54|1.34|0.24|0.13|0.95|1.01|1.22|-0.13|-0.78|-0.15|-0.81|-1.73|1.05
-1.08|0.21|0.28|-0.74|1.10|-0.12|-0.33|-0.63|1.59|-0.37|-1.39|1.03|-0.06|1.69|0.06|-1.08|-0.24|-0.42|-0.57|-0.22|0.67|-1.22|1.66|-1.01|-0.85|-1.07|1.06
------ Dim separator ------
0.06|-0.34|0.83|0.50|-1.31|-2.01|0.10|-0.30|0.11|0.41|0.49|-1.83|-0.81|-1.15|1.60|-0.00|1.25|0.01|0.68|-1.36|0.66|-1.20|0.16|0.47|1.87|0.05|0.54
-0.46|-0.37|-0.67|-1.81|-0.71|-0.05|-0.05|0.51|0.32|1.49|0.37|0.31|-1.10|-0.27|0.25|-0.95|-0.78|0.03|0.20|0.14|-0.02|0.37|0.45|0.38|-0.41|-1.23|-0.25
-0.47|0.56|-2.09|-0.04|0.13|0.18|-0.88|-0.16|1.10|-0.40|0.46|0.52|-0.24|0.82|0.82|-0.75|1.16|-0.59|-0.78|-0.03|0.60|-0.73|-0.39|-0.37|0.87|-1.27|1.45
0.42|0.13|1.23|1.27|0.26|-0.58|-1.08|0.21|-0.78|-0.18|-0.15|0.45|-0.47|-0.78|-0.11|0.33|0.72|0.07|0.52|-0.72|0.00|-1.02|0.55|-0.74|0.56|-1.30|-0.59
0.44|0.13|0.57|0.58|-2.18|1.83|0.65|0.39|-0.25|0.74|0.76|0.06|-0.13|-0.20|0.54|1.08|0.49|-0.82|0.94|-0.26|-0.14|1.02|-0.30|0.12|0.03|-0.80|-0.39
------ Dim separator ------
0.09|1.30|1.20|0.51|0.68|0.14|0.60|-0.51|-1.00|-0.91|1.64|-0.31|-0.89|1.54|-0.59|0.93|0.70|-0.37|0.60|-0.18|0.92|0.27|1.30|-0.34|-0.49|0.53|-0.04
-0.59|-0.03|-0.01|-0.47|0.34|0.08|0.85|-0.95|-0.12|0.09|0.54|-0.80|-0.69|-0.47|0.56|0.56|-0.23|0.42|0.70|-2.09|0.04|-0.45|-0.20|-0.67|-0.23|0.48|-0.76
0.51|0.73|0.67|-0.87|0.05|0.13|0.54|0.08|1.38|-0.31|0.94|0.48|0.49|-1.00|-0.39|-0.21|-0.80|-1.43|-0.08|0.87|-1.23|-0.88|-0.38|-1.42|0.58|1.78|0.14
-0.09|0.20|-0.40|0.63|0.35|-0.26|-0.12|-0.88|0.14|0.50|-0.02|-0.39|-0.00|0.15|0.61|-0.86|-0.16|0.56|0.08|-0.00|-0.52|-1.34|1.10|0.04|-0.27|0.26|-0.39
-0.19|1.28|0.01|-0.73|0.23|-0.59|-1.01|0.32|-0.23|0.05|1.56|-0.49|1.14|-1.12|1.34|-0.17|0.53|0.37|-1.14|-1.89|-0.59|-0.60|0.88|-1.20|0.20|-0.32|0.83
------ Dim separator ------
1.01|-0.29|0.50|0.47|0.17|0.91|0.19|0.06|1.30|-1.19|-0.13|0.29|-1.57|1.11|-0.84|-1.35|-1.29|-0.51|1.90|-0.23|-1.50|1.33|-0.49|0.73|0.41|1.10|-0.20
0.14|0.38|-1.08|-0.06|0.12|0.95|0.70|-0.66|-0.77|0.88|-0.13|-0.79|0.16|1.62|-0.32|1.00|-0.04|-0.57|-1.10|-1.27|-0.53|-0.42|-0.35|0.19|0.02|0.59|0.36
-0.50|-0.17|-0.17|-0.14|1.16|0.49|-0.01|-0.53|-1.72|1.23|-0.63|-0.32|-1.36|-0.15|0.60|-0.17|0.92|-0.29|0.62|-0.74|0.58|-0.03|-0.56|0.04|0.86|-0.82|0.07
-0.80|-0.23|0.56|-0.11|-0.35|1.05|-1.02|0.06|-0.71|-0.03|-1.70|-2.15|1.27|-1.00|0.90|-0.12|0.42|-0.54|-0.64|0.38|0.09|-1.14|-0.96|0.76|0.17|-0.20|-0.46
0.04|0.82|-1.29|-0.11|-0.27|-1.63|-0.28|0.13|-0.31|-1.16|0.15|0.26|1.25|-0.55|0.03|-0.85|0.86|-0.83|0.48|-0.27|1.80|-0.15|-1.12|-0.90|1.80|-1.27|-1.10
