------ Dim separator ------
-0.84|0.83|0.50|-0.64|1.24|-0.87|1.39|2.07|-0.82|-0.21|-1.47|0.89|0.22|-0.12|1.24|0.12|-0.21|0.90|0.59|-0.23|-0.28|-0.71|0.74|-0.13|0.17|1.19|-0.38
-0.99|0.46|-0.71|-0.03|0.74|-0.89|-0.13|0.58|-1.23|-1.02|-0.43|-0.85|0.16|-0.31|-0.81|-1.40|-0.97|-0.81|0.03|0.90|-0.33|-0.93|-0.58|-0.93|0.08|0.09|-0.56
-0.76|-1.33|-1.03|1.37|0.19|1.38|-0.63|-0.33|-0.22|-1.02|-0.90|0.10|0.32|-0.39|0.17|0.94|-0.71|0.34|-0.44|-0.45|-0.06|-0.36|0.14|0.59|0.87|-0.68|-1.06
-0.45|0.66|0.18|0.23|-0.44|-0.43|-0.15|0.21|0.94|-0.05|-0.48|0.25|0.23|1.52|-1.26|-0.12|-0.78|-0.89|-0.35|-0.33|0.17|-0.01|0.30|0.17|0.01|-0.33|-0.84
1.63|0.39|-1.76|-0.51|-0.08|0.97|-0.03|1.88|-0.78|0.16|0.15|-1.03|-0.97|-0.46|-0.07|-0.65|1.04|0.45|0.40|-0.44|0.31|-1.17|0.68|0.09|1.16|0.97|0.09
------ Dim separator ------
0.66|-0.50|0.17|0.21|-0.11|-0.64|-0.11|0.25|-0.92|0.08|0.85|0.15|-0.10|-0.51|0.36|-0.61|-0.34|0.19|1.92|-0.11|-0.48|0.49|-0.01|-0.29|-1.07|0.45|-0.80
-0.12|-0.14|-0.29|-0.30|-0.15|-0.82|0.17|0.63|1.35|-1.23|0.38|2.17|-0.75|-0.71|0.41|-0.13|0.17|0.74|-1.08|0.16|-0.05|-0.48|-0.25|-0.43|1.26|-0.42|0.98
-0.26|0.05|-0.36|-1.56|0.97|0.28|1.03|-0.72|-0.62|-0.65|0.61|1.12|0.01|-0.32|-0.09|0.39|0.18|-1.67|1.70|0.30|-0.21|0.40|1.84|0.37|1.57|0.00|-0.47
0.32|-1.20|-0.85|-0.69|0.47|0.23|0.01|-0.34|0.16|-1.65|-0.99|1.31|-0.33|0.87|1.11|0.01|-1.26|-0.32|0.57|0.71|0.50|-1.47|-0.66|0.29|0.36|0.42|-0.37
0.22|-0.48|-0.90|-0.03|-0.17|-0.59|1.83|-1.46|-0.14|-1.46|-1.26|0.47|0.54|-0.73|-0.73|0.79|-0.12|-0.70|-0.38|-0.40|-0.24|-0.65|0.03|0.58|-0.13|-0.78|0.58
------ Dim separator ------
-1.13|-0.65|-0.49|-0.09|-0.04|-0.28|-0.21|-1.14|-0.54|1.00|1.22|0.71|-0.06|1.27|-0.21|-1.05|-0.51|-0.64|-0.20|0.03|0.64|-0.23|-0.43|-0.61|-0.05|0.76|0.10
0.36|-0.73|-1.28|0.96|0.06|-0.23|-0.07|0.17|0.73|-0.46|0.63|0.36|-0.51|-0.07|0.89|-0.14|0.19|-0.22|0.03|-0.37|2.32|1.75|-0.35|0.94|-0.06|0.90|0.09
0.29|-1.08|-0.03|0.31|-0.77|0.15|0.18|0.47|0.61|-0.78|0.34|1.10|0.24|-0.70|0.59|0.29|-0.26|-1.12|-0.36|0.24|0.54|-0.01|-0.35|-0.03|1.05|-0.47|-0.12
0.38|0.26|-0.52|-0.44|-0.18|0.65|1.89|-0.22|0.37|-0.44|0.40|0.96|0.52|-0.98|0.21|-0.96|0.08|0.16|-0.12|1.40|-0.68|-0.03|1.38|1.25|0.26|-0.18|-1.14
1.31|0.36|0.11|-1.13|1.85|0.54|-1.18|0.28|0.49|-0.14|-0.67|-0.87|0.30|0.59|0.50|1.06|0.71|-0.80|-0.18|-0.36|0.49|1.47|-0.09|0.55|0.22|0.85|-0.20
------ Dim separator ------
0.65|1.06|0.80|2.02|1.10|0.96|-0.16|-1.31|1.46|-0.58|-0.56|0.50|0.17|-0.95|-1.11|-0.52|0.93|0.98|-0.01|0.13|0.01|0.02|0.39|-0.66|0.53|-0.34|0.01
0.27|-0.77|0.66|1.38|-1.81|-0.86|0.08|-1.79|0.78|0.23|0.00|0.49|0.75|0.02|-0.07|1.15|-0.41|-1.12|0.46|-0.81|-0.38|0.98|0.07|-0.09|0.23|0.45|-0.82
0.67|0.61|-0.56|0.38|1.47|-0.03|0.50|0.97|0.12|-0.91|0.05|0.33|-0.01|-1.06|1.42|0.51|0.41|0.34|0.92|-0.32|-0.50|0.64|0.86|1.78|1.06|0.44|-0.36
0.53|-1.30|0.97|0.57|0.44|-0.77|0.86|0.04|0.24|0.73|-0.11|-0.17|-0.22|1.56|1.27|-1.26|-0.98|-0.29|-0.72|0.10|0.69|0.25|0.18|0.78|-0.38|0.26|-1.46
-0.39|-0.80|0.49|-0.47|0.49|-1.07|-0.88|0.59|0.80|0.78|0.20|-0.61|0.24|-0.46|0.20|-0.44|1.34|-1.50|-0.80|1.72|0.31|0.66|0.50|-1.01|0.09|-0.57|-0.41
------ Dim separator ------
-1.41|-0.33|1.35|-1.38|0.91|1.54|-0.58|-0.21|0.18|0.15|-1.04|-0.51|-0.27|-0.43|0.37|-1.14|0.58|-1.16|-0.64|1.36|-1.10|0.78|0.20|0.75|0.37|-0.27|-0.59
-0.06|0.89|-0.10|1.46|-0.54|0.36|-1.28|-1.01|-0.14|-1.19|-0.48|0.17|0.47|-0.29|-0.49|0.45|0.85|-1.16|-0.04|-0.11|-0.14|1.39|1.40|1.73|0.04|0.20|0.48
-0.00|-0.07|0.64|0.82|-0.07|0.37|-0.28|0.18|-0.55|0.36|0.42|-0.59|-0.97|-1.33|-0.58|1.25|-0.70|-0.49|-0.29|-0.17|-0.17|-0.70|-1.12|-0.12|-1.41|-0.42|0.84
-0.29|-1.43|0.42|0.29|0.56|-0.20|0.43|-0.98|0.08|0.57|1.47|1.25|-0.86|-0.44|-0.30|-0.64|-0.82|-0.71|0.08|-0.45|0.50|0.07|-1.27|-0.25|-1.16|-0.26|-0.94
1.17|0.28|0.04|1.28|0.28|-0.16|-0.44|-0.81|1.11|-0.62|-0.76|0.09|0.81|-1.15|0.16|0.18|-1.32|0.44|0.99|-0.51|0.68|0.58|0.61|0.71|-0.95|-0.08|1.64
