------ Dim separator ------
-0.73|-0.02|0.26|-0.20|-0.15|-0.16|0.86|0.38|1.44|0.85|0.89|-0.64|1.17|0.46|-1.03|1.41|-1.00|0.34|-0.96|-0.77|-0.38|0.01|0.44|-0.72|-0.45|0.86|-1.33
-1.28|-0.21|0.45|-1.01|-0.09|0.60|1.25|0.65|-1.41|-0.76|-0.25|-0.92|-0.13|0.36|0.13|-0.03|1.31|1.14|-1.10|1.63|-0.29|-0.38|-0.48|-0.36|1.02|1.42|1.46
0.11|-0.69|-0.71|1.10|-0.73|-0.63|-0.47|-0.40|-0.34|-1.35|0.99|-0.47|-1.32|0.43|-0.02|-0.64|-0.86|-0.12|-0.10|-0.54|0.10|0.57|1.12|0.64|0.48|-0.03|0.60
1.59|0.38|0.59|0.70|-0.84|1.15|-0.01|1.22|-0.14|-0.31|0.92|-0.43|1.06|1.03|0.19|-0.82|0.01|1.00|-0.90|-1.64|1.08|0.01|-1.36|0.56|-0.42|-0.40|0.70
0.09|-0.08|-0.62|-0.01|0.08|0.03|0.25|-0.80|-0.40|0.23|1.56|-0.56|-0.60|-0.05|0.65|0.01|0.18|-0.40|-0.60|-0.37|0.13|1.61|1.12|0.41|-0.15|0.69|-0.02
------ Dim separator ------
-0.66|-1.13|-1.12|-0.41|-0.22|-0.91|0.29|0.01|-0.85|0.65|1.69|0.67|0.72|0.64|0.10|-0.46|0.58|-0.75|0.27|0.56|-1.05|0.41|-0.79|-0.54|0.57|-0.16|0.70
-1.01|-0.07|-0.71|-0.53|-0.53|-0.01|-0.98|0.17|0.28|0.35|-1.00|1.90|-1.32|-0.56|0.78|-0.61|0.63|-0.24|1.31|0.09|-0.10|-0.05|-0.05|-0.71|-0.87|1.08|0.29
0.00|0.19|0.16|-0.80|1.27|-0.54|-0.67|0.17|-0.71|-1.77|-0.06|0.24|0.52|-1.26|0.02|1.01|0.47|-0.77|0.73|0.79|0.69|0.45|0.29|0.79|-0.22|0.76|-1.31
-0.62|-1.00|-0.96|-0.12|-0.13|-0.24|-0.51|-1.06|1.52|0.23|-1.36|0.63|-0.55|-0.75|0.60|1.32|0.02|-0.25|0.65|0.86|-0.10|0.15|-1.06|0.66|0.61|-1.17|-0.15
1.60|0.17|-1.88|0.15|0.05|0.34|0.36|-0.21|-0.71|-0.66|-0.76|-1.57|0.58|1.32|-0.91|0.53|0.76|0.06|-0.72|-1.15|-0.77|-0.31|1.30|-1.77|-0.82|-0.41|-0.43
------ Dim separator ------
-0.57|-0.21|0.91|-0.08|1.14|-0.05|0.09|-0.93|0.36|1.04|0.02|-1.14|-0.50|1.50|0.97|0.47|0.08|-0.14|0.12|0.28|-0.65|-0.68|0.33|-0.01|0.83|1.20|0.10
-0.88|-1.14|-1.53|0.46|0.79|0.37|-0.50|-0.42|0.53|0.51|0.54|-0.13|-0.87|-0.39|0.77|-0.13|-0.12|-0.10|-1.17|-0.13|1.65|0.48|0.07|-0.41|-1.96|-0.01|-0.94
0.45|-1.04|-0.27|0.57|-0.05|-0.83|0.62|1.30|-0.07|-0.24|0.27|-0.08|0.60|-0.25|1.09|0.15|1.57|-0.30|0.38|0.30|-2.27|-0.86|-1.58|0.43|0.05|-1.65|1.00
0.55|-0.57|0.48|-0.08|0.15|-1.16|1.31|0.93|0.09|-0.48|-0.65|0.08|-0.75|0.16|0.21|-0.02|1.21|0.96|-0.43|0.32|-0.80|0.25|-0.32|0.65|-0.83|0.60|-0.32
0.42|0.46|-0.78|-0.37|-1.81|0.13|-1.32|0.72|0.69|0.14|0.27|0.34|-1.05|0.53|1.60|1.34|0.61|0.75|-0.39|-0.39|-0.52|0.07|-0.48|0.33|-0.35|-0.53|0.31
------ Dim separator ------
1.00|1.35|0.74|0.27|0.74|-0.10|0.29|-2.23|0.90|-0.39|0.03|0.78|-0.68|0.54|-0.50|0.22|-0.63|0.42|0.16|-0.55|-0.25|-0.09|0.72|-0.18|1.60|0.16|-1.38
-0.46|1.26|-0.05|-0.11|-0.40|-0.90|-0.70|0.51|2.52|-0.80|-0.38|-0.79|0.34|-0.45|0.38|-0.63|-0.66|-0.75|-1.10|0.45|0.20|-0.03|-0.22|-0.00|0.69|1.34|-1.05
0.79|0.55|-0.11|0.09|1.29|0.10|0.06|-1.75|0.81|-0.78|1.23|-0.29|0.82|-0.03|-1.18|-0.23|-0.94|-0.67|0.63|-0.58|-0.06|0.08|1.12|0.64|1.08|1.19|-1.19
0.21|-0.07|-1.53|1.20|-0.93|-0.50|-0.16|0.45|0.08|0.19|-0.21|-0.75|-0.12|-1.41|-0.72|-0.28|-0.02|-0.12|-0.86|0.15|0.07|-1.34|1.35|0.05|-0.49|0.53|-0.84
1.22|-1.59|1.06|-0.33|0.10|0.75|-1.83|0.47|0.53|-0.36|0.48|0.21|-0.13|-0.55|-0.77|0.33|0.92|-1.62|-0.57|0.34|-0.54|1.99|-0.15|-0.77|-0.57|-1.40|-0.33
------ Dim separator ------
-0.68|0.15|0.32|0.11|-0.17|-0.65|-1.50|-0.70|-2.01|0.13|-0.94|-0.09|1.45|0.36|-1.03|1.74|0.42|-0.11|0.22|-0.02|-0.23|0.69|0.85|0.00|1.38|-0.68|0.09
-0.21|0.40|-0.12|0.18|1.41|1.01|-1.12|-0.42|-0.13|-0.26|-0.85|0.24|-0.48|-0.06|-0.45|1.88|0.74|0.21|0.75|-0.17|0.43|-0.45|-0.82|-0.29|-0.77|-0.52|-0.06
-0.55|0.12|-0.07|-0.78|1.07|1.17|1.85|-0.91|-0.10|-0.55|-0.01|0.50|-0.44|-0.14|-1.33|-0.04|-0.72|0.04|0.40|-0.30|1.11|-0.88|-0.39|1.09|0.34|-0.79|1.58
-0.94|-0.76|0.27|1.47|-0.57|0.88|0.12|-1.16|-0.10|0.67|1.99|1.23|-1.27|0.20|0.39|0.68|-0.05|-0.47|0.16|-0.34|1.82|-0.96|-0.50|-0.90|-0.38|-2.03|-1.15
0.11|0.58|-0.88|0.35|-0.07|0.11|-1.66|-0.08|-0.51|-0.88|-0.08|0.84|0.15|0.61|0.68|-0.33|-0.49|0.66|0.12|0.58|-0.55|-0.33|-0.07|1.71|0.30|0.76|0.20
