------ Dim separator ------
0.55|1.18|-1.06|-0.74|-0.47|0.85|1.10|1.44|0.51|-1.30|-0.18|1.55|0.60|0.30|-0.29|-0.75|-1.20|-0.20|-1.12|0.29|-0.50|1.15|1.12|0.63|-0.92|-1.75|-0.40
1.23|-0.61|1.56|-0.23|1.39|-0.84|-1.82|-1.87|0.18|-0.40|-1.36|0.26|-0.64|-0.22|0.32|0.72|-0.87|-0.31|0.68|-0.08|-0.64|-0.52|-0.33|1.67|-0.64|-0.48|1.52
0.43|-0.23|0.09|-0.71|-0.43|0.65|0.71|0.02|0.30|-0.93|-0.80|0.55|-1.01|0.43|1.00|0.64|-0.10|-0.47|-0.90|-0.51|0.42|0.09|-0.27|0.91|0.44|0.93|-0.56
-1.14|0.96|0.34|0.51|-0.52|0.15|2.03|-0.09|-0.61|-0.68|0.19|0.70|2.12|-1.59|0.67|-0.80|1.20|-1.64|-0.83|-1.50|-0.60|1.15|-0.61|-0.98|-0.31|-0.47|0.72
1.38|-0.35|0.34|-0.25|0.66|0.73|-0.31|1.68|-0.80|-0.26|-0.15|-0.26|0.36|1.31|0.44|-1.62|0.15|-0.89|0.43|0.62|0.33|0.74|-0.51|0.04|0.41|-0.39|0.82
------ Dim separator ------
0.25|-1.01|-0.30|-0.29|0.47|-0.08|0.09|-0.49|-0.09|-1.06|-0.73|-0.42|-0.04|1.74|-0.62|-0.41|-1.31|1.65|-0.44|-0.68|0.39|0.47|0.55|0.59|2.05|-0.90|-0.64
0.87|-0.63|0.25|1.43|-0.07|-0.13|1.38|0.68|0.05|0.54|1.42|1.18|0.92|-0.91|1.59|-1.84|-1.76|-0.98|1.04|-0.45|1.29|-1.61|-0.13|-1.18|-0.47|0.67|-0.16
-1.35|1.48|0.37|1.03|-0.02|0.22|0.19|0.11|-0.62|0.35|1.17|-0.84|-0.71|1.02|-0.22|0.65|0.66|-2.25|-1.09|-0.14|-0.10|0.70|-0.29|-1.29|-0.30|0.55|-0.55
-0.80|1.32|-0.20|0.74|0.74|1.20|1.39|-0.83|-1.95|0.47|-0.55|0.71|1.50|0.97|1.04|-0.79|-1.53|-0.81|-0.53|-1.81|1.15|-0.97|1.06|-2.18|-0.65|1.71|1.01
0.78|-0.92|0.75|-0.17|-0.31|0.67|-1.24|0.06|0.13|-0.50|-0.64|0.63|-0.36|-1.47|0.41|0.07|0.65|-0.37|-0.51|-1.64|-0.86|-0.37|1.12|-0.86|0.86|0.97|0.28
------ Dim separator ------
0.14|-1.33|-0.77|-0.10|-0.29|0.55|-0.35|-0.39|-0.24|-0.02|-0.35|-0.80|-0.10|0.89|1.35|0.33|0.93|0.43|-0.39|-0.02|-0.66|-0.39|0.08|-0.58|0.29|0.50|0.51
0.78|1.39|0.47|-0.54|-0.57|1.31|0.73|-1.58|0.65|1.11|0.63|0.95|0.13|0.11|-0.58|-0.48|0.27|-0.64|-0.17|0.08|-0.74|0.08|-0.09|0.64|2.06|0.28|1.32
-0.65|0.54|0.34|-0.34|0.54|-1.12|1.42|-0.97|-0.21|0.66|-1.01|-0.78|-2.02|-0.86|-0.32|0.96|-0.37|1.30|-1.06|0.27|-0.79|-0.92|0.18|1.89|-0.56|1.01|-0.90
0.69|-0.70|0.39|0.28|0.22|-0.83|-1.01|0.07|0.61|-1.06|0.63|-0.81|0.43|1.36|0.32|0.65|0.56|-0.75|1.54|-0.37|-1.11|-0.02|-1.68|0.08|-2.02|0.02|1.04
0.83|-1.13|-0.15|-0.54|0.50|0.44|0.41|-2.02|0.64|-1.00|0.75|0.01|0.54|0.42|2.61|-0.22|-0.45|-0.20|0.39|-0.18|0.29|-0.32|-1.46|-0.44|0.45|-0.19|0.35
------ Dim separator ------
1.59|0.14|1.67|0.83|-0.12|0.13|-0.76|0.98|-0.59|0.96|-1.40|0.21|0.13|-0.80|0.26|-2.00|0.49|-1.25|-0.30|-0.27|-0.20|0.64|-0.54|-0.54|-1.22|0.81|0.46
-0.11|-1.09|1.75|-0.01|0.95|-1.60|-1.47|-0.46|-0.69|-1.42|0.69|1.24|-0.84|0.51|-1.37|1.32|-0.22|-0.60|0.36|0.54|0.76|0.54|-0.86|-0.14|0.60|-0.26|1.16
-1.89|-1.90|0.90|-0.33|-0.89|1.01|1.70|-0.97|-1.41|-0.71|0.09|0.30|-1.94|1.10|-1.03|-0.33|0.51|1.07|-0.54|1.87|-0.44|0.76|-1.16|-0.19|-1.32|0.25|0.04
0.74|1.01|0.74|0.48|-1.83|-1.48|0.24|-0.04|0.20|0.40|2.21|-2.14|-0.34|-0.37|1.27|-1.02|-1.02|-1.69|1.68|-1.23|-0.26|-0.71|-0.89|0.18|-0.32|0.22|0.95
-0.82|0.83|-0.44|-1.80|-1.74|-0.07|-0.60|-0.57|-1.59|-0.39|0.09|-1.37|0.35|-0.24|0.93|0.02|0.31|-0.40|-0.50|0.90|0.26|0.57|-0.68|-0.20|2.35|-0.31|-0.63
------ Dim separator ------
1.36|2.38|-0.36|1.02|0.04|0.37|0.71|0.07|1.47|0.09|0.26|0.63|0.80|-0.26|1.28|0.84|-0.31|1.99|-1.78|-0.40|-0.37|-1.02|1.10|-0.85|0.11|-0.58|-0.03
0.73|1.14|0.48|-0.29|0.25|-0.53|0.21|0.93|-0.15|0.90|0.47|0.30|-2.01|-0.53|0.36|-0.90|0.80|-0.41|-0.66|0.46|-0.51|-1.16|0.70|0.84|1.14|-0.53|-1.43
0.86|0.75|0.95|1.07|-0.72|1.74|-0.77|-0.12|-0.55|0.79|-0.18|-1.31|-0.60|-1.30|1.49|-1.52|1.12|1.62|0.20|0.86|0.37|0.66|0.42|1.31|-0.98|-0.58|1.29
-0.09|0.02|0.18|0.48|-0.01|0.49|-1.44|0.22|0.31|2.37|0.19|-0.89|-1.04|-1.31|0.88|-0.40|0.28|1.50|0.46|0.86|0.68|0.78|-0.98|0.97|1.69|1.11|-0.65
-0.15|-0.43|0.69|-0.76|0.85|1.06|0.23|0.31|-0.04|1.01|2.12|0.15|-0.88|-1.39|0.44|-0.51|0.78|-0.77|0.52|-2.20|-0.09|0.01|0.36|-0.42|0.42|1.06|-1.06
