------ Dim separator ------
-0.27|0.87|0.19|-0.24|0.87|0.59|0.75|1.03|0.41|-0.08|-0.45|-0.69|-0.67|0.14|0.68|-0.01|-0.24|-0.07|0.04|0.65|1.06|0.54|1.00|-0.40|-1.04|-0.01|0.41
-0.44|0.13|-0.23|-0.97|1.27|-1.68|0.38|0.79|1.66|-1.10|-0.02|-0.44|0.15|-0.84|0.44|-0.40|-0.88|0.55|-0.15|0.26|-0.84|-1.08|-0.65|0.33|-1.57|0.03|-1.26
-0.25|0.22|0.08|0.54|-1.05|0.52|-0.47|-1.27|-0.82|0.20|-0.87|-1.02|0.19|-1.53|2.03|-1.71|0.43|-0.21|1.22|-0.17|0.75|-0.09|-0.42|-0.68|0.54|1.06|1.25
-0.63|0.03|-1.33|1.09|0.33|-0.74|1.79|-0.10|0.08|1.01|0.05|-0.14|-0.03|-0.73|0.68|0.82|-1.40|-1.16|-0.33|0.14|0.96|-0.21|1.14|-1.15|1.21|0.00|-1.63
1.79|-1.78|0.87|-0.24|0.71|-0.53|-1.11|0.81|0.68|1.21|0.68|0.53|-1.41|0.34|-0.22|0.72|-1.96|0.08|1.22|-0.21|0.98|-0.10|-1.00|-2.13|0.04|0.02|-0.17
------ Dim separator ------
1.14|0.25|0.76|-0.35|-0.11|-1.61|0.21|0.03|-1.23|0.59|-0.43|-0.00|0.09|-0.38|1.28|-2.42|-1.34|1.17|-1.06|0.16|-0.21|0.01|-0.32|-1.63|-0.49|-0.99|0.74
-0.11|0.84|0.25|0.05|0.63|0.43|0.06|-0.17|-0.21|0.60|0.39|-0.27|0.41|-0.79|-0.16|-0.54|-0.60|-0.31|0.26|0.80|0.48|-0.18|1.74|0.58|0.66|0.00|1.20
0.09|0.86|0.71|-0.11|0.53|-0.37|-0.42|0.34|-0.59|0.52|-0.09|1.02|-0.41|-0.03|0.36|0.01|0.21|-0.89|-0.71|0.29|1.02|1.31|-0.08|-0.10|0.08|-1.29|-0.08
0.32|-0.40|-0.29|-0.42|0.53|-0.16|-0.92|-0.16|0.12|-1.16|0.15|0.40|-1.69|-0.96|0.47|-0.73|-0.90|0.09|0.02|0.39|0.10|-0.39|-0.67|-0.90|-0.36|0.04|0.48
0.48|-0.77|-0.32|1.05|0.51|0.64|0.53|1.07|1.06|-1.42|0.97|0.67|0.57|-0.54|-0.41|0.27|0.17|0.67|0.15|-0.38|-0.30|-0.27|0.47|-1.88|0.87|0.64|0.87
------ Dim separator ------
-0.27|-1.21|0.89|2.09|-0.59|-0.12|0.72|-0.04|1.33|-0.28|-0.25|-1.80|1.60|0.23|0.23|-1.16|-0.90|0.38|0.00|-1.23|0.44|0.96|1.25|-0.93|0.38|1.16|-0.26
0.26|-0.35|-1.39|-0.38|0.04|0.19|-0.03|-0.39|1.72|0.66|1.08|-0.94|-1.13|-0.51|-1.21|-0.59|-0.91|0.38|-0.69|-0.42|-0.78|-0.48|-1.30|1.13|1.90|0.01|-0.89
-0.96|-0.39|-0.40|-0.37|-1.18|1.34|-0.07|0.78|-0.90|-0.88|0.21|0.92|0.23|-1.65|-0.52|-0.72|1.28|0.42|0.31|-0.21|-0.75|1.62|-0.64|-0.79|0.82|0.50|0.04
0.06|-0.22|0.69|-1.50|0.31|0.90|-0.25|-0.07|0.03|-0.80|-0.45|1.85|0.35|-0.90|-0.14|0.32|-0.36|-1.18|2.23|0.87|0.15|-1.27|-0.22|-0.35|-0.27|-0.19|0.37
1.22|0.22|-0.50|-0.85|1.13|0.43|0.77|0.26|-0.19|-0.19|-0.23|-0.66|-0.42|-0.20|-1.07|-0.48|0.45|1.08|-0.57|0.49|0.09|0.61|-0.35|0.34|-0.43|-0.52|-1.19
------ Dim separator ------
-0.86|1.42|-0.51|0.87|0.90|-0.00|-0.08|-0.06|-0.51|-0.72|-1.49|0.75|0.73|-0.11|-1.11|-0.65|-0.56|0.12|-0.32|-0.65|0.54|0.43|0.81|-1.44|-0.57|0.41|1.05
0.02|-0.30|1.18|-0.17|1.29|-0.84|-0.71|-0.42|1.06|-1.17|0.31|-0.32|-0.42|-0.13|-1.38|0.17|-0.40|-0.29|0.50|-1.10|0.97|1.54|-0.15|0.23|0.38|-0.17|-0.58
0.02|-0.40|-1.85|-0.74|-0.25|-0.10|-0.48|1.25|-0.86|-0.38|-0.65|0.31|1.03|-1.43|0.02|-0.17|-1.06|0.98|0.14|0.23|1.30|-0.24|1.06|-0.68|-0.23|1.11|-0.39
-0.37|0.98|-0.47|1.53|0.04|-0.41|1.38|-0.71|0.37|0.80|0.93|1.29|-0.96|1.61|1.52|-0.52|1.58|-0.51|0.44|-0.80|0.67|-0.55|-0.16|0.92|-1.36|0.59|-0.56
-0.15|-0.13|0.20|-0.29|0.36|0.42|0.50|-0.37|-0.03|0.69|0.36|-1.02|-0.11|0.29|-0.75|-0.08|0.53|0.31|-0.15|2.36|0.81|0.15|0.02|-0.96|1.05|-0.67|-1.04
------ Dim separator ------
0.56|-0.40|0.01|-0.12|0.75|0.26|0.10|0.03|1.41|0.08|0.51|-0.33|0.37|-1.10|0.11|0.45|0.17|-0.67|-1.04|-0.82|0.47|-0.03|-0.75|-2.00|-0.79|-0.13|-2.13
-0.77|0.87|-1.95|0.60|-0.27|-0.32|-0.26|0.19|-0.08|0.06|-0.02|-1.02|-0.13|-0.35|-0.17|-0.28|0.43|-0.90|-0.78|-0.59|0.77|0.30|0.08|0.35|-0.70|0.38|-0.01
-0.14|0.44|2.37|1.06|-0.19|-1.67|-0.42|0.71|-1.05|0.88|-0.03|-0.58|-0.21|-1.75|-0.97|1.83|0.24|0.37|-1.73|-1.20|0.57|0.71|0.18|0.53|-0.35|0.80|1.74
-0.51|-0.30|-0.08|-0.92|-0.56|0.27|-0.95|0.26|0.08|-0.41|0.30|-1.15|1.06|-0.30|0.01|-0.33|-0.75|-0.13|-0.43|-0.55|-0.90|0.34|1.54|1.14|-0.52|-0.09|-1.03
0.76|-0.56|0.76|-0.56|1.24|2.10|-1.01|0.30|0.07|-0.18|1.48|-0.37|0.17|1.04|-0.02|-0.10|-0.30|-0.57|0.58|0.04|0.61|-1.59|0.29|-0.37|-0.94|-0.14|-0.28
