------ Dim separator ------
-0.14|-0.03|-0.07|-0.03|0.96|-0.66|0.69|0.43|-0.29|1.02|-0.71|-0.25|-0.04|-0.07|0.20|-0.27|-0.50|0.40|-1.11|-0.38|-0.16|0.39|-0.33|-0.23|0.63|-0.53|-0.22
0.22|0.52|0.27|0.30|0.23|1.17|0.23|0.08|-0.58|0.82|0.20|-1.35|-0.03|0.13|-0.02|-0.67|-0.01|0.08|-0.24|-0.05|-0.13|0.17|0.63|-0.61|-1.05|-0.80|-0.09
0.27|-0.40|-0.25|0.11|0.93|0.49|-0.80|0.00|-0.12|0.01|-0.77|0.50|-0.08|0.10|-0.08|-0.88|-0.62|-0.03|0.26|0.98|-0.09|-0.80|0.62|-0.51|0.36|0.32|0.28
0.27|-0.12|-0.42|0.11|-0.98|-0.96|0.32|0.18|-1.37|0.41|0.56|-0.34|-0.14|0.04|-0.02|-0.09|0.71|-0.39|-0.02|0.36|0.37|0.21|-1.02|0.39|-0.40|0.24|-0.23
0.23|0.54|-0.52|0.10|-0.10|-0.99|0.50|-0.15|0.35|-0.46|0.27|1.15|0.18|0.09|0.02|-0.20|0.29|0.50|0.77|0.66|0.30|-0.09|0.26|0.15|0.95|0.30|-0.32
------ Dim separator ------
-0.47|0.60|-1.17|0.73|0.19|-0.64|-0.52|-0.48|0.72|0.81|-0.24|0.10|-0.10|-0.08|0.13|0.53|-0.20|-0.85|-0.08|0.12|-0.20|-0.08|-0.20|-0.06|-0.67|-0.57|1.28
0.56|-0.01|0.07|-0.56|0.12|0.67|-0.04|-0.66|-0.12|-0.89|0.77|1.61|0.28|-0.09|0.11|0.45|0.45|1.11|-0.12|0.26|0.10|-0.39|0.97|0.22|-0.21|0.23|-0.22
-0.55|-0.40|0.21|0.17|0.85|-0.02|0.40|-0.67|-0.08|0.10|0.70|-0.13|0.03|-0.24|-0.06|0.18|-0.08|0.55|0.21|-0.17|-0.14|-0.16|0.12|-0.14|-0.04|1.27|-0.22
-0.36|0.86|-0.63|0.52|0.86|-0.72|-0.10|-0.84|0.25|0.46|-0.54|0.05|-0.08|0.20|0.08|0.03|-0.18|0.13|-0.83|0.28|-0.16|0.56|0.47|-0.23|-0.55|0.29|-0.85
0.56|-1.41|0.17|0.54|0.31|0.40|0.06|0.23|-0.18|0.41|0.39|-0.67|-0.06|0.14|0.16|0.42|-0.40|-0.48|-0.06|-0.13|1.23|-0.16|-0.54|-1.51|0.05|-0.39|0.85
------ Dim separator ------
-0.50|-0.67|1.04|-0.60|-0.19|0.27|0.43|0.36|0.94|0.34|0.78|0.33|0.04|-0.13|0.03|0.95|0.17|0.54|-0.48|0.91|-1.28|0.39|-0.20|0.17|-0.02|-1.02|0.02
-0.96|-0.20|-0.62|-1.10|0.13|-0.39|-1.41|-0.31|-0.17|-0.52|0.47|-0.57|-0.09|0.12|-0.06|0.29|-0.37|0.27|0.42|0.39|1.04|0.19|0.04|0.09|0.24|1.08|0.65
-0.59|0.67|0.98|-0.69|-0.26|0.27|0.16|-0.07|-0.95|-0.41|0.18|-0.98|-0.32|-0.03|0.06|0.66|0.45|0.59|-0.48|-0.05|0.33|0.98|-0.17|0.54|0.17|-0.74|-0.61
-0.10|0.51|-0.05|0.42|-0.44|0.78|0.20|0.63|0.39|-0.09|-0.21|0.08|0.01|-0.15|-0.15|-0.35|0.38|0.23|0.88|-0.41|-0.24|-0.26|0.01|0.24|-0.14|0.42|-0.80
0.22|-0.39|0.10|-0.20|0.60|-0.03|-0.17|-0.23|-0.32|-0.74|-0.01|0.38|0.30|0.06|-0.02|-0.07|0.28|-0.26|0.36|0.12|-0.02|0.64|1.05|-0.52|0.22|-0.09|0.76
------ Dim separator ------
0.28|-0.26|0.47|0.38|-0.12|-0.45|0.41|-0.10|-0.44|0.67|0.76|-0.12|0.11|-0.12|0.24|2.02|0.35|0.80|-0.15|-0.11|-0.02|-1.04|0.39|-0.40|-0.16|-0.69|0.89
0.71|0.42|-0.05|-0.33|0.13|0.48|-0.58|0.86|-0.57|-0.07|0.35|0.75|-0.15|0.10|-0.10|0.35|-0.72|0.10|0.47|0.29|0.27|0.48|0.95|0.50|-1.26|0.07|0.63
0.42|-0.11|0.13|0.02|0.27|0.76|0.15|0.51|-0.45|0.45|0.51|-0.65|-0.02|-0.19|0.12|0.30|-0.99|-0.18|1.15|-0.45|0.38|-0.52|-0.19|0.02|-0.56|-1.19|0.42
-1.11|-0.44|-0.15|-0.42|0.27|0.64|0.17|-0.30|0.47|-0.36|-0.15|0.17|0.10|-0.12|-0.03|-0.21|-0.03|0.15|0.44|-0.20|-1.26|0.14|0.47|-0.27|0.87|-0.29|-0.44
-1.55|0.04|-0.16|0.25|-0.43|-0.95|0.43|-0.43|-0.44|-0.48|-0.66|0.81|-0.18|0.19|-0.10|-0.55|0.81|-0.37|-0.73|0.18|-1.25|-0.53|-0.85|0.35|0.21|-0.42|-0.30
------ Dim separator ------
1.44|-0.62|0.54|-0.87|-0.34|0.72|-0.64|-0.83|-0.63|1.17|0.36|-0.12|-0.13|0.02|-0.20|1.55|-0.17|-0.14|0.10|-0.35|-0.89|-0.48|-0.23|0.26|-0.11|0.28|0.46
-0.53|-0.20|0.55|0.45|-0.12|-0.04|-0.08|-0.41|-0.10|-0.16|0.43|0.41|-0.01|-0.14|0.11|-0.57|0.38|-0.57|0.41|0.99|0.28|0.00|-0.40|0.18|-0.36|-0.10|-0.02
0.63|0.12|-0.36|0.75|0.28|0.14|0.08|1.04|-0.15|0.21|0.00|-1.11|1.00|-0.13|-0.13|-0.06|0.93|-0.03|0.08|-0.18|-0.93|-0.25|-0.61|0.50|-0.35|0.27|-0.23
-0.38|0.11|-0.21|-0.01|0.05|-0.01|0.18|-0.64|0.26|0.58|0.91|-1.08|0.02|0.04|-0.05|0.22|1.26|-0.01|-0.01|-0.27|0.54|-0.66|0.11|-0.58|0.92|-0.87|0.05
-0.66|0.09|1.12|-0.98|-0.72|-0.41|-0.18|-0.86|-0.30|-0.56|0.30|0.77|0.02|0.05|0.06|-0.40|-0.38|0.34|-0.05|0.05|-0.14|-0.59|-0.29|-0.27|0.64|0.44|-0.70
