------ Dim separator ------
0.78|-0.45|-0.34|-1.48|0.46|0.41|0.32|-0.38|0.80|1.25|0.73|0.83|-0.11|2.45|0.12|0.36|-1.03|1.75|1.48|-0.79|-1.41|-1.46|-0.95|1.14|0.71|-1.08|-0.78
0.04|-0.07|0.72|0.87|-0.96|0.26|0.98|0.77|-1.92|0.87|-0.35|-0.29|-0.13|-0.88|0.20|0.57|-1.55|0.41|-0.21|0.69|0.30|-0.21|0.43|0.45|-0.16|2.12|-0.23
-0.37|-0.74|-1.68|0.62|0.59|0.32|0.18|0.16|0.11|-0.14|-0.53|0.02|1.45|1.27|0.31|-1.09|-0.02|-0.05|0.63|-0.05|1.06|-0.85|-0.56|-0.19|0.58|-0.17|1.68
0.39|-0.11|0.08|0.17|0.18|-0.77|-1.19|-0.91|1.23|0.89|-0.24|-1.37|-0.36|0.56|-0.10|-0.60|0.08|0.72|1.28|-0.73|1.32|0.93|-0.04|-0.46|-1.01|-0.59|0.20
-0.56|-0.13|-0.99|-0.19|-0.67|0.64|0.46|0.38|-0.41|0.66|0.26|-0.10|-0.87|1.10|1.25|0.73|0.39|-0.95|-0.27|1.12|-1.47|1.31|-1.54|0.13|2.13|1.41|-1.44
------ Dim separator ------
-0.35|0.49|-1.13|-1.65|0.43|0.80|-0.63|-0.50|-1.18|0.54|0.54|0.67|-0.68|-1.63|-0.41|0.18|1.11|-1.50|-0.46|0.69|0.53|0.88|0.08|0.15|0.59|0.10|0.76
-1.01|0.14|0.75|-1.56|0.24|0.28|-0.83|-0.98|0.60|1.21|-0.93|-1.21|0.83|1.46|-0.33|-0.35|0.57|-0.71|-0.42|-0.62|-0.44|0.08|-0.33|-2.15|-1.45|0.09|-0.22
0.97|-1.66|-0.50|0.61|0.20|-1.38|-0.08|-1.31|0.05|0.08|0.03|-0.70|-0.36|-0.05|0.79|1.29|0.46|0.49|0.10|2.36|-0.76|-0.08|-0.80|-1.61|-1.21|-0.22|-0.83
1.44|0.35|-0.50|0.92|-0.09|0.47|-0.95|-0.05|0.70|-1.23|-0.57|1.42|0.28|-0.61|-1.84|-0.36|0.46|1.32|-0.90|1.07|-0.37|0.79|-0.63|0.41|-0.75|-1.02|0.41
-0.95|-1.27|-0.47|-0.65|-1.02|0.21|-1.22|-0.20|-1.30|-0.34|-1.47|-0.59|0.08|0.97|0.33|-0.98|1.52|0.20|0.16|0.69|0.56|-0.63|0.17|1.59|-0.09|-0.72|-1.30
------ Dim separator ------
1.57|0.55|1.22|-1.46|0.38|-0.08|-0.09|0.00|0.67|0.12|0.10|0.03|-1.60|-0.23|1.49|1.99|-0.35|1.10|1.47|-1.49|-1.75|0.87|-0.23|0.85|-0.64|0.77|0.82
0.61|-0.55|0.55|-0.36|0.53|0.21|1.27|-1.50|-0.21|0.47|-0.12|-0.06|0.11|0.56|0.23|0.04|-0.00|1.17|-0.43|0.40|-0.40|-0.33|1.57|0.57|-0.67|-1.00|-1.17
0.11|-0.10|-2.22|2.12|0.82|-1.76|0.26|-0.41|1.16|0.18|-0.23|-0.35|1.43|1.97|-0.01|-2.14|-0.19|-1.22|0.72|-1.68|0.40|-1.24|-0.06|-0.74|-0.69|-0.36|-0.89
0.37|-1.82|0.08|-0.03|1.14|-0.35|0.29|-0.81|-0.39|0.71|-0.14|-1.05|-1.71|-2.20|-0.07|0.51|0.07|1.18|0.71|1.09|-1.09|-0.68|0.84|0.74|0.64|0.21|-0.21
-0.55|0.86|1.69|1.21|0.73|-0.90|-1.18|-0.98|0.25|-0.69|-0.24|0.11|0.18|-0.43|0.56|0.72|-0.56|-1.02|-0.43|0.25|-0.70|0.64|1.44|-0.35|0.67|-1.17|0.35
------ Dim separator ------
1.59|0.18|0.23|-1.02|-0.82|-1.64|-0.34|0.71|-0.25|-1.57|-0.47|0.43|-0.16|1.26|-0.25|-0.31|-0.86|-1.62|0.27|-0.43|0.01|0.07|-0.12|-0.50|0.24|0.27|-1.43
-2.56|1.27|-1.65|0.99|-0.00|0.30|1.28|2.60|0.33|0.41|0.88|-1.50|0.44|0.74|0.78|0.63|-2.41|0.19|-0.56|0.22|-1.56|-0.10|-1.27|-0.11|-0.98|1.20|-1.29
0.53|0.40|0.06|0.65|-0.42|0.38|1.33|-0.30|0.16|0.29|1.57|0.04|0.29|-0.18|0.02|-0.04|-1.11|0.32|-0.97|-1.16|0.02|-1.65|0.55|-0.82|-2.25|-0.09|0.85
1.32|-1.02|-0.54|-1.16|0.01|0.88|-0.24|-0.32|0.17|-0.92|-1.60|1.61|1.16|-0.02|0.03|0.19|-0.78|0.15|-0.92|0.31|-0.67|1.87|1.73|-1.48|0.26|-0.25|0.86
0.43|-1.55|0.91|0.70|0.84|-1.09|-0.18|-1.14|2.13|-0.37|-0.05|-0.46|-0.28|-0.47|1.15|-0.28|0.31|-1.21|0.67|0.27|-1.80|-0.12|-0.43|-0.45|-0.00|-0.14|1.04
------ Dim separator ------
-1.55|0.27|0.02|1.03|0.93|-0.50|-0.88|-0.28|-2.05|0.53|1.68|0.13|-0.19|0.79|1.06|-1.31|0.81|-0.41|0.83|-1.13|-0.51|1.27|0.43|-1.43|-0.86|0.66|-0.32
1.00|0.35|0.47|-0.41|0.41|0.56|-0.19|-0.59|0.37|0.31|0.47|2.08|0.17|2.56|-0.56|0.26|-0.63|1.79|-1.50|-0.77|1.51|-1.31|-0.20|-0.11|-0.67|1.10|0.85
1.28|-1.47|-1.57|0.33|1.38|0.92|1.17|-2.61|0.43|-0.55|0.52|3.09|0.37|1.39|-0.37|-0.57|-0.98|-0.12|-0.27|1.66|1.53|0.25|0.56|1.97|1.30|-1.90|1.11
-0.07|-2.16|-0.50|0.52|0.63|1.82|0.57|-0.04|-1.25|-0.85|0.95|-0.37|0.16|0.82|-0.82|0.36|-0.12|-0.35|-0.69|1.13|0.48|0.76|-0.19|-0.53|-0.88|-0.82|1.73
0.28|-0.95|-0.54|-0.80|-1.17|-1.90|-0.11|0.67|-1.51|-1.35|-1.87|0.22|-1.52|0.64|-1.01|-0.08|1.67|0.34|-1.49|0.88|2.02|0.57|-0.86|0.62|0.26|-0.89|-0.64
