------ Dim separator ------
-1.27|1.26|1.13|-0.35|-0.98|-0.62|1.06|-0.82|-1.76|0.61|1.05|-0.44|0.37|1.23|-0.15|1.56|0.04|-0.99|0.38|-0.23|-0.42|-0.56|-0.06|-1.58|-0.12|1.08|-0.95
0.36|-0.03|-0.25|0.68|-0.21|-0.59|0.55|0.54|-0.99|0.54|1.21|-0.41|0.12|-0.02|-0.09|0.44|0.64|-1.23|0.58|-1.14|0.72|0.88|-0.54|0.30|-0.17|0.73|0.10
-1.36|-0.79|-0.75|0.20|0.44|0.48|-1.27|-0.09|0.62|-1.56|-0.20|1.26|-0.72|-0.11|0.02|-0.33|0.34|-0.73|0.21|0.10|-0.08|-0.88|-0.30|-0.26|-0.06|0.50|-0.71
0.83|-0.06|-1.56|0.34|0.41|0.19|-0.60|-1.11|-1.93|-0.74|-0.42|-1.46|0.87|-0.05|-1.25|0.23|0.36|-0.42|-1.64|0.85|-0.68|0.14|0.47|0.94|-0.95|1.16|-1.24
0.53|-0.57|-0.95|0.96|0.38|-0.55|1.96|-0.85|-0.72|-0.65|0.48|0.54|-0.94|-0.69|0.64|0.30|-0.25|-0.49|-2.40|0.17|-0.95|-1.71|0.46|1.12|1.07|-0.93|-2.30
------ Dim separator ------
-2.28|2.63|1.31|1.78|0.75|0.20|-0.85|-0.34|-1.33|1.25|1.70|-0.88|-0.24|0.06|-1.06|0.13|0.66|-0.66|-0.01|-0.01|-0.33|-0.46|-1.31|2.92|-1.39|0.19|0.36
1.28|0.26|-0.14|-0.69|0.34|-0.18|1.68|-0.37|1.31|-1.68|-0.18|0.36|-0.80|0.77|-1.13|-0.59|-0.05|0.86|-0.66|1.79|1.17|0.09|-0.35|-0.37|-0.55|-0.94|-0.13
0.40|-0.54|-0.87|-0.39|0.25|-0.58|0.69|-0.93|0.86|-0.03|0.04|0.25|-0.30|-1.21|-0.01|0.46|0.69|-0.02|1.65|0.73|-0.48|-0.12|-0.03|-1.18|1.18|-0.10|-1.51
-1.08|-0.44|-1.31|0.18|-1.25|1.34|0.15|-1.10|0.58|-1.83|-0.22|0.81|0.29|1.37|-1.75|-0.81|0.21|-0.43|-0.45|-0.11|-0.46|-0.40|-0.58|0.50|-0.21|1.11|0.33
0.64|-0.76|-0.87|1.66|0.60|0.85|0.12|-0.44|0.76|1.79|-0.43|-0.82|0.52|-0.55|0.38|-0.61|0.36|2.10|-0.19|0.73|1.73|-0.60|-0.02|0.66|1.08|1.27|-3.16
------ Dim separator ------
0.78|-0.61|0.21|0.07|0.71|2.12|-0.93|0.07|0.42|-1.03|-0.67|0.21|0.68|1.34|0.83|0.36|-0.77|-2.47|-0.18|0.84|1.24|1.72|-0.39|-1.23|0.31|-1.13|-0.12
-0.64|0.66|-0.57|-0.18|1.49|-0.12|1.12|-0.68|-1.03|-1.20|-0.10|0.14|-0.84|0.99|1.78|0.22|-0.40|-0.37|-0.26|-1.09|1.73|0.63|0.25|0.71|-0.97|0.16|-0.50
1.24|0.68|-0.79|2.43|-0.10|0.94|0.84|0.85|0.30|-0.50|1.03|0.49|1.33|0.46|0.43|-1.02|-0.04|0.61|1.64|-1.33|-1.10|-2.03|-0.75|0.76|-0.95|-1.06|-1.16
-0.33|-0.43|-0.98|-0.61|-0.21|-0.61|1.44|-0.08|-0.80|0.57|-0.41|-0.75|-1.15|-0.32|-0.68|-0.32|-1.02|1.45|0.27|1.90|1.30|-0.34|0.05|1.32|0.47|-0.18|0.66
-0.38|-0.06|0.03|1.53|0.07|-1.25|-1.31|0.84|-0.36|-0.12|-0.48|-0.10|1.60|0.04|0.29|1.39|0.36|-1.02|0.62|1.36|1.16|0.19|-0.95|0.20|-1.00|0.54|0.68
------ Dim separator ------
-0.14|-0.78|-0.77|-1.83|-0.29|0.51|0.48|-1.38|0.91|-0.54|0.66|0.74|0.33|-0.16|-0.74|-0.70|0.32|0.98|-0.98|-0.77|0.08|0.67|-1.30|0.23|1.25|0.51|-0.96
-1.49|0.34|-0.76|0.20|0.80|0.14|0.63|0.47|-1.11|1.67|-1.35|0.25|1.27|0.17|-0.45|-0.47|1.25|-1.14|0.46|0.40|-1.03|0.24|0.10|0.26|1.20|0.89|-0.22
1.45|-0.43|1.11|0.88|1.69|-0.87|-0.33|0.03|-0.09|-0.18|1.00|-0.11|1.10|0.89|0.18|0.82|0.09|1.13|-0.16|-0.31|-1.21|-1.22|0.77|1.12|-0.69|-0.01|1.18
-0.78|0.56|-0.22|0.12|-0.03|1.30|-0.30|-0.12|-0.27|0.60|-0.34|-1.49|0.02|0.35|-0.84|0.44|-1.32|-0.13|-0.67|0.25|-1.48|1.91|-0.12|-0.27|2.13|0.78|-0.03
1.70|0.29|-0.87|1.56|-0.56|-0.21|0.56|-0.04|-0.35|0.04|-0.13|-0.26|-0.08|0.14|-0.86|0.12|0.04|-1.73|-0.17|-0.67|-0.24|0.22|0.51|0.07|0.38|0.85|-0.21
------ Dim separator ------
-0.69|0.01|0.00|-0.86|-0.14|-1.23|1.04|0.69|-0.66|1.49|-0.44|-0.87|-1.20|-2.16|1.55|0.62|-0.48|-1.02|0.87|-0.45|-0.05|0.84|1.48|1.08|1.01|-0.47|0.58
0.76|0.40|-0.38|-0.48|-0.74|-0.14|-2.30|0.42|-1.41|-0.85|-0.84|1.82|-0.04|-0.11|-0.48|0.22|0.67|0.98|0.53|-1.48|-0.16|0.22|-0.66|0.09|0.83|-1.60|-0.05
1.25|0.89|-0.38|1.16|1.35|-0.02|0.08|-1.24|0.76|-0.82|-0.76|1.40|-0.36|0.82|-1.02|-0.48|-0.23|0.08|-0.03|0.99|-0.79|-1.73|-1.03|-0.19|-0.50|-1.35|1.26
1.09|-0.93|-0.90|0.81|-0.35|-0.13|-0.33|-1.75|-0.34|-0.95|0.32|0.41|-1.06|0.71|0.08|-0.47|1.72|0.25|-0.60|-0.05|0.38|1.05|1.24|-0.68|-0.27|-0.57|-0.48
0.40|0.40|-1.42|1.39|-1.45|-1.12|-1.66|-0.59|0.98|-1.04|-1.73|-0.82|-1.10|0.42|-0.21|1.47|0.28|0.46|-0.27|0.66|0.61|0.53|-1.66|-1.56|0.81|-0.72|0.26
