------ Dim separator ------
-1.02|-0.36|0.17|0.18|0.67|-0.82|0.43|0.57|-0.56|0.18|-1.71|-1.16|0.67|-0.70|-0.74|-0.83|-0.34|0.58|0.90|0.34|-0.25|0.02|0.57|-0.93|0.08|0.75|-0.07
0.07|0.37|0.89|-0.25|-0.30|0.04|-0.28|0.44|-0.27|-0.18|0.17|0.59|0.06|0.11|-0.79|-0.71|-0.71|-0.37|0.62|-0.39|0.23|-0.42|-1.46|-1.52|-0.17|0.81|-0.82
-0.21|-1.83|0.06|0.74|1.00|0.48|0.16|-0.28|0.36|-0.04|0.32|-0.41|-0.81|0.11|-0.95|1.06|-0.75|-1.09|0.67|-1.76|0.48|-0.09|0.03|0.51|0.19|-2.14|-1.00
-1.03|-1.11|-0.47|-0.70|-0.14|-0.57|0.29|1.29|0.49|0.76|0.46|-0.62|-0.23|0.60|1.22|0.73|-0.59|0.21|0.02|-0.47|0.20|0.21|0.61|-0.23|0.19|0.37|0.88
1.62|0.18|-0.77|-1.31|0.48|-0.24|-1.55|1.64|0.71|0.60|1.55|-0.34|-0.43|-0.12|-0.03|-0.22|-0.77|0.73|0.44|-0.13|-0.53|-0.06|0.89|1.42|0.30|-0.37|0.25
------ Dim separator ------
-0.98|0.09|-1.55|0.84|1.35|0.16|-0.57|0.01|0.48|0.24|0.50|-0.70|-0.43|-0.67|0.44|1.19|-0.52|0.82|0.78|0.12|0.24|0.20|-1.26|-0.59|-0.11|-0.46|-0.42
0.07|0.73|-0.25|0.54|-0.68|-1.19|-0.96|-0.41|0.57|-0.86|-0.94|-0.39|-0.06|-1.20|0.69|0.19|0.42|-1.45|0.79|0.57|1.06|0.05|-0.76|-0.07|-0.37|-0.19|0.12
0.16|0.21|-0.55|0.62|-0.13|-0.45|0.93|-1.28|-0.97|0.31|0.56|-0.96|0.68|-0.32|-1.36|-0.18|-1.02|-0.54|-0.79|0.11|-1.27|-1.22|0.25|0.71|0.54|-1.18|-0.57
-0.26|-1.35|-0.74|0.15|0.39|-0.27|0.60|-0.84|0.21|-1.54|0.05|-0.52|-0.25|0.01|1.00|-0.31|-0.09|0.40|0.20|0.85|-0.25|-0.65|-0.58|-1.07|0.99|0.00|-0.37
0.35|0.04|-0.26|-0.51|1.58|0.68|0.44|-0.01|0.04|-1.46|0.09|0.24|0.57|-1.01|-0.50|0.31|0.45|-0.18|-0.46|-0.98|-0.09|0.26|0.02|-0.18|0.59|0.17|1.40
------ Dim separator ------
-0.55|-0.37|0.28|-0.40|0.32|-0.02|-1.04|-0.79|1.02|0.12|1.13|-0.47|-0.55|0.21|0.59|0.73|0.24|-0.15|0.24|0.91|0.62|-0.34|0.30|-1.22|-0.01|-1.34|1.60
1.51|-0.14|0.10|0.28|0.55|-0.10|0.03|0.61|2.00|1.30|-0.09|0.55|-0.53|-0.33|-0.22|-0.78|0.72|-0.69|0.42|0.38|-0.19|-0.33|-1.40|-1.00|-0.12|1.17|1.29
-0.08|-0.43|0.40|0.98|0.15|-1.37|-0.75|-0.50|1.08|0.30|-0.09|-0.67|-0.12|-1.01|-0.26|-0.70|-0.14|0.06|0.22|0.97|0.23|-0.79|-0.07|-0.55|0.85|0.18|0.17
0.83|0.32|-0.39|-0.79|-0.63|1.71|-0.48|0.27|-0.06|0.59|0.92|0.57|1.07|0.10|-2.16|-0.45|0.52|-0.24|0.79|-0.65|-0.71|-0.13|-0.43|0.79|-0.02|-0.16|0.41
0.80|-1.19|0.12|-0.77|-0.86|0.76|0.39|0.21|-0.59|-0.76|0.70|0.09|0.63|-0.49|-0.71|-0.30|0.69|-1.07|0.60|1.27|0.50|0.17|-0.22|0.09|0.31|-0.93|1.02
------ Dim separator ------
-1.18|-0.40|1.04|-0.19|0.67|-0.32|0.12|-1.17|0.21|0.05|-0.82|-0.10|0.28|-0.40|-0.85|-0.41|-0.72|1.00|0.03|-1.06|-1.22|-1.00|1.30|-1.19|0.16|-0.06|0.81
1.12|-0.32|0.39|0.46|-0.01|0.01|0.84|-1.30|-1.34|1.63|0.63|-1.12|0.60|-0.42|0.47|0.50|-1.27|-0.20|0.65|-0.58|0.67|1.12|0.79|0.41|1.17|0.13|-0.60
-0.13|0.43|-1.00|-0.20|-0.64|0.28|0.38|-0.18|0.43|-0.40|-0.74|-0.04|0.21|0.04|-0.27|0.02|0.61|-1.96|1.48|-0.20|0.41|0.22|1.43|0.77|0.02|0.37|-0.86
-0.33|-0.90|1.54|-0.43|0.06|-0.07|0.82|0.87|1.60|0.92|-0.19|-0.62|-1.13|0.36|-0.03|-0.59|-0.48|-0.84|-0.68|-0.66|-0.04|0.50|0.06|0.07|-0.29|1.17|-0.76
1.14|0.53|0.58|-1.64|-0.08|-1.12|-0.14|1.74|0.30|0.78|0.50|-0.42|0.85|-1.06|0.85|-1.15|0.10|0.74|0.55|-0.35|1.29|-0.14|-0.04|-0.59|1.09|-0.42|-1.14
------ Dim separator ------
0.10|0.51|0.76|-1.24|0.40|0.85|-0.26|1.71|0.25|-0.84|-0.82|-1.61|-0.96|0.01|-1.54|0.74|0.37|0.55|0.15|0.19|-0.47|1.78|-0.26|0.27|0.89|-0.14|-1.45
-0.67|1.08|-0.39|-0.50|2.03|-0.11|-1.66|-1.04|-0.95|0.24|0.05|-0.44|1.13|-1.01|0.72|0.83|-0.23|-0.66|-0.13|-0.18|-0.04|0.79|0.83|1.82|-0.20|-0.10|0.25
-1.04|0.29|-0.35|-0.41|0.54|-0.34|-0.87|-0.08|-1.07|2.29|-0.50|-1.80|-0.05|0.59|0.55|-0.93|-1.08|-0.50|-0.19|0.54|-0.86|-0.91|-0.36|0.28|0.05|0.53|0.74
-1.55|-0.46|0.83|-0.55|0.16|-0.00|0.65|-0.73|-0.47|-1.42|-1.29|0.35|0.04|-0.07|1.71|0.42|-0.46|-0.17|-0.21|1.74|0.73|0.72|0.30|1.78|0.41|-0.54|-0.31
0.61|1.36|-1.35|1.53|0.61|1.18|-0.73|-0.62|2.32|0.98|-0.58|0.18|-0.49|-1.55|-0.03|1.39|-0.80|0.05|-0.18|-2.63|-0.92|-1.00|-0.96|0.23|-0.52|-0.22|0.82
