------ Dim separator ------
-0.25|-1.21|0.43|-1.37|-0.39|-0.71|0.25|0.60|-0.94|-1.14|-1.24|-0.73|-0.72|0.66|-1.32|0.63|0.24|-1.46|0.52|0.35|-0.40|-2.00|-1.45|0.74|1.81|0.23|0.87
0.13|1.79|-0.19|1.68|-1.98|-1.02|1.03|1.13|0.06|0.13|0.89|0.48|-1.13|-0.27|-0.92|1.45|-1.34|1.51|-0.54|0.27|0.05|0.93|1.03|-0.85|0.83|-0.83|0.04
-0.98|-1.12|-1.27|1.10|0.70|-0.54|-0.60|1.39|0.96|0.35|-0.71|2.44|-1.26|-0.36|1.00|1.19|0.57|0.83|-0.84|0.56|0.83|1.05|-1.16|1.25|1.50|-0.39|1.21
-0.75|-1.36|0.92|1.03|-1.59|-0.98|-1.91|0.14|0.74|0.69|-0.42|0.42|1.04|1.02|-2.15|-0.92|0.63|0.77|0.02|0.30|-0.49|2.20|0.73|-0.75|-0.76|0.19|-0.75
-0.24|-1.67|0.17|-0.90|-0.17|1.70|-0.12|-0.82|-0.54|-0.74|-1.03|0.56|1.33|0.21|1.03|0.32|0.64|-1.78|-0.69|1.34|0.05|2.24|0.23|1.17|0.62|0.93|-0.55
------ Dim separator ------
0.08|-0.42|0.11|-0.35|1.25|1.04|-0.45|-0.23|0.89|-0.28|1.27|-0.23|-1.33|-2.17|-2.01|1.97|0.27|0.14|0.52|1.04|0.21|-1.08|0.37|0.66|0.78|0.49|0.77
0.87|-2.08|2.91|-0.85|0.66|0.98|1.07|-0.71|-0.19|-0.27|-0.91|1.19|1.29|0.54|0.11|-2.03|-1.05|-1.31|-1.89|-1.67|0.31|-0.07|0.49|0.01|-1.14|-0.78|1.29
0.28|0.04|-1.40|2.20|1.92|-1.27|0.06|0.34|1.41|-0.25|0.55|0.98|0.78|-1.43|-1.22|0.46|-0.82|-0.49|-0.96|-0.78|-0.46|-1.76|-0.51|0.99|2.15|0.98|-0.01
-1.30|-0.48|0.59|-0.16|0.08|0.47|0.32|-0.25|-0.14|0.36|0.53|1.27|-0.12|-0.60|-1.64|0.55|2.49|-0.27|0.45|-1.12|1.11|1.45|0.82|0.83|0.56|-0.78|0.35
-1.83|-0.36|0.73|0.26|0.94|-0.95|-0.99|0.53|-0.13|1.64|-0.56|-0.17|-0.13|0.33|-0.83|-0.92|0.58|-1.06|0.44|1.30|1.86|0.48|0.52|0.08|-0.02|0.81|-1.05
------ Dim separator ------
0.23|0.63|0.08|-1.22|-0.31|0.40|-2.37|1.21|1.21|-0.65|1.41|0.00|1.17|1.03|-1.21|1.33|2.37|-0.81|-0.19|0.77|0.52|-0.83|0.10|0.28|-0.49|-1.71|0.66
0.79|-0.69|0.48|-1.02|-0.21|-0.56|-0.55|-1.26|-0.92|-0.01|0.59|0.59|0.02|-2.99|0.45|-0.15|-0.81|-0.04|-1.39|1.97|0.55|-2.14|0.91|0.90|0.04|0.40|-1.55
-0.02|1.69|1.35|-0.19|1.68|0.48|0.48|0.10|1.01|1.28|0.98|1.07|0.60|0.25|-0.32|-0.82|0.26|-1.15|0.20|-0.15|-1.06|-1.40|0.43|-0.05|-0.45|-0.36|-0.03
0.63|-1.42|0.90|-0.66|0.06|-0.11|0.15|0.30|-1.08|0.09|-2.18|-0.79|-0.69|-0.97|-0.52|0.21|-0.92|1.68|-0.83|0.17|2.01|-0.97|-0.77|1.07|0.21|-1.50|-1.77
0.73|-1.25|0.72|0.42|-0.53|-0.93|-2.01|-0.28|-0.45|1.38|1.17|-0.75|-0.12|-0.39|0.64|1.30|-0.90|-0.58|-1.41|1.16|-1.04|-0.59|1.56|1.56|1.47|0.37|0.97
------ Dim separator ------
-0.46|-0.46|-0.49|-1.24|-0.55|-0.90|-0.26|-0.79|0.65|-0.51|0.83|-0.89|-0.35|1.94|0.39|0.29|-1.15|1.28|-1.02|-0.32|-0.44|-1.37|0.23|-0.50|-0.24|0.55|-0.20
-1.64|-0.46|-2.28|-1.53|-0.57|-0.72|1.62|-0.52|0.70|0.57|-1.61|-0.36|0.22|-0.57|0.50|-0.60|0.85|-0.52|-1.17|0.07|-1.43|-1.13|0.44|1.06|0.89|-0.12|-0.55
0.82|-1.55|0.25|0.22|0.81|-0.75|-1.16|-0.79|0.59|1.08|1.35|-1.87|0.61|0.36|0.30|1.79|0.35|-0.01|-0.53|-1.80|-2.26|-2.88|-1.06|-0.59|0.67|0.32|-0.37
-0.42|-2.05|-1.02|-0.66|0.67|1.50|-0.39|-0.22|-0.84|-0.08|0.79|-0.53|0.38|-0.48|-0.28|1.45|-0.42|1.17|-0.37|0.78|-1.42|0.24|0.77|-1.34|2.18|0.37|1.36
0.43|-0.17|-0.07|-0.27|0.90|1.37|0.11|-0.35|-0.32|0.91|0.20|0.97|0.51|0.83|-1.18|-0.29|0.57|-0.61|1.93|-0.94|-0.10|-0.73|-0.22|-0.08|-1.51|2.11|-0.11
------ Dim separator ------
0.86|0.71|-2.08|1.22|-0.29|-0.64|-1.11|-1.32|-0.40|-0.18|1.01|1.70|-1.53|-0.81|-0.29|2.01|0.69|-1.26|-1.15|1.30|-0.36|0.41|1.26|0.77|-0.58|0.87|1.85
0.40|-0.16|1.32|0.60|-0.82|-0.94|-1.52|0.37|0.15|0.62|-1.82|0.15|0.12|-0.65|-1.44|-1.53|-0.48|0.83|0.67|0.29|1.81|-0.37|1.16|0.82|3.24|-0.29|1.13
0.84|0.22|-0.31|-0.58|0.93|0.64|-0.86|-1.11|-0.31|0.20|-0.00|-0.51|-1.24|0.58|0.33|0.31|-0.87|1.63|-0.43|0.24|0.38|-0.25|-0.40|-0.06|0.87|-1.17|-0.86
0.40|-0.23|-0.74|0.21|-0.00|1.51|-0.54|-1.28|0.09|0.41|1.33|-1.20|1.08|0.35|-1.29|0.01|1.97|-0.72|-0.19|-0.12|-0.32|-1.59|-1.60|0.02|0.99|0.76|0.71
0.35|-0.92|-0.93|0.07|-1.60|0.08|0.89|2.20|0.50|-0.08|-1.87|0.06|0.50|0.64|-2.10|-0.53|2.95|0.84|0.73|0.85|-1.01|-0.21|-2.17|-0.61|1.32|-0.32|-0.39
