------ Dim separator ------
-0.10|-1.11|0.62|0.85|1.07|-0.30|-0.89|-0.57|1.37|0.76|-0.53|0.45|0.10|-0.29|0.27|0.70|0.48|0.08|-0.65|-0.52|0.03|-0.15|-0.01|1.06|0.04|0.30|0.21
0.66|-0.27|0.88|-0.09|-0.18|0.90|-0.21|-0.20|0.30|0.90|-0.07|-0.76|-0.33|0.19|0.63|-0.23|0.72|-0.66|-1.56|0.00|0.19|0.39|0.59|0.84|1.67|0.97|0.41
0.27|-0.08|0.35|0.47|0.10|-0.77|-0.19|-0.60|-0.55|-0.89|-0.47|-1.05|-0.65|0.17|-1.49|1.46|-1.00|0.10|0.33|-0.55|0.83|1.17|1.27|-0.79|-0.79|0.22|0.54
-0.38|-0.17|0.27|-0.52|-0.32|0.65|0.04|0.52|1.00|-0.27|0.02|-0.78|-0.93|0.14|0.47|-0.68|-0.15|-0.83|-0.05|-0.90|0.24|-1.31|0.72|1.16|-0.42|0.68|1.00
-1.22|-0.01|-1.11|1.71|1.47|-0.13|0.63|0.68|-0.25|-0.88|0.24|-0.18|-0.75|-1.49|2.29|-0.40|-0.33|0.96|-0.23|-1.38|-0.18|-1.30|0.77|-0.11|0.97|0.38|0.66
------ Dim separator ------
-2.21|1.85|0.05|0.97|0.01|0.73|0.73|-1.33|0.23|-0.35|1.02|0.67|-0.00|-0.58|1.55|-0.18|1.25|-0.03|1.41|0.36|-0.28|-1.71|-1.03|1.06|-1.65|-0.94|0.28
-0.31|-0.22|-1.55|-0.07|-1.39|0.04|-1.24|-1.09|-0.01|-0.40|1.03|-2.35|-0.27|0.65|-0.06|1.15|0.22|-0.02|1.54|0.50|0.19|0.24|0.67|-0.36|1.15|-0.48|-0.13
0.75|-0.10|-0.36|-0.53|0.10|0.45|1.40|-1.06|1.06|0.34|0.52|1.63|0.47|-0.03|0.16|-0.69|-0.15|1.48|0.85|-0.47|-0.23|-0.16|1.75|-0.61|-0.65|0.07|-0.19
-0.35|-0.17|-0.91|1.11|0.16|-0.38|0.61|-0.25|1.30|1.32|0.32|-0.30|-0.82|0.45|0.70|0.51|0.77|0.87|1.65|1.69|-0.10|-1.17|-0.21|-0.20|0.37|-0.94|-0.48
-0.44|-0.42|-0.51|-0.34|-1.34|0.19|-0.16|-0.49|-1.19|-1.28|-0.14|-0.80|-0.80|1.21|0.79|0.92|0.10|2.22|-1.16|0.37|-0.13|-1.60|-1.05|0.11|-0.30|-0.61|1.38
------ Dim separator ------
0.14|0.59|0.48|-0.87|0.30|-0.38|0.48|0.31|-1.56|0.38|0.83|0.35|-1.69|-1.00|0.47|0.67|-0.81|0.42|0.23|-0.70|0.31|-0.77|-0.26|0.58|-0.55|-0.26|0.88
0.28|0.40|0.42|0.08|-0.44|1.08|-0.81|0.91|0.13|0.45|0.17|-0.55|-0.31|0.63|-0.13|-0.21|0.78|-1.25|-0.19|-0.84|0.55|1.79|0.72|-0.28|-1.41|-0.48|-0.81
0.77|-0.87|-0.20|0.87|0.01|-0.10|-0.87|-0.50|0.75|-0.41|0.23|-0.11|0.92|1.74|0.90|-0.52|-1.15|0.11|0.32|-0.24|1.41|-0.27|-0.84|-0.20|0.40|0.02|-0.13
0.20|1.87|-1.04|-0.05|-0.47|0.60|-0.70|1.02|-0.80|-0.08|0.90|0.37|-0.92|-0.70|0.78|-1.16|1.03|0.45|-2.19|1.02|1.02|0.54|0.98|0.11|-0.06|0.40|-1.07
-1.34|-0.63|0.68|-0.03|-0.34|-0.01|-0.69|-0.35|-0.57|1.01|-0.81|-1.16|1.15|1.41|1.09|-0.60|1.41|-0.84|-0.46|0.38|-0.82|-0.14|-0.15|-0.88|-0.49|0.27|0.34
------ Dim separator ------
-2.02|-0.59|0.11|-2.09|1.10|-0.21|0.52|0.22|0.45|-1.26|-0.91|0.04|0.37|-0.96|-0.56|1.48|0.38|0.77|0.47|1.09|-1.40|2.02|-0.30|0.38|1.40|-2.03|-0.55
0.75|0.49|-0.15|0.97|-1.34|-0.49|2.02|-0.59|-0.48|-0.73|-1.78|1.05|-0.21|-0.61|-0.30|-1.27|0.70|0.06|0.72|-0.97|-1.08|1.51|-0.59|0.87|-0.50|1.07|-0.99
0.21|1.72|-1.32|1.20|-0.47|-1.70|0.37|1.35|-0.25|-0.31|0.08|1.17|0.86|-0.37|-0.05|0.35|0.79|0.09|0.74|-0.90|0.17|0.01|-0.26|1.36|2.18|-1.23|-0.03
0.53|0.53|0.18|-0.65|0.84|-0.40|0.26|-0.06|-0.59|0.23|1.08|-1.08|-0.01|-0.33|-0.68|-0.65|-0.91|-0.39|-1.08|-0.60|0.91|-0.54|1.03|1.11|-0.39|-0.45|-1.46
-0.28|-0.09|1.41|1.08|1.29|0.34|-1.31|1.29|1.27|1.83|1.16|-0.10|0.26|-0.20|0.66|0.84|0.16|-0.42|-1.39|0.47|-0.04|-0.97|-1.30|0.50|0.98|-0.28|1.35
------ Dim separator ------
-0.22|-1.61|-0.70|-0.71|0.55|-0.56|-0.72|1.06|0.25|0.21|-0.64|0.94|1.54|-0.16|0.34|-0.54|0.19|1.36|-0.13|-1.82|-1.86|0.10|-0.21|-0.30|0.98|-1.46|0.74
0.16|0.21|0.19|1.16|-0.40|0.20|0.98|-1.77|0.60|-0.73|0.53|1.17|0.51|1.33|-1.08|0.52|0.87|-0.09|-0.13|0.14|0.81|0.53|-0.86|-0.31|0.03|-1.78|-0.58
0.31|-0.93|-0.20|-1.24|1.17|-0.43|1.56|1.10|-1.12|0.38|-0.17|-0.08|0.48|-0.17|-0.22|0.34|-0.72|0.56|0.83|-0.21|0.57|-0.32|-1.68|-1.26|-0.91|0.11|-1.00
-1.76|0.64|-0.27|0.48|-0.81|-0.53|1.43|-1.16|-0.66|1.43|-0.18|0.33|-0.57|-0.38|-1.11|-0.28|0.52|-0.04|-1.98|-1.23|0.84|1.83|-1.00|-1.48|-1.73|-0.04|-0.56
0.29|-2.38|-1.58|-0.12|-0.74|-0.58|-0.69|-1.14|0.05|-1.13|0.05|0.61|-0.66|-0.58|1.04|0.97|0.67|-0.04|-1.15|1.62|-0.44|0.47|-0.37|1.00|-1.18|1.13|-0.19
