------ Dim separator ------
0.26|1.33|0.06|1.36|-0.10|0.68|0.13|-0.48|1.76|0.02|-0.09|1.01|0.84|0.68|1.02|-0.12|0.00|-1.58|-1.14|-0.47|0.86|1.27|0.15|-2.05|-0.81|1.23|-0.39
1.61|-2.93|-0.82|1.24|-1.46|-1.56|-1.81|-0.25|-0.34|-0.81|0.83|-1.07|1.03|-1.01|2.16|-1.17|-1.06|2.06|1.13|0.30|0.99|-0.62|0.25|1.57|-1.32|-1.44|0.51
1.31|-0.11|0.65|-1.25|-0.67|1.84|-0.93|0.68|-1.41|0.70|-0.54|0.52|-0.94|0.30|-0.00|-1.13|1.47|0.08|-0.58|-0.16|-1.59|1.17|0.23|-1.04|0.19|0.13|0.35
0.25|0.46|-0.65|-0.92|-0.70|1.38|1.85|-0.66|-1.09|-0.96|-0.17|1.52|-0.31|-0.71|1.74|-1.26|1.66|-1.63|-1.35|1.18|-0.34|0.19|-1.13|-0.35|2.27|0.42|-0.27
-1.22|1.10|1.02|2.24|0.85|-1.53|0.44|1.37|0.11|0.43|-0.61|-0.03|0.18|0.06|1.04|-1.59|0.70|-0.38|1.80|-0.37|0.79|-1.44|0.89|-1.62|-0.45|-0.43|1.24
------ Dim separator ------
-0.17|-1.00|0.71|-0.59|0.33|2.21|1.28|-1.94|-0.02|-0.31|1.29|0.75|-0.70|0.13|0.97|-0.20|-1.02|0.39|0.17|-1.44|-0.04|0.81|-0.20|0.23|-0.62|-0.32|0.31
0.38|-0.86|0.61|0.61|-0.92|1.56|1.87|0.57|0.59|0.85|-0.49|0.53|0.88|-0.64|0.95|0.94|0.60|1.59|-1.67|-0.70|0.44|-1.32|-1.33|-0.46|1.15|0.89|1.39
-1.38|2.35|-0.62|-1.53|0.62|1.54|-1.56|0.74|0.55|-0.18|-1.09|-0.20|-0.17|0.61|0.19|1.16|-1.29|-0.20|-0.12|1.01|0.42|1.49|1.99|-0.63|0.86|1.31|-0.71
0.03|0.13|-0.28|0.65|-0.25|-0.08|-0.81|0.46|-0.61|0.95|-0.23|0.00|1.32|-1.40|0.39|-1.27|-0.69|0.69|-1.06|0.56|1.17|-0.95|-0.55|1.33|-2.03|2.24|1.63
0.14|0.26|-1.19|0.87|-1.05|-1.43|-0.87|0.37|-1.31|-1.66|1.09|-0.50|-0.03|-0.69|0.23|2.50|1.21|0.92|-0.05|-0.17|-0.18|-1.89|-1.79|0.75|-0.69|1.06|-1.22
------ Dim separator ------
-0.08|-0.28|1.32|-0.43|1.89|0.52|0.29|-0.15|-0.57|-0.44|0.45|0.57|0.80|0.42|-0.50|-0.61|0.17|-1.91|-0.33|0.04|0.05|0.98|1.18|-0.61|-0.10|0.72|-0.83
-0.13|0.10|-0.94|-0.45|0.46|-0.02|1.47|0.39|-0.11|-0.03|-1.02|0.22|0.61|1.03|-1.53|0.57|-1.82|-0.71|-0.16|-1.31|-1.11|0.94|-0.13|-0.48|0.80|0.55|-0.46
0.28|-2.16|0.84|-1.83|-0.56|-0.40|-0.01|-0.14|-1.25|1.31|-0.83|0.26|0.69|0.10|-0.31|1.00|1.56|0.73|0.15|1.10|0.69|0.32|-0.24|-1.98|-1.31|-0.46|1.35
0.99|0.97|-0.50|-0.50|-1.49|-1.11|0.34|-0.18|-0.16|-1.06|0.93|0.26|0.03|-0.97|-0.15|2.24|0.09|-0.83|0.37|-2.02|0.36|0.41|-1.05|0.20|2.11|2.69|-1.38
0.56|-0.97|0.11|-0.61|0.13|-0.29|-0.31|-0.12|1.72|-1.87|0.16|-2.13|-2.67|0.26|0.53|0.62|0.24|1.20|1.28|0.20|0.31|1.67|-1.51|-0.40|-0.55|-0.21|-0.49
------ Dim separator ------
0.23|0.66|-0.95|-0.62|0.80|1.11|0.34|1.58|1.35|1.64|-0.91|-1.51|-0.49|-1.96|0.19|-0.20|-0.70|0.06|-0.52|-1.00|1.09|0.84|-1.52|1.77|0.65|-0.66|0.05
-0.09|1.78|-0.21|-0.04|-0.24|0.56|-0.55|0.23|0.68|-1.45|0.14|-0.18|-1.66|0.59|-0.49|0.77|2.83|-0.61|1.34|2.62|0.63|0.39|-0.40|-1.39|-1.56|0.12|0.42
-0.73|1.20|-2.22|0.67|0.51|-0.07|-1.71|-0.67|-0.27|-0.51|-0.32|1.76|0.06|1.63|-1.55|-0.89|-0.31|1.20|-0.54|-0.81|0.35|1.09|0.06|-0.42|0.67|-0.53|2.04
-0.53|2.13|0.89|1.15|0.60|-2.07|-0.16|1.70|-0.31|1.14|1.47|0.49|-1.24|-1.16|-0.34|-0.80|-0.30|-0.07|1.07|0.54|1.67|0.46|0.15|1.35|-0.60|-0.22|-1.30
-0.41|1.08|-1.80|0.56|-0.70|1.55|0.82|-2.39|-2.01|0.26|0.13|-0.47|-2.27|1.93|1.01|-0.08|-0.78|-0.94|0.07|0.40|0.51|0.50|0.54|-0.38|-1.32|-0.08|0.69
------ Dim separator ------
-0.98|0.30|1.33|1.26|0.34|0.37|-0.53|-0.93|2.08|0.43|0.14|0.55|1.42|0.57|-0.75|0.82|-1.49|-2.07|0.86|0.55|0.05|-0.26|1.45|0.16|0.26|0.75|0.21
1.96|0.11|-0.59|0.92|-0.27|0.49|0.24|0.96|0.48|-2.10|1.33|-0.84|0.05|-0.63|-0.55|-0.24|0.22|-0.57|-0.58|2.12|0.58|1.39|2.19|-0.01|-0.04|-0.98|-0.78
-0.54|0.92|0.03|1.17|-0.52|0.24|-1.12|0.99|0.99|1.64|-1.12|-0.22|0.43|0.39|-1.28|-0.45|0.69|-0.76|0.29|0.74|-0.71|0.25|-0.91|0.09|-0.56|0.85|-0.19
0.77|-0.09|1.21|1.79|-0.88|-0.63|0.57|1.24|1.11|-0.39|0.17|0.88|-0.28|0.11|-0.69|-1.97|-0.05|-1.11|1.34|-0.32|1.59|-0.18|0.06|0.91|2.04|-0.55|-0.49
-2.69|-0.37|1.32|0.42|0.70|0.44|2.14|0.63|0.19|2.11|0.50|1.74|-0.50|0.72|-0.81|-0.38|0.32|-1.34|0.63|-0.38|0.34|0.85|1.16|-1.04|-1.13|0.97|1.16
