------ Dim separator ------
-0.88|0.46|1.68|-1.75|0.83|0.46|-0.58|0.57|-0.19|1.65|-0.48|0.77|-0.98|-0.83|0.24|0.09|0.06|0.62|0.17|0.05|0.94|0.57|0.60|1.52|0.27|-0.39|-0.66
-0.39|0.29|0.87|0.47|1.06|0.01|0.55|-0.19|0.75|-0.27|0.31|-0.42|-0.33|-1.49|-1.88|-0.43|0.49|0.35|-0.09|0.35|0.34|-0.57|-0.67|0.68|1.00|-0.52|0.08
0.18|-0.05|-0.80|0.80|0.45|1.26|-0.04|-0.36|-0.20|-0.38|0.56|1.08|0.11|-0.51|0.21|-1.06|-1.45|-0.37|-0.71|0.05|0.93|-0.56|-0.63|0.13|0.77|-0.56|-0.34
0.65|0.13|0.26|1.37|-0.04|-0.52|0.81|-0.59|0.74|-0.03|-0.34|0.05|0.07|-0.25|-0.22|0.57|-1.17|-1.23|-1.59|-0.29|-0.91|-0.01|0.82|0.20|0.24|-0.29|0.66
0.78|-1.32|-1.21|0.71|0.10|-1.63|0.36|0.81|-0.73|-0.21|0.79|0.97|0.57|-0.05|0.52|1.20|-0.24|0.23|-0.72|0.73|-0.85|0.03|0.20|-0.43|0.46|0.98|0.24
------ Dim separator ------
0.49|1.15|0.28|1.35|1.29|-1.98|-0.12|-0.90|0.26|-1.11|-2.00|-0.04|-0.34|0.77|-0.42|0.30|-0.08|1.03|-0.11|0.42|0.16|0.19|-0.17|-0.63|0.83|0.84|-1.78
0.07|1.17|-1.70|-0.45|-0.48|-1.36|0.58|-0.75|1.67|0.68|-0.48|-0.40|-0.07|1.17|-1.16|-0.46|0.17|0.55|1.38|0.16|-0.27|0.63|0.33|0.36|-1.04|0.35|-0.98
0.04|-0.03|1.23|0.22|-0.41|0.73|1.30|-0.94|-0.19|-0.64|0.27|0.55|-0.30|0.36|0.87|-0.50|0.23|-1.07|0.81|-0.76|1.07|0.75|0.32|-0.23|-0.39|1.94|0.05
-0.94|-0.88|-1.53|-0.21|-0.05|0.99|1.86|-1.00|0.88|-0.64|-1.38|0.34|-0.21|0.13|-0.60|0.08|-1.33|-0.29|0.79|-0.04|-1.33|-0.01|-0.04|-0.19|-0.34|0.28|-1.33
-2.41|-0.39|-0.02|0.39|-0.01|0.33|1.02|-0.79|-0.21|-0.92|0.76|-0.74|-0.11|-0.87|-0.19|-1.19|-0.84|-0.64|0.03|0.22|0.50|-0.20|-0.14|0.30|0.73|0.46|0.01
------ Dim separator ------
-1.81|0.48|0.45|-1.48|0.26|-1.24|-2.27|-0.32|-0.21|-0.37|0.46|-0.19|0.38|1.28|0.91|-1.68|0.11|0.46|0.04|0.94|-0.17|0.64|0.60|-0.75|0.06|0.42|0.22
0.78|-0.73|-0.24|0.26|1.09|1.59|-0.07|-1.01|0.58|-1.11|0.58|0.54|0.34|0.67|0.21|-0.26|-0.67|1.53|0.02|0.39|-0.17|0.23|-0.22|1.54|1.47|-0.08|1.62
-0.49|-0.16|-0.40|0.39|-0.58|1.00|0.93|1.08|-0.15|-0.86|0.36|0.90|-0.36|-1.03|0.32|-1.39|-0.22|-0.14|1.09|-0.28|0.97|0.14|-1.24|0.69|-0.79|-0.20|-1.10
0.62|1.17|0.55|0.34|0.51|0.08|0.66|-0.55|0.31|0.28|0.14|0.00|0.20|1.28|-0.33|-0.18|-0.46|0.49|-0.06|0.17|0.88|0.71|-0.68|1.81|-1.30|0.11|-0.00
0.86|0.74|0.07|-0.04|1.24|0.45|-0.45|-0.72|-0.51|1.24|-0.36|0.31|0.94|1.13|0.23|-0.76|-0.30|0.27|-0.78|0.59|-0.83|-0.43|1.00|1.20|-1.17|0.57|0.48
------ Dim separator ------
-0.57|0.14|-0.15|-0.49|0.49|-0.99|-0.28|1.48|0.05|-0.50|0.29|0.47|1.08|0.97|0.24|-1.38|1.54|-0.58|-0.69|-0.64|0.05|0.81|0.79|-0.06|0.05|0.24|-0.90
0.21|-0.57|0.89|0.02|0.09|0.62|0.06|0.02|-1.49|-0.05|0.34|0.61|-0.23|0.45|-0.32|-1.07|-0.56|-0.83|-0.06|0.60|-0.30|0.43|-1.50|0.53|0.45|0.36|0.15
-0.38|0.46|0.24|-0.12|0.75|0.38|0.46|-0.52|0.18|-1.55|1.56|0.31|0.41|0.42|0.23|0.28|0.37|0.55|0.38|-0.24|-0.46|0.16|0.84|0.46|0.55|-0.24|-0.62
1.70|-1.81|0.20|0.53|0.81|-0.33|0.23|0.03|0.11|0.44|0.34|-0.80|-0.61|0.69|-0.66|-0.24|0.34|-1.09|-0.65|-0.31|-1.14|-0.95|-0.24|-0.06|0.32|0.33|-0.59
-0.47|0.33|0.45|-1.32|0.06|-1.05|-0.18|-0.66|-0.06|-0.19|0.08|-0.31|0.48|-0.30|-1.48|0.67|0.45|-0.13|0.14|1.49|1.50|0.39|-0.16|-1.34|1.18|0.32|-0.30
------ Dim separator ------
-0.31|0.66|0.26|-0.06|0.12|-0.24|-0.30|-0.56|-0.35|-0.13|0.12|0.09|1.28|0.18|0.05|-1.50|-1.38|0.67|-0.81|1.02|-0.17|-0.51|-1.89|-1.43|-0.75|0.56|0.57
-1.82|-0.24|-0.64|0.62|0.63|-0.92|-0.55|-0.05|0.22|-1.12|-0.30|1.22|0.43|0.01|-0.62|0.32|1.58|-0.28|-0.13|0.23|-0.30|0.49|-0.12|0.77|-0.70|0.57|0.79
0.79|0.62|-0.88|0.45|-0.43|-2.08|-1.11|-0.82|0.41|0.16|0.95|-1.10|-0.36|-0.89|1.40|0.56|-0.14|0.13|0.17|0.55|-1.05|0.53|1.48|0.47|-0.03|0.03|-0.07
-0.25|-0.04|-0.31|-0.10|-0.80|0.29|-0.81|-0.43|-0.58|0.14|1.41|-0.61|-0.64|-1.32|-1.32|-1.26|-0.55|-0.23|-1.00|-0.80|0.19|-0.48|-0.82|0.75|0.49|-0.61|-0.74
1.64|-0.46|0.89|0.27|0.64|-1.14|0.11|-1.97|-0.04|-0.75|1.48|0.02|-0.64|0.10|0.41|0.64|-0.34|0.20|-1.09|0.24|-0.98|0.73|-1.23|0.93|0.72|0.62|-0.18
