------ Dim separator ------
0.99|0.76|-0.82|1.44|1.07|-0.19|-2.26|-2.90|-0.89|0.19|-0.81|-1.80|-0.85|-0.99|2.11|0.68|1.64|1.42|2.05|4.09|-2.64|-1.85|-2.58|0.00|1.21|-2.47|-2.98
0.14|-1.80|0.59|-0.23|1.35|-1.29|2.46|1.54|2.76|1.02|0.17|2.99|-2.24|1.45|-1.67|-1.39|0.21|-2.21|-1.64|-0.64|2.50|3.18|2.97|-0.23|-1.97|-0.81|1.19
-2.73|1.58|2.46|-2.05|-1.21|-0.94|0.82|3.63|2.32|0.25|1.87|1.42|0.40|1.29|0.69|-0.03|2.64|0.75|-1.32|3.84|1.32|-2.98|-1.80|2.73|-1.82|2.88|-0.95
2.76|-0.37|0.80|0.90|2.09|-0.02|-0.18|-1.90|-0.18|3.17|-3.15|3.26|0.70|-1.73|-2.46|-0.51|2.11|0.87|0.64|2.35|-2.08|0.19|2.99|2.15|-2.71|0.06|-0.79
0.59|2.54|1.70|0.26|-2.71|-0.51|2.34|-0.24|-1.49|-2.78|-1.39|2.34|1.59|2.36|-1.22|1.39|-2.25|-1.34|1.25|0.58|-2.59|-1.37|-1.56|-2.69|-1.78|0.17|-1.79
------ Dim separator ------
1.13|-1.03|0.97|-0.77|-2.12|1.09|-1.93|0.32|0.86|0.02|-1.18|-2.06|-1.12|1.58|0.25|0.47|0.08|2.39|-1.76|1.45|-3.04|0.21|0.15|1.28|-1.14|2.52|-2.76
3.41|-0.54|-0.45|-1.74|1.01|0.78|-0.90|-1.10|-2.87|1.06|0.25|0.33|-2.00|1.93|-0.30|0.59|-2.59|1.73|0.18|-2.32|-0.40|2.68|1.63|0.59|-1.56|3.76|0.08
2.01|-2.07|-2.29|0.72|-1.78|0.45|-2.15|0.69|1.72|2.87|0.19|0.91|-3.04|0.91|-2.48|2.04|-2.02|-0.22|1.82|-1.33|0.44|-0.71|-1.67|0.94|-0.78|1.93|3.01
2.61|-1.10|-1.19|-2.76|-3.67|2.13|0.13|2.90|-0.36|0.19|-2.66|0.51|-1.06|-0.85|-1.48|-0.28|0.45|-1.77|-0.41|-1.59|-1.79|3.02|1.79|-1.61|-0.23|-0.26|-1.77
-1.08|-1.12|2.41|0.61|1.27|-2.11|0.62|-0.03|-1.64|1.65|1.02|-0.69|-3.11|0.63|1.31|-0.81|-1.54|1.14|2.54|1.84|-2.86|-0.44|0.61|1.24|1.56|-0.09|-0.33
------ Dim separator ------
-1.68|2.83|-1.76|-0.44|0.94|-1.06|0.04|2.89|1.89|-3.05|-2.01|0.11|0.87|-2.54|-1.90|1.08|-1.35|-1.52|1.84|1.05|3.47|1.46|-2.02|-0.66|-3.44|-1.58|-0.96
0.51|1.93|2.30|3.23|-2.06|-1.45|-2.68|-0.31|-0.34|-0.81|-3.14|-0.96|2.94|1.05|-2.91|2.84|0.05|-0.23|1.57|1.36|-1.58|-0.31|0.50|-0.49|0.53|-1.15|-0.09
-2.94|1.39|-0.14|-1.27|-2.22|1.89|3.06|2.79|-0.92|0.60|1.98|-1.00|1.33|-1.51|-3.86|0.65|-1.75|-0.47|2.36|-1.19|-0.50|1.57|0.72|-1.19|-2.08|2.04|1.87
-1.31|0.50|-2.73|0.44|-0.00|1.10|1.45|-2.43|-2.25|3.30|0.04|-1.54|-1.39|-0.88|1.70|-1.01|-3.53|1.24|0.22|-0.34|1.57|3.42|0.55|-1.38|-0.94|-1.35|1.24
-2.68|3.17|-3.00|0.35|1.04|-3.47|-1.46|0.59|-2.66|1.58|-3.32|1.75|1.09|-1.96|-1.56|1.68|-2.12|-1.16|0.39|-1.49|1.24|-2.72|3.44|-0.01|-0.36|1.89|-0.91
------ Dim separator ------
-0.29|-1.82|-2.71|0.91|-3.82|-0.59|0.33|2.11|-0.32|2.05|2.02|-0.79|2.38|-1.22|3.00|-1.21|-0.28|-0.10|-1.28|1.70|1.58|-0.65|-1.18|0.91|-2.71|-2.64|-2.01
0.52|-1.83|-2.00|1.31|-1.66|0.52|-0.60|1.54|-0.29|1.65|-1.59|0.62|-0.59|-0.05|1.15|-0.76|-0.32|0.52|-3.62|-1.59|-0.86|-2.05|-0.41|0.80|-1.33|-1.78|2.31
-0.36|-0.67|-1.00|1.25|-0.54|-1.06|-0.43|-1.34|3.33|1.76|-0.27|-0.85|0.86|-1.37|-2.05|-1.19|1.37|0.72|-2.27|-0.28|-0.05|0.75|-2.44|0.40|0.86|-2.72|-2.66
0.17|0.23|-0.79|-2.79|1.98|1.50|-3.33|-2.76|-2.14|-1.86|-1.85|0.65|2.62|1.33|-1.47|1.78|2.23|1.44|-0.14|2.37|1.80|0.63|0.36|-0.25|0.50|-1.25|1.30
2.33|-2.11|-0.36|1.19|-2.01|1.32|1.82|0.65|-0.96|-0.44|-2.71|3.51|0.27|0.55|-1.65|1.95|-0.67|0.69|0.88|-2.11|-2.22|-2.54|0.90|2.70|-0.04|3.33|1.92
------ Dim separator ------
0.16|0.16|-1.49|-2.53|-2.06|-1.45|1.99|-1.83|0.36|3.23|2.62|1.51|-0.94|0.25|1.54|0.39|-2.77|1.74|0.91|1.15|3.16|-1.88|-0.04|1.27|-1.30|0.88|-2.26
-0.76|-1.11|2.60|-0.66|-0.41|-3.48|0.80|-0.21|-2.55|-0.27|0.19|0.74|1.49|-0.45|1.23|-2.07|-0.68|2.51|0.02|-1.43|-1.78|0.21|-1.06|-1.80|-0.08|1.50|1.13
1.84|0.71|-0.93|-3.32|-1.04|-0.17|-0.95|0.78|2.85|-1.81|3.78|1.07|1.69|1.04|-1.58|1.57|1.76|-2.66|-0.80|-2.33|-0.32|1.67|3.26|-2.45|0.62|0.66|-1.17
1.53|1.26|-2.85|-2.28|1.55|-0.82|1.76|-0.42|2.01|-0.04|-0.65|-0.74|-0.45|2.64|-1.22|1.36|-1.20|1.88|0.31|-1.22|-2.84|0.16|1.81|0.38|0.68|0.17|1.41
-0.73|-0.67|1.34|-2.16|-0.31|0.11|-0.40|0.33|0.15|1.05|-0.65|-0.62|-1.70|1.81|-1.77|0.42|-0.64|1.85|0.09|-1.00|-0.11|1.51|-1.85|-0.89|1.09|0.10|2.60
