------ Dim separator ------
-1.15|1.35|-0.17|-0.17|0.34|0.40|1.03|1.70|-0.05|-0.44|0.53|-0.45|-0.27|-0.58|0.62|0.02|-0.02|0.07|-0.38|0.09|-0.42|2.12|-0.50|-0.69|-1.14|1.54|0.67
0.39|1.46|-0.55|-1.32|1.47|-0.16|0.15|1.04|-0.46|-0.59|-1.36|0.33|1.07|-0.87|0.67|-0.61|-0.04|0.34|-0.24|0.32|-0.72|-0.69|-0.04|-1.38|-0.61|-0.89|-0.68
0.36|0.30|0.08|-0.08|-0.67|0.08|-0.54|-1.10|-0.24|0.86|0.78|-1.04|-1.35|0.22|0.87|-0.34|-0.62|-0.47|-0.57|-0.69|-0.33|0.64|0.57|-0.45|-0.50|-0.03|0.43
0.10|0.30|-0.33|-0.09|-1.29|-0.43|-0.21|-0.19|-0.31|-0.97|1.16|0.65|0.20|0.53|0.98|0.93|-0.27|-0.54|-0.26|0.24|0.74|-0.16|-0.02|-1.16|0.65|0.06|-0.34
0.13|-0.42|0.32|-1.62|0.14|-1.20|-0.58|-0.18|-0.87|1.25|0.99|-1.65|-0.01|0.09|1.81|-0.23|-0.76|0.13|-0.26|-1.18|0.36|0.84|1.15|0.38|0.43|0.45|1.11
------ Dim separator ------
-0.35|0.14|0.30|0.10|-0.76|0.51|1.46|0.10|-0.91|0.84|-0.38|0.09|0.00|-0.38|0.75|0.51|-1.02|-0.25|1.06|-0.63|-0.06|1.98|0.17|-0.76|0.03|-1.09|1.45
-0.01|0.97|0.44|0.20|-0.54|-1.46|-0.38|0.61|-0.56|0.02|0.04|0.55|1.12|0.04|0.54|-0.97|0.83|0.70|-0.38|0.47|0.23|0.17|0.10|-0.16|0.92|0.63|0.97
0.41|1.26|-0.45|-1.54|-0.34|-0.11|0.33|-0.97|-0.56|-0.99|0.37|0.34|1.10|-0.16|0.48|-0.64|-0.18|0.89|-0.96|-0.37|-0.73|1.00|1.27|1.08|0.84|-0.96|-0.35
0.18|-0.25|-0.21|0.86|0.43|0.74|0.01|0.28|1.06|-0.09|1.12|0.25|0.22|0.17|0.35|0.12|-0.22|1.36|0.20|0.13|0.38|0.06|-0.09|0.41|0.27|0.96|1.29
-0.97|0.18|0.49|1.77|0.68|-1.32|0.88|1.07|1.65|-0.70|0.39|-0.66|0.49|2.21|-0.90|0.89|0.35|0.03|0.26|0.17|1.28|-0.14|0.19|0.26|-0.89|0.37|1.20
------ Dim separator ------
0.78|-0.21|-1.00|1.70|-0.55|0.15|1.22|-0.13|-0.30|0.89|-0.16|0.33|-0.13|0.23|0.80|-1.86|0.66|-0.08|0.26|-1.28|-1.35|-0.28|0.43|-0.07|0.73|0.13|0.30
-0.48|1.27|-1.61|-1.54|0.50|-0.19|-0.32|-0.65|0.07|-1.43|0.27|1.32|-0.34|-1.32|-1.24|-0.48|-0.01|-0.79|-0.49|0.69|0.10|-0.16|-0.02|-0.49|-0.27|0.92|-0.28
0.07|-1.30|-0.16|-0.34|0.14|-0.10|-1.93|0.76|0.38|0.52|-0.43|0.73|0.48|0.10|0.06|-0.04|0.93|-0.36|-0.57|0.20|0.36|0.31|-0.56|-1.88|1.22|-1.18|-0.22
0.35|0.85|-0.82|0.46|0.29|0.81|0.03|0.86|-0.06|0.87|0.56|0.89|0.66|-0.31|0.64|-0.98|1.39|-1.57|0.47|0.58|-1.09|0.29|-0.31|0.16|0.04|-0.28|-0.61
-0.17|-0.49|-0.29|0.77|-0.15|0.77|0.87|0.68|0.65|-0.68|0.21|-0.60|0.15|0.16|0.18|-0.23|0.19|0.77|0.77|0.14|0.54|1.46|0.66|1.74|-0.16|0.07|0.39
------ Dim separator ------
0.42|0.34|0.69|-0.28|-0.12|0.41|0.32|-0.22|0.40|0.03|-0.45|0.43|-0.43|0.31|0.36|0.81|0.31|0.28|-0.16|-1.04|0.04|0.74|-0.22|-1.12|-0.51|-0.61|0.58
-0.08|0.31|-0.41|-0.55|1.81|-0.68|-0.31|-1.67|0.31|-0.46|0.55|-0.93|-0.25|-1.09|0.11|0.99|0.79|-0.51|-0.11|-0.44|1.40|0.82|-0.57|-0.15|0.23|1.27|-0.99
0.03|1.01|0.36|-1.06|0.40|-0.41|-0.45|-0.61|-0.02|-0.77|1.11|0.81|-0.41|-0.72|-1.17|-0.50|0.70|-1.34|0.83|0.17|-0.54|-0.19|0.11|0.17|0.11|0.31|0.02
-0.61|-0.16|0.36|2.39|0.68|-0.08|1.35|-0.01|0.43|1.40|-1.02|1.57|-0.41|-0.65|-0.22|-0.54|-0.52|-0.10|0.17|-0.22|0.28|-0.55|1.56|1.20|0.26|0.71|-1.05
-1.11|-0.54|-0.12|-0.85|0.30|1.46|-1.08|-1.09|-0.28|0.80|0.41|-1.49|-0.05|-0.46|0.50|-0.57|0.05|-0.05|-1.07|0.41|-0.10|-0.78|1.48|0.09|0.67|-1.28|0.23
------ Dim separator ------
0.28|-0.25|0.52|0.19|0.14|1.30|-0.25|0.46|1.25|-0.35|-0.54|-2.70|-0.27|-0.07|-0.80|-0.39|0.76|0.01|0.18|-0.27|-0.32|1.17|-0.73|1.23|0.61|-0.21|-0.34
-0.93|-0.09|-1.24|0.67|-1.72|-0.02|-0.52|-0.39|-0.59|-0.36|-0.87|-1.30|0.48|0.03|-0.95|0.06|-0.68|-0.64|0.28|-0.65|-0.00|0.92|0.32|0.97|0.32|-0.44|-0.73
-0.77|0.57|0.68|-0.13|-1.52|1.23|0.99|0.46|-0.41|0.29|0.16|-0.79|-0.06|-1.23|-0.45|1.46|-0.73|-0.49|1.50|-0.05|-0.66|0.95|-0.99|1.28|1.32|0.08|0.47
0.47|1.36|0.98|0.84|0.81|-0.78|-0.52|0.49|-0.85|-0.64|-0.33|0.09|0.56|-1.22|1.17|-1.34|0.88|-1.16|-0.27|0.46|-0.56|-0.17|1.47|-0.12|-0.27|-0.38|-0.99
0.13|1.32|0.77|0.62|-0.97|0.68|0.09|-0.84|0.87|-0.74|-0.11|-0.45|-0.66|-0.68|1.11|0.03|-0.46|-0.68|-0.38|0.57|-0.56|-1.07|0.09|0.94|-1.11|-0.02|0.58
