------ Dim separator ------
0.60|-1.24|-2.15|-0.46|-1.02|1.38|0.68|0.61|-0.25|-0.20|-1.26|0.42|0.52|-0.34|0.27|-0.81|0.53|-0.56|-0.36|-0.08|-1.72|0.91|-0.02|-0.01|-0.28|0.45|0.06
0.00|0.32|-0.77|0.24|0.29|-0.06|-0.99|0.50|-0.89|-0.34|-0.63|-1.32|0.14|-0.37|1.15|-0.51|-0.60|1.11|0.30|1.44|-0.19|0.62|0.09|-0.27|-0.49|-0.80|0.56
0.42|0.15|0.76|0.21|-1.34|-0.36|0.17|0.03|0.40|-0.35|0.51|-1.61|-0.47|-0.57|-0.61|1.52|-1.95|-0.22|-0.16|-0.90|-1.02|-0.05|0.80|0.64|-1.01|0.42|0.05
-0.29|-0.34|-0.72|-0.91|-0.80|0.36|0.66|-0.04|1.52|0.44|0.57|-1.39|-0.30|0.17|-0.74|-0.17|0.77|1.07|0.91|-0.09|-0.22|-0.36|-0.73|-0.40|1.15|-1.38|1.96
0.19|0.22|0.59|-1.98|0.34|0.11|-1.29|-0.02|0.66|1.10|-0.97|-2.37|0.68|-1.04|-1.70|0.20|0.40|0.44|-0.85|-0.70|1.65|0.53|0.68|-0.58|-0.98|-0.75|0.58
------ Dim separator ------
0.44|-0.61|0.45|0.00|0.28|-0.56|-0.19|-0.53|0.25|-0.35|-1.86|1.42|0.79|0.88|-0.97|-1.50|-1.05|-0.93|0.57|-0.36|1.21|-0.81|0.24|-0.94|-0.43|-0.87|2.23
-1.13|-0.09|-0.87|0.93|0.04|0.03|-0.03|0.15|-0.04|1.28|0.09|-0.06|0.57|-1.06|-0.06|1.27|0.52|0.46|-1.54|0.56|-1.99|0.03|-0.60|1.63|2.39|-0.75|-1.40
-0.97|-0.07|1.25|-0.69|-1.45|1.16|0.20|0.84|-1.26|-0.44|-0.65|-0.59|0.33|0.21|0.47|-1.57|0.50|-0.25|-0.69|-0.05|-1.04|-0.30|0.18|0.01|-0.28|-0.02|1.17
0.20|-1.14|1.13|0.54|1.06|-0.97|0.13|0.79|-0.98|-0.62|1.73|-1.09|0.88|1.03|-0.39|-0.85|0.40|0.15|-0.81|0.63|0.11|-0.13|-0.16|0.99|0.59|0.13|0.01
0.71|1.52|-0.18|0.11|-1.39|-0.75|-0.06|0.82|0.60|-0.64|0.70|1.14|-0.32|-0.11|-0.80|-0.49|-0.57|-1.85|-0.39|0.20|0.47|1.51|0.22|-1.22|2.08|-1.13|0.55
------ Dim separator ------
0.63|-0.18|0.05|0.04|0.32|0.34|0.40|-1.21|-0.69|0.65|-0.73|0.23|-0.89|0.66|-0.08|0.16|1.83|1.75|-1.03|-0.63|-0.79|-0.28|0.81|2.16|-0.10|0.69|0.61
-0.32|-0.20|0.45|0.83|-0.16|-0.91|-1.18|0.77|-0.12|-0.18|0.75|0.54|-1.30|-0.25|1.48|-0.07|0.72|-1.27|0.42|0.53|0.18|-1.30|-0.13|0.30|0.65|0.92|0.30
0.94|-0.74|-0.07|-0.65|0.55|0.42|0.12|0.85|-0.77|-0.33|0.32|-0.45|-0.97|0.75|0.74|-0.03|-1.35|0.95|-1.72|1.25|0.40|0.88|-0.24|0.52|0.82|0.46|-0.44
0.60|0.01|0.74|-0.29|-0.61|-0.12|-0.25|0.21|0.40|-0.24|0.22|1.54|0.56|1.27|0.10|0.05|1.53|-0.82|0.34|-1.30|-0.57|-0.12|-0.50|-1.45|-0.68|-0.29|1.43
0.43|0.11|-1.78|-1.19|0.28|-0.19|0.92|-2.03|0.71|0.26|1.42|0.53|0.08|-0.31|-0.51|-1.16|0.77|0.60|0.88|0.02|0.00|-0.09|-0.62|1.10|1.28|0.35|0.22
------ Dim separator ------
-0.21|0.75|-0.68|0.39|0.40|0.09|0.79|-0.74|-0.23|-0.19|-0.50|0.30|-1.03|-0.57|0.49|1.24|0.18|-0.63|0.72|-0.57|0.21|-1.28|-0.04|-0.07|-0.67|0.97|0.77
0.49|-0.13|1.43|-1.37|-1.35|-0.31|-1.90|-0.94|0.00|-1.11|1.59|1.33|0.16|0.12|0.08|0.05|-0.97|-0.64|0.32|0.27|-0.09|-1.26|1.59|-0.28|-0.06|0.09|0.67
-0.25|-1.63|1.89|-1.14|-1.75|0.73|0.29|1.11|-0.15|-0.47|-1.16|-1.82|-0.34|0.07|0.67|-0.61|-0.61|-0.64|-0.19|-0.02|-0.59|-0.15|-0.64|-0.32|-0.73|0.64|-0.39
0.03|-0.29|1.12|-0.03|-0.15|0.27|1.02|-0.51|1.34|0.19|0.13|0.05|-0.73|-0.50|0.87|0.08|-0.27|-0.25|1.46|0.27|0.73|-0.11|0.92|-1.08|0.58|-0.02|-0.39
0.13|0.46|-0.47|0.21|0.35|0.42|0.33|0.23|-0.86|-1.37|-0.94|0.00|1.30|0.48|-0.28|0.32|-0.07|2.05|-0.76|-0.96|0.29|-0.39|0.75|-0.74|-1.85|0.05|-0.63
------ Dim separator ------
0.90|0.48|0.35|1.00|-0.81|1.11|0.33|-0.05|0.26|0.64|-0.94|0.26|-0.14|0.83|0.09|-1.00|0.73|0.54|-1.48|0.03|0.50|-0.23|-0.50|-0.07|-0.69|0.87|1.84
-0.66|0.35|-0.32|-0.52|-1.52|0.23|-0.08|0.72|-0.31|0.91|0.12|-1.63|-0.63|0.83|0.18|0.36|-0.83|-0.21|1.24|-1.07|-0.45|-0.17|-0.48|0.57|0.05|0.81|-0.52
-1.48|-0.08|1.32|1.25|-0.84|-0.46|0.48|0.88|-0.72|-0.52|-0.43|0.31|-0.43|-0.32|1.36|-0.91|0.52|-0.67|-0.20|-0.16|-0.33|0.06|0.71|-0.03|-0.07|1.29|0.11
-0.13|1.09|0.83|-0.05|0.95|0.34|-0.19|0.96|0.03|1.08|-0.56|1.31|-0.29|-0.41|0.66|0.69|-0.63|-0.33|1.25|-0.62|0.23|-1.20|-0.41|0.12|-0.58|0.45|0.39
0.43|0.25|0.43|0.40|1.20|0.23|0.25|-0.96|0.99|0.54|-0.75|-1.30|-0.33|-0.64|1.61|-0.26|-0.42|-1.23|-0.18|-0.35|1.02|-1.27|-0.25|-0.70|-0.04|0.88|-0.73
