------ Dim separator ------
-0.17|-0.49|-0.23|0.21|-0.47|-0.57|-0.03|0.03|0.74|0.71|-0.20|0.93|1.51|1.00|-0.33|0.99|-1.87|1.38|0.06|-0.23|0.50|0.55|-1.13|0.80|0.92|-0.77|-0.56
0.27|0.24|0.53|1.09|-0.20|0.17|0.26|0.58|-1.20|-0.08|1.29|0.95|-0.77|0.49|-0.41|0.37|0.07|0.49|-0.82|0.59|-0.97|-1.45|-0.23|-0.79|0.02|-0.13|0.19
0.62|-0.54|-2.09|-0.04|0.56|-1.58|-0.50|-0.32|-0.91|0.95|0.78|-0.02|-0.93|-1.36|0.89|-0.60|-1.19|-0.30|1.12|0.26|-0.53|0.75|0.44|0.94|0.74|-0.63|1.55
-0.03|-0.45|0.73|0.35|-0.07|-0.08|0.04|-0.86|-0.89|0.08|0.51|0.17|-0.25|0.49|0.27|-0.31|-0.57|0.60|1.01|0.70|1.30|0.96|0.33|-0.38|0.36|-1.96|0.05
-0.29|-0.62|-0.75|0.82|0.28|-0.62|-0.53|-0.05|-0.41|0.33|0.47|-0.93|0.04|0.48|1.16|0.01|0.26|-0.16|-0.32|0.09|0.32|0.05|0.31|0.91|-0.34|1.68|-0.19
------ Dim separator ------
-0.47|-0.08|-1.48|-1.21|-0.21|0.09|-0.54|0.76|-2.02|0.93|0.64|0.12|0.26|0.35|-0.42|-0.23|-0.21|-0.23|-0.13|0.64|-0.50|-0.03|-1.39|-0.67|0.60|-1.30|0.08
-0.73|0.02|0.57|-0.43|-0.77|-0.11|-0.19|0.64|-0.68|-1.54|-0.43|0.26|-0.87|0.12|0.59|-1.73|0.50|-0.40|0.42|0.72|0.41|-0.38|1.10|-0.45|-1.38|-0.86|-0.65
0.34|0.36|-1.25|0.22|-0.97|-1.52|-0.59|-1.34|-1.46|-1.29|1.01|-0.76|-0.02|-1.03|0.89|1.00|0.72|0.04|-1.24|1.04|-0.99|0.15|0.39|-0.03|-1.31|-0.75|-0.85
-0.60|0.01|1.25|0.67|0.99|-0.02|-0.47|-1.02|-0.23|0.29|0.57|-0.21|-0.48|0.16|-0.68|0.56|1.55|0.18|-0.38|-0.03|-1.05|1.21|-0.92|-0.53|2.59|-1.00|0.04
0.10|-0.92|0.19|0.14|-0.10|0.26|0.94|-0.54|1.22|0.52|-0.08|0.60|1.35|-0.12|1.50|-0.53|-0.19|0.00|-0.15|-1.06|0.57|0.58|0.41|-0.27|-0.29|0.29|0.01
------ Dim separator ------
0.59|0.03|1.14|-0.06|-0.86|-1.21|-0.41|-0.51|-1.19|0.75|-0.92|-1.34|-0.24|-1.44|0.17|1.39|0.53|0.86|0.55|0.16|0.04|-0.09|0.27|-0.04|0.70|0.91|0.96
0.42|-0.47|-0.38|-0.93|0.03|1.00|-0.06|-1.83|0.85|-0.09|0.85|-0.64|-0.72|0.75|0.91|-0.98|-0.69|0.89|-2.12|-0.35|1.16|0.71|-0.33|-1.20|-0.47|0.46|0.24
0.43|-0.14|-0.81|0.79|0.06|0.31|-0.94|-0.77|0.07|-0.45|0.92|1.01|-0.01|-0.25|0.80|-0.11|0.18|0.14|-0.07|-0.37|-1.47|1.39|-0.52|0.24|1.11|-0.89|-0.74
-0.09|-0.34|1.38|0.59|0.16|0.76|-0.91|-0.55|-1.58|-0.21|0.18|0.63|-0.74|-0.97|-1.12|-0.44|-0.13|0.16|-1.04|-0.79|-0.73|-0.73|0.60|-0.01|-0.30|0.28|-0.22
-0.38|0.38|0.48|-0.36|-0.14|0.71|-0.79|1.31|0.18|-0.99|0.19|0.99|0.49|0.21|0.57|-0.32|0.69|-0.17|0.49|0.29|0.20|0.41|-0.07|-0.69|0.26|-0.67|0.66
------ Dim separator ------
0.42|0.93|0.28|1.87|1.12|-0.58|0.84|0.24|-0.45|-1.58|-0.25|0.06|0.17|-0.12|-1.64|0.19|0.58|-1.12|-1.43|-1.24|-0.43|0.10|1.53|0.12|0.72|-0.57|0.19
-0.32|0.30|-0.04|-0.47|0.91|0.12|0.69|-1.03|0.72|0.44|0.88|-0.32|0.05|-0.78|-0.06|1.59|-0.47|-1.14|-0.89|0.20|0.70|1.20|-0.88|0.29|0.74|-0.13|-0.43
0.64|0.93|0.10|-0.53|1.34|1.07|-0.60|1.09|-1.04|-0.74|0.70|0.45|1.24|-0.04|-0.50|0.95|-1.18|0.07|2.13|0.05|-0.26|-1.73|0.86|0.04|0.15|0.46|0.35
-0.25|0.48|-0.54|0.06|1.00|-0.36|0.55|-0.04|-0.03|1.42|1.40|0.30|-0.13|0.28|0.04|-0.66|-1.66|-0.55|-0.67|0.87|-1.20|-0.89|-0.79|0.62|0.92|1.18|0.95
1.10|0.46|-0.22|-0.90|1.22|0.22|0.20|-1.62|-0.61|-0.29|0.29|0.29|1.39|-1.51|0.82|-0.68|0.87|-0.08|0.15|0.27|0.56|1.51|-0.12|-1.49|-0.14|-0.29|-0.30
------ Dim separator ------
-0.04|0.65|0.61|1.74|1.31|0.52|0.06|0.29|-0.01|-0.80|0.21|-0.94|0.75|-0.40|1.02|-0.80|0.65|0.68|0.88|-0.30|0.64|-0.26|-0.61|-1.40|0.89|0.07|-0.57
-0.14|1.76|0.05|0.01|-0.39|0.06|0.21|-0.15|1.50|1.99|-0.14|1.27|-0.52|0.54|0.23|0.65|1.12|0.11|-0.06|-2.05|0.23|-0.52|-0.02|0.19|-0.74|0.14|-0.06
0.14|0.66|1.20|0.59|1.09|0.34|-0.44|-0.37|-0.74|0.83|-0.94|0.40|-0.39|0.71|1.55|-0.30|-1.08|0.12|1.44|0.50|0.21|-0.77|-0.21|0.32|0.92|0.22|0.52
-0.33|-0.43|-0.43|-0.40|-1.97|0.08|0.59|-0.19|-1.60|0.25|-0.32|-1.57|-0.03|0.30|0.53|-0.88|-1.57|-0.92|0.62|-1.61|0.76|-0.47|-0.15|-0.37|0.36|-1.69|-0.17
0.91|-0.81|-0.39|-0.66|-0.35|-0.27|0.15|-0.71|0.31|-0.24|-0.05|-1.29|0.75|0.74|0.59|0.70|-0.15|0.41|0.38|0.70|-0.87|-0.98|-0.05|0.91|0.41|0.35|-1.19
