------ Dim separator ------
0.18|-1.00|0.65|-0.17|0.99|-0.38|-0.06|0.01|-1.47|0.56|0.80|0.78|-1.05|-1.65|-1.05|-1.75|0.70|0.02|-0.12|-0.55|0.14|-1.05|0.67|-0.47|-0.47|0.98|-1.59
-1.50|-0.41|-1.61|-0.16|0.66|-0.18|-0.08|0.11|0.61|-1.76|-1.43|0.20|0.62|-0.30|-0.47|0.16|0.14|0.16|-0.04|0.22|1.35|-1.11|-0.15|0.42|-1.62|-1.20|-2.01
0.05|-0.24|-0.53|0.27|-0.00|-0.64|-0.48|0.84|-0.18|2.46|0.74|0.60|0.30|-0.55|-0.85|-0.65|-0.47|1.80|0.20|1.56|1.66|-1.10|0.32|-0.03|0.99|-1.60|-1.30
0.70|-0.73|0.13|-0.12|-0.58|-1.74|0.31|-0.59|-0.09|0.13|-1.30|-0.93|0.31|-1.01|-0.78|2.09|0.80|0.68|0.20|0.56|-0.59|-0.45|-0.96|-1.86|0.46|-1.20|-0.57
0.28|-0.07|0.67|-0.62|-1.28|-1.02|0.26|-1.29|0.09|-0.86|-0.05|0.58|0.69|1.96|-0.26|0.93|0.99|0.75|0.30|0.24|0.76|-0.18|-1.23|-0.29|-0.93|-0.43|0.75
------ Dim separator ------
1.97|-0.04|1.79|2.20|-1.50|-1.69|-0.24|0.09|0.35|0.61|-1.83|-0.91|-2.21|-0.84|0.53|-1.44|-0.83|-0.99|-0.17|0.70|-1.24|-0.14|0.52|-0.31|-2.15|1.17|-0.34
0.01|0.73|0.34|0.06|0.70|1.08|-0.53|1.10|0.36|0.05|0.61|0.50|-0.78|-1.46|-0.02|-0.06|-0.27|1.17|-1.23|-0.24|-0.86|0.55|-0.57|1.01|-0.53|-0.22|-0.23
-0.17|0.55|-0.24|0.65|0.51|0.87|-0.59|0.24|0.15|-1.05|0.96|1.47|-1.48|0.13|-0.61|0.86|-0.47|0.07|1.01|0.38|1.15|0.58|-0.15|-0.62|0.85|-0.38|1.34
-0.91|1.26|-1.81|-0.47|0.05|-1.46|0.82|0.67|0.10|-0.63|0.52|0.34|-0.27|-2.03|1.16|-0.09|-1.96|-1.44|1.51|-0.10|-1.02|-0.19|2.75|0.66|0.10|-0.45|-0.84
0.46|0.84|1.28|0.84|-0.98|-1.71|1.23|1.23|0.83|1.86|0.74|0.15|1.46|-1.36|0.73|-0.96|-1.49|-0.23|0.18|1.05|-0.37|-0.75|-0.40|0.62|0.91|-2.38|0.21
------ Dim separator ------
-1.54|1.12|-1.70|-0.72|-0.96|0.43|-1.19|0.66|1.89|-0.67|-0.59|1.13|1.09|-0.49|-0.60|-1.12|-1.45|-1.57|-1.19|0.44|1.45|-0.14|-0.80|-1.17|1.65|0.94|1.45
-1.23|-0.68|1.07|1.22|-2.04|0.99|0.61|0.28|0.11|-0.34|-0.47|-0.17|0.63|-0.37|0.18|0.75|1.96|-0.21|0.89|-1.39|0.87|0.53|0.07|-0.80|0.47|-0.10|0.39
-0.93|0.35|0.08|-0.07|-0.22|0.44|1.02|0.18|0.97|-1.54|0.16|2.08|0.23|-1.08|-0.33|0.61|0.26|-1.20|-0.67|-0.25|0.96|-0.61|0.91|1.80|0.45|0.60|0.64
-0.15|0.13|-1.50|-0.01|2.18|-0.05|1.73|-2.22|2.64|-0.32|-0.83|-0.20|-0.19|0.47|-0.91|-1.38|-0.18|0.80|-1.42|0.78|1.14|0.24|-1.64|0.01|0.01|-1.43|1.04
0.94|0.98|-0.21|-0.95|-0.88|-0.27|-0.14|0.37|-0.36|-0.57|-0.43|0.68|0.24|-0.00|0.29|-0.33|-1.28|1.19|-1.95|-2.14|-0.47|-0.30|0.47|-0.75|-1.86|-0.22|-2.04
------ Dim separator ------
0.47|0.28|-0.11|-0.23|-0.50|0.82|-1.44|-1.29|0.21|-0.21|-0.36|1.73|1.51|0.13|-0.69|0.50|0.29|0.57|0.89|0.66|0.30|-0.97|1.19|-0.64|-0.07|-1.17|0.49
1.09|-1.68|-0.08|0.01|0.85|0.62|0.76|0.72|-0.32|-0.03|-1.59|1.30|0.13|1.27|-0.01|-0.41|0.92|-1.05|-0.28|0.11|-1.04|0.01|-0.63|0.22|0.58|-1.56|0.21
1.24|0.01|1.70|0.55|0.70|-0.33|-1.69|0.51|0.69|-0.04|0.22|0.91|-1.37|0.81|1.63|1.91|1.62|1.25|-0.39|0.97|-0.52|0.86|0.35|-0.49|-0.28|-0.45|-0.51
-0.13|0.76|-0.90|0.15|-0.18|0.68|0.33|0.24|0.59|-0.77|-1.54|0.64|0.94|1.44|0.85|-0.38|1.30|1.29|0.10|-0.19|-0.06|1.24|-0.85|0.33|-0.95|-0.58|-1.03
-0.04|-0.92|0.23|-1.71|0.30|-0.04|0.29|0.09|-0.16|-0.38|-0.84|0.90|-1.59|0.30|-0.53|0.50|0.37|0.65|1.23|-0.26|-0.94|0.24|-0.60|0.55|-0.19|1.28|-0.08
------ Dim separator ------
-0.75|0.20|0.11|-1.00|-2.26|-1.07|-0.87|-1.29|-0.86|-0.54|0.61|0.08|-1.86|-0.10|2.20|-1.52|-0.54|-0.76|0.72|2.31|0.38|0.08|0.88|-0.86|-0.55|-1.21|-0.19
-0.98|-0.82|-1.41|0.98|0.60|-0.08|0.58|0.42|-0.09|0.02|1.18|-0.56|0.04|-0.89|-0.67|-0.56|-0.11|-0.83|0.56|-0.82|0.98|0.90|-0.15|-1.02|-1.63|-0.14|1.75
0.39|-0.11|-1.10|1.02|-0.98|-0.99|0.89|-1.37|0.50|-1.43|0.94|-0.20|2.08|-0.13|0.14|1.50|0.12|-0.04|0.32|-0.04|1.08|1.12|0.65|0.72|0.63|0.77|-1.87
0.33|-0.68|-0.57|0.18|2.01|-1.24|-0.10|-0.25|-0.54|-0.66|1.84|-1.73|-0.40|0.38|-0.75|1.22|-0.32|-0.37|-1.64|-0.87|-1.31|-0.17|-2.09|-0.38|-0.02|-0.55|0.70
0.88|2.20|0.20|-1.76|0.46|0.19|-0.45|0.05|-0.15|0.07|0.47|0.72|-0.41|0.53|-1.14|-1.15|0.50|-0.14|0.28|0.36|-0.81|0.18|0.82|1.00|0.24|-1.23|0.75
