------ Dim separator ------
0.35|0.01|-1.83|-0.36|-0.38|1.18|0.02|-0.16|-0.34|0.12|-0.01|0.59|0.40|0.87|0.04|-0.27|-1.71|-0.07|-0.09|0.84|-0.06|-0.06|1.31|-0.31|-1.28|-0.07|1.64
0.40|0.12|1.44|-1.65|0.12|0.66|-1.50|-1.12|-0.22|-0.46|0.07|-0.66|-0.30|-0.75|1.62|0.18|-0.62|0.55|0.16|-0.70|-0.44|0.81|-1.70|-0.45|0.24|-0.27|0.27
-0.06|1.33|-0.52|-0.95|-1.72|0.36|-0.29|-0.68|0.60|0.16|0.80|-0.14|0.12|-0.34|-0.54|0.43|-0.01|-0.80|0.74|-0.36|0.57|0.26|0.37|-0.18|-0.22|-0.39|-0.37
-0.58|2.42|-0.07|0.37|-0.92|-1.70|0.68|-0.47|0.38|0.47|1.33|-0.06|0.86|0.12|0.21|0.78|-0.02|-0.04|-1.98|0.12|-0.60|-0.43|-0.34|-0.15|-1.02|0.17|0.22
1.07|0.47|0.56|-0.55|1.26|-0.27|-0.81|0.32|-1.19|0.38|0.63|0.34|0.15|1.17|-0.39|-1.54|-0.10|-0.95|0.35|-0.29|0.47|-0.00|0.02|1.11|0.08|0.05|0.58
------ Dim separator ------
0.85|-0.97|0.30|-1.01|0.65|0.09|0.46|0.49|-0.04|-1.77|-0.52|0.31|0.54|0.73|-0.89|-1.20|-1.10|0.67|-0.63|-0.10|0.43|-0.23|0.60|-0.55|0.37|-0.19|0.26
-0.81|0.48|-0.33|1.74|-0.72|-0.67|0.75|0.68|-0.01|-0.77|0.61|-0.37|-0.45|-2.12|0.64|0.20|-1.12|-1.42|-0.47|-1.26|0.21|-0.40|0.60|-0.20|-0.04|0.01|-0.00
-1.10|0.22|0.86|1.34|-0.24|-1.02|0.22|0.38|-0.80|0.22|1.07|0.08|-0.37|0.94|0.22|-0.39|-0.25|-0.15|-1.36|-0.17|0.47|-0.43|-2.01|-0.89|-1.12|-1.03|0.51
0.49|1.21|0.38|0.31|0.78|0.66|1.59|-0.31|-0.64|-1.37|1.30|-1.07|0.72|0.43|0.81|-0.00|-1.00|-0.76|-0.74|-0.09|1.06|-0.75|0.22|-1.78|-1.44|1.20|0.44
0.12|-0.74|0.57|0.66|0.94|0.58|-0.60|-1.06|0.66|-0.79|0.56|0.34|0.07|-1.61|0.31|0.53|1.10|-0.85|-0.20|-1.61|0.04|0.22|0.92|-0.52|-1.13|1.17|0.58
------ Dim separator ------
-0.96|-1.06|0.68|0.19|-1.27|0.72|-0.51|-0.53|0.05|0.30|-0.75|-1.26|1.32|1.08|0.46|0.51|0.31|0.27|-0.30|-1.05|-0.44|-1.98|0.29|-0.19|-0.40|0.25|1.17
1.44|0.19|1.19|0.34|-0.22|0.25|0.23|0.44|0.71|-0.11|0.64|1.47|-0.09|-0.88|-0.45|0.02|0.94|-0.17|0.95|0.77|0.65|-0.01|-0.19|-0.16|-0.15|0.50|1.46
-0.34|-0.23|1.31|-0.93|1.15|-1.11|-1.54|-0.85|-0.56|0.20|-1.42|-0.47|-1.69|-1.11|-0.33|2.40|0.04|0.16|-1.25|-1.11|-0.22|0.73|0.41|0.03|0.75|0.73|-0.22
-0.11|-1.02|2.05|0.14|-1.34|-0.66|-0.94|-0.20|1.38|1.12|1.20|1.08|0.49|1.23|0.28|0.10|0.74|-0.02|0.94|-0.26|-0.76|-0.55|-0.82|-0.94|-0.24|-0.60|-0.50
1.01|-0.97|-1.01|-1.14|-0.24|0.68|-0.14|-0.21|-0.27|-0.58|0.12|0.90|-1.14|0.04|0.67|-0.64|-0.69|1.03|0.96|0.59|-0.24|-1.29|-0.26|0.19|-0.04|0.01|0.22
------ Dim separator ------
0.16|-0.47|0.95|1.42|0.20|-0.78|-0.23|0.35|-1.20|0.91|0.22|-1.30|-0.67|0.07|-0.20|-0.50|0.65|-0.81|0.34|0.13|0.14|-0.43|1.18|-1.68|-1.06|0.63|-0.54
-0.17|-0.36|1.18|-0.23|1.19|0.92|-1.73|-0.58|-0.18|0.35|0.98|0.26|0.24|-0.64|-1.62|1.96|-0.26|-1.42|0.34|0.23|-0.09|0.94|0.17|0.24|-0.03|-0.26|0.36
-1.74|-0.60|1.15|-0.88|-1.42|1.03|0.74|0.77|-1.02|-0.19|-0.92|-0.62|-1.06|0.77|-1.13|-0.26|0.87|-0.56|0.53|1.66|-0.40|0.10|-1.35|-0.82|-1.56|1.87|-0.53
-0.25|-0.10|1.67|0.48|-0.92|-0.11|1.54|0.48|1.63|-0.45|0.19|0.81|-0.34|0.98|1.36|-1.34|0.98|-0.15|1.41|-0.15|-0.12|-0.95|-1.02|-0.72|-1.67|0.91|1.05
0.31|1.60|-0.12|0.41|-1.92|1.04|0.49|-0.07|-1.22|-0.51|-0.42|-0.78|1.06|-0.47|0.98|0.66|0.50|0.57|-0.14|0.61|-0.20|-0.57|-0.86|0.28|0.55|-0.17|-0.19
------ Dim separator ------
0.19|0.67|-0.09|-0.10|0.01|1.38|1.02|-0.65|-0.55|0.38|-0.40|-0.36|0.69|0.61|0.86|0.65|0.31|1.18|-1.52|-0.23|-0.54|-0.87|1.12|0.02|0.23|-0.04|-0.45
-0.39|-0.12|0.19|-0.31|-0.16|-1.08|0.25|0.70|0.03|0.50|0.28|-0.66|-0.79|-1.68|2.04|0.15|-0.21|-1.02|0.68|0.02|-0.53|-0.92|0.33|-0.63|0.63|-0.46|-1.15
-1.73|0.32|1.30|0.07|-0.25|1.15|0.24|0.62|-0.49|0.80|-0.21|-0.81|-0.20|-1.12|1.68|-1.01|1.62|1.43|-0.09|0.65|-0.37|0.46|-0.26|1.60|-0.20|1.06|0.76
-0.53|-0.08|0.47|-0.11|0.06|0.84|-1.02|0.43|0.21|0.80|-1.25|-0.61|-0.75|-1.94|-1.23|-1.55|-0.16|1.63|-0.92|1.83|0.26|-0.56|-1.00|1.87|-0.61|0.70|-0.68
-0.40|1.61|0.29|-0.32|0.82|0.66|-0.30|0.06|-0.11|1.45|0.58|-0.69|0.54|-0.97|0.23|-1.31|0.31|-1.05|-1.68|-1.35|-1.03|-0.67|-0.18|0.69|-0.71|0.50|0.27
