------ Dim separator ------
0.32|-1.38|0.39|-1.49|1.15|-0.55|-1.09|-0.56|3.00|0.80|-0.97|-1.26|-2.07|-1.06|2.64|-0.32|1.24|2.52|-0.61|-1.14|-0.67|-0.42|-0.63|-0.55|2.98|-1.11|-0.79
-1.41|-0.99|-0.34|1.80|-0.80|-0.14|0.50|0.13|0.75|2.06|-0.58|0.65|-0.71|-0.92|-1.84|2.80|0.06|-2.10|0.21|0.37|1.98|1.60|1.43|0.25|-1.24|-0.34|-0.09
-0.55|0.32|1.16|1.41|0.46|1.54|-1.72|1.47|0.87|-1.03|-2.23|0.77|2.54|2.04|0.76|1.04|1.57|0.40|-0.62|1.29|0.06|-1.97|-1.35|0.32|0.05|-0.12|0.93
0.51|-0.52|1.95|-0.02|1.59|-0.94|-1.80|-1.27|2.36|1.65|-1.57|0.02|-2.36|-2.57|0.14|-2.17|1.22|0.49|2.64|0.35|-0.87|1.51|0.74|0.55|-0.65|-1.85|-2.40
-1.81|-1.80|0.37|-1.27|-2.82|2.26|2.33|-1.21|3.39|-1.46|-0.10|0.85|1.84|1.25|-1.23|2.58|1.77|2.26|1.14|1.61|-2.25|1.43|-0.62|-1.31|0.58|0.73|-1.47
------ Dim separator ------
1.37|-0.85|-0.86|-0.06|0.15|0.52|-1.45|2.83|1.45|-0.04|-1.16|-2.59|-1.32|0.31|-1.10|2.41|0.99|0.96|-1.42|2.02|0.53|-1.09|2.84|1.47|1.43|2.21|0.45
-1.88|0.81|1.49|-2.78|1.93|2.68|0.15|-2.56|-1.13|2.83|-0.27|0.03|0.50|1.95|-2.04|-0.92|0.37|-0.14|0.00|-2.80|-0.85|0.60|-0.64|0.34|-0.34|-1.17|0.63
1.90|-1.76|1.38|0.87|0.78|1.90|-0.56|0.07|2.26|1.21|-1.48|-0.73|0.54|-0.29|-1.75|1.56|1.34|-0.58|1.04|1.17|1.29|-1.57|-1.80|-1.63|1.12|0.56|0.12
0.79|1.21|1.90|-0.64|-1.88|0.36|-1.57|2.49|-0.38|-0.86|-1.70|1.44|-0.26|-0.21|-1.48|-1.39|-0.27|-1.79|-1.01|-0.18|-0.99|2.23|1.24|-1.65|-0.84|0.16|0.05
-1.65|0.23|-0.29|-2.42|-0.40|-0.47|-1.34|0.80|-1.31|0.33|-2.96|-1.25|-1.57|1.07|-0.72|0.15|-1.94|0.33|2.50|2.07|-0.85|-0.50|-0.18|0.95|-0.74|-0.88|-0.69
------ Dim separator ------
1.18|2.91|0.45|-1.24|-1.70|-1.74|1.17|1.52|1.51|-1.64|2.07|-1.98|0.53|0.54|-2.15|1.18|1.53|-0.73|3.06|-0.72|-1.48|-2.11|-1.53|1.21|0.42|-2.20|-1.52
1.19|-1.45|1.64|-0.94|-2.62|-1.80|1.36|-1.02|-3.51|1.83|-0.96|-1.23|1.18|-0.97|-1.01|1.58|0.25|1.70|-1.14|1.30|-0.83|-0.90|0.75|2.51|-0.56|-2.67|-0.40
-2.28|1.55|0.30|-1.77|0.56|1.03|-0.09|1.78|-2.47|2.22|1.03|1.00|0.93|-0.40|-0.59|0.75|-1.00|-1.80|1.53|-1.63|0.64|0.01|2.43|-1.42|-2.67|1.34|2.05
-3.02|-0.05|0.32|2.36|2.88|-0.60|0.32|-1.45|0.12|0.31|-2.06|-3.30|-2.34|-1.50|2.34|0.77|-1.41|-0.07|-0.38|-0.83|0.34|-0.65|1.60|-1.71|1.09|-1.53|0.39
-0.11|1.45|0.26|2.17|-0.33|-0.08|0.97|1.71|-1.48|0.44|-1.02|1.87|1.10|-1.65|-2.17|1.71|-2.77|-0.89|0.70|-1.27|-2.44|0.60|0.50|-0.94|3.51|1.88|-2.57
------ Dim separator ------
-1.18|-2.94|-1.93|-0.44|-2.16|0.14|-0.69|0.40|1.08|-0.19|0.55|-2.38|1.47|1.07|2.73|0.37|-0.72|-0.34|-2.61|-0.69|0.97|-1.94|-1.02|1.15|0.10|0.43|-2.21
-1.61|1.49|-0.60|0.46|-0.84|0.92|0.39|1.79|-0.66|1.14|-0.91|1.10|-2.56|-0.66|2.47|-1.10|-0.90|3.09|-0.73|0.25|-0.50|-1.20|-0.64|1.68|-1.05|-2.13|-0.19
0.33|0.66|-1.21|1.53|-0.35|-0.70|-0.66|-2.26|2.23|1.54|-0.65|-1.29|-1.48|-0.02|0.26|0.70|-0.65|0.57|-1.80|1.28|-0.38|-0.10|0.75|-1.88|0.40|0.07|-0.84
-0.27|-1.43|0.07|-0.79|-0.02|2.61|-2.05|-1.28|-1.86|-2.17|-0.90|1.85|2.95|1.34|1.09|2.35|1.61|0.27|0.60|1.86|1.15|1.88|0.76|0.19|0.17|-1.91|2.66
0.94|-1.46|2.80|0.88|1.30|0.56|1.15|0.51|1.10|-1.35|-1.98|0.45|-0.67|-1.25|0.14|-2.25|-0.67|-1.16|0.67|-0.17|-2.55|-2.36|-2.29|0.36|-0.24|1.18|2.14
------ Dim separator ------
2.28|-2.82|-2.58|-0.27|0.07|-1.94|1.23|-1.88|-0.12|0.05|1.99|1.73|-1.27|3.31|-1.32|-0.55|-1.51|-1.44|1.20|0.28|1.68|0.51|1.70|0.76|-3.31|3.33|1.50
1.89|-2.09|1.13|-0.75|-0.25|-0.33|0.35|-1.27|-0.37|-0.42|-0.83|0.69|0.71|2.26|2.27|-1.99|-1.25|1.56|-1.05|0.31|-0.69|-0.65|-0.35|-2.41|-1.33|1.23|2.16
1.74|-2.64|-0.15|1.24|-1.64|-0.17|1.84|-0.37|0.38|-0.29|0.06|0.88|1.84|0.70|-1.10|-0.37|-1.16|1.34|-3.06|-1.88|0.09|2.62|1.73|-0.47|2.86|0.32|-0.68
1.49|-0.01|-1.11|-1.28|1.32|-0.54|1.93|0.87|1.07|-0.24|0.46|0.46|1.48|2.22|-0.61|-0.52|0.29|0.48|1.46|-0.61|-0.88|0.29|0.66|-1.22|-1.47|0.69|2.41
0.47|-0.48|-1.32|-1.26|-2.57|-1.27|0.08|0.50|-3.33|-1.04|0.18|1.36|-0.30|1.18|-2.28|0.06|1.26|1.61|-2.50|0.21|-0.00|1.78|0.75|-3.00|2.56|-0.09|-1.13
