------ Dim separator ------
1.83|-1.27|-1.87|-1.75|0.81|0.24|2.46|-1.19|-1.31|-0.61|2.83|-1.51|0.34|0.99|0.62|0.31|1.22|-1.00|0.62|2.08|2.42|1.36|0.43|1.37|-0.59|-2.31|0.58
-2.01|-0.58|-1.21|-2.04|-0.87|-1.62|1.80|-0.15|0.79|-0.17|2.03|0.90|-2.63|2.41|0.45|2.03|-1.31|-0.22|-0.73|0.40|-1.20|0.11|0.54|-0.12|-1.48|0.04|0.13
-2.38|1.36|0.37|-0.32|-0.07|-1.06|-2.39|0.01|1.38|2.13|-0.81|-0.84|0.65|3.60|1.97|-2.38|0.78|2.81|2.00|0.30|0.35|-1.32|0.51|-0.97|0.37|-1.48|1.05
1.08|2.10|-0.85|1.96|1.57|-0.75|0.02|0.09|0.72|1.10|0.09|0.01|-3.15|1.92|-1.94|1.84|-2.21|-1.24|0.69|1.95|0.62|-1.44|2.00|0.99|1.66|-0.70|-0.13
0.80|0.49|1.23|0.28|-0.61|1.25|-0.35|-1.12|-0.26|1.39|-0.70|1.11|-2.27|0.42|-1.20|0.15|-0.81|0.96|2.50|2.56|-0.26|-1.60|-0.91|0.53|-2.30|0.40|-1.52
------ Dim separator ------
0.57|-0.29|0.63|-1.64|-1.51|0.89|-2.62|0.19|1.01|0.82|-0.66|0.87|0.69|-2.46|1.71|-0.78|-0.58|-0.65|-0.58|-1.19|0.63|-1.55|1.54|-0.77|-0.73|1.14|-0.60
-0.07|-0.11|-1.08|-1.61|2.64|1.14|-1.45|-1.12|0.17|-0.29|1.92|0.41|-0.56|-1.34|-3.25|-0.98|0.12|-1.21|-0.53|-0.12|-3.44|1.77|2.85|3.15|0.64|-0.25|1.25
0.66|-0.50|1.04|0.28|0.81|2.11|-1.55|2.05|1.32|1.73|-2.61|1.53|2.12|1.46|0.35|-1.26|-1.46|-0.67|0.86|0.39|-0.54|-0.97|-1.38|0.48|-0.64|-1.84|2.05
2.73|1.18|1.09|0.35|0.04|-1.61|-3.22|0.68|0.97|0.02|1.08|-2.13|-2.22|-1.96|0.71|1.86|0.91|-0.84|-0.68|-2.19|1.33|1.68|-1.03|-1.03|-1.22|-1.14|-0.01
0.49|0.84|0.23|-0.61|-0.47|0.61|0.96|-0.33|-1.06|1.57|1.44|0.76|1.58|-1.09|0.29|-0.95|-0.60|0.45|0.80|0.09|-0.02|0.07|0.47|-1.10|2.31|-1.16|0.22
------ Dim separator ------
0.47|0.65|1.48|0.39|-0.17|-0.76|1.74|0.64|1.39|0.66|1.09|0.17|1.63|-0.72|-1.18|-0.37|-1.27|-0.04|-1.40|1.13|-0.56|1.95|2.13|0.27|2.32|-0.10|-0.93
-2.61|-2.38|0.13|0.13|-0.79|-1.98|-1.79|2.33|-0.11|-1.28|1.89|-2.53|-0.43|0.05|0.66|3.06|0.51|2.15|2.21|-0.42|-0.13|-0.57|1.00|-1.79|0.23|-0.73|-1.03
-0.98|1.11|0.64|0.28|-2.51|-1.20|-1.48|-0.48|-2.53|-1.69|-1.64|0.53|-0.77|-0.73|0.35|-1.03|0.74|2.52|-0.70|0.43|-1.99|1.23|-0.04|2.18|-0.36|0.95|0.79
-2.44|2.04|1.88|2.10|0.58|0.21|0.04|-1.02|-1.66|-1.48|-1.39|-0.26|1.41|-0.23|-2.13|-0.83|-0.37|1.31|-1.00|-0.84|0.93|-0.33|1.10|-0.35|2.47|-1.19|2.74
0.32|1.03|-1.14|1.36|-0.18|-1.12|0.69|-0.37|-0.65|1.37|-0.48|1.57|1.21|-1.79|-1.23|0.38|0.16|2.92|-0.34|-2.06|-1.35|-0.48|0.41|0.86|1.87|0.11|-1.38
------ Dim separator ------
-0.11|-0.87|-1.46|-0.96|0.60|-0.05|1.53|-0.13|-1.76|1.06|1.69|-1.11|-0.25|-0.27|-1.15|1.88|-3.25|-1.37|-0.48|-0.83|1.09|0.08|-0.64|0.99|-0.85|2.25|1.20
1.80|-1.73|-0.49|-2.20|0.37|-1.26|-1.52|2.29|0.56|0.69|-1.38|1.79|-0.02|-1.52|-0.92|-0.36|1.23|-0.04|0.84|-1.53|0.71|-1.38|-0.65|-0.64|-1.65|0.65|2.52
0.36|1.21|0.35|-0.46|-0.19|2.58|0.98|-0.69|0.96|1.65|-1.08|0.17|-1.58|-1.77|1.84|-0.23|-0.99|-0.88|-1.22|0.75|2.05|-1.00|-1.13|-1.87|-0.47|-0.53|-0.86
-1.26|1.89|-1.44|-1.21|2.40|1.28|0.29|-1.31|0.63|-0.91|-1.69|1.21|0.98|-2.03|1.92|0.17|0.72|3.21|0.36|1.20|1.89|-1.38|-0.43|-2.81|0.11|-1.81|-0.11
-1.98|0.53|0.01|-0.57|-0.15|-0.28|2.44|2.40|1.43|-2.74|-1.49|0.96|0.68|-0.14|-3.17|2.43|2.13|0.36|2.00|0.61|-0.12|2.02|0.02|-0.07|1.95|0.96|0.36
------ Dim separator ------
1.41|0.19|1.26|1.03|-0.96|-0.49|0.75|-0.44|1.13|-0.46|-0.03|-1.08|-0.64|-1.28|-0.74|1.36|1.14|-0.55|-2.00|-1.85|1.48|0.82|0.04|-2.71|-0.72|1.10|-0.09
-0.62|-3.09|-1.26|-1.54|-0.57|-0.51|0.77|1.66|-0.65|0.63|-2.12|-1.15|-0.50|-1.44|0.68|-1.19|-1.43|-1.99|1.46|-0.04|1.85|-3.36|0.10|-0.51|0.81|1.01|1.13
1.26|-1.92|-0.95|-1.20|-1.47|0.14|0.13|-0.09|1.00|-2.33|-2.57|-0.65|2.15|-1.11|0.05|-0.28|2.16|0.74|-0.46|0.02|1.34|0.41|-0.94|0.03|-1.61|3.29|-0.08
0.84|-0.19|-0.67|-1.37|-1.24|1.02|-1.31|1.51|-1.02|-0.13|0.14|0.06|2.77|0.98|-1.03|1.06|1.02|3.12|-0.60|1.38|-2.31|-1.35|-0.92|1.33|-0.46|3.14|1.41
-2.67|0.61|-0.21|-1.62|0.18|0.15|0.66|-0.36|0.04|-0.90|-0.91|0.87|2.99|0.86|-0.17|-0.87|-2.38|-1.31|1.75|1.02|-0.29|0.09|1.17|-0.38|0.47|-1.50|-0.84
