------ Dim separator ------
1.20|0.30|-0.06|-0.36|-0.07|0.02|-0.91|-0.60|0.48|1.68|0.18|-1.80|-0.75|-1.47|-1.37|1.16|-1.89|-0.94|1.30|-0.09|1.06|-0.50|0.22|0.04|0.60|-0.65|-0.26
-0.55|0.10|-1.65|0.10|1.24|0.54|-0.21|-1.22|0.67|0.04|3.03|1.36|1.37|0.74|-1.30|1.56|1.86|-1.19|-1.78|-3.20|1.73|-0.10|1.13|1.43|1.79|-0.73|0.46
-0.13|0.02|0.66|-1.58|-2.19|-1.42|1.39|0.95|2.42|-1.21|3.03|-0.96|1.94|-0.71|0.55|1.63|1.50|-0.58|-0.02|-0.05|2.60|0.74|-2.91|2.18|-2.72|1.00|-0.22
-1.18|0.34|0.84|-0.05|2.46|1.00|-0.08|0.47|-0.02|0.25|-0.49|0.60|0.57|0.82|0.22|0.15|-0.68|1.15|-0.08|0.93|-1.18|-1.22|0.03|2.31|-1.25|1.40|-1.43
0.62|1.74|1.68|0.16|-1.17|0.40|1.30|0.16|0.95|-1.92|-0.31|1.24|1.58|0.11|-0.68|0.22|-2.71|-0.78|0.29|1.66|0.18|-1.14|-0.08|-0.55|-0.89|-1.79|-1.04
------ Dim separator ------
-1.96|0.07|1.97|-1.43|-0.70|-0.93|-0.77|1.02|1.18|1.48|-1.39|-0.89|0.95|1.79|-1.44|-0.43|0.86|0.51|-2.45|1.90|1.88|-2.65|0.33|0.84|1.40|1.02|-1.95
1.65|-2.34|-0.66|0.83|1.83|0.38|0.84|-1.89|-2.31|-1.11|0.05|-0.96|-0.92|1.24|-0.47|1.59|-1.80|0.66|1.44|0.13|1.66|1.64|1.57|0.35|1.49|0.72|-2.00
1.12|-1.78|-0.44|0.15|-1.25|-0.27|0.33|1.50|-1.05|1.36|0.25|-1.31|-1.13|0.51|-1.25|-1.85|-1.83|0.59|-0.58|0.02|-0.36|-2.03|-1.16|0.21|0.39|0.26|0.12
1.41|0.93|0.08|-2.79|-1.23|1.38|-0.07|1.01|-1.29|0.10|0.02|-0.50|0.61|0.52|-0.54|0.28|0.96|-0.55|-0.43|0.30|1.01|0.98|1.60|1.52|1.60|0.29|-1.94
0.66|0.31|1.32|0.22|1.57|-0.03|-0.23|0.21|-0.50|0.93|-0.81|-0.78|-1.15|-0.58|0.79|0.76|-1.47|0.75|1.02|-0.26|-0.25|-0.76|0.38|0.61|-0.31|1.02|-0.57
------ Dim separator ------
-1.10|-0.19|-1.18|0.96|-2.11|0.62|-0.22|2.18|-0.19|-2.08|0.22|1.78|-0.02|-0.39|-1.22|0.87|-1.89|1.28|0.12|2.97|-0.33|-1.01|-2.59|-0.73|-0.92|-1.66|-2.21
-1.11|0.14|-0.18|1.25|-0.41|0.88|-1.39|-1.26|0.76|-1.11|0.10|-1.46|2.18|-1.01|-0.87|0.68|-1.09|1.18|0.04|1.38|-0.53|-0.19|-0.45|-1.77|0.14|-1.61|-2.20
-0.47|0.11|-0.43|0.32|-1.33|1.66|0.35|0.07|0.14|0.53|1.07|-2.04|-1.10|-0.65|-1.17|-0.14|-0.93|0.70|1.08|1.33|1.13|-1.36|1.69|1.05|-0.10|-0.22|0.08
-0.66|-2.01|0.38|-0.23|-0.43|-0.25|-0.72|0.16|-1.23|1.31|0.46|-0.84|1.03|1.27|1.31|-0.57|-1.56|0.26|0.22|2.26|0.09|-0.53|0.69|-0.26|-1.49|-0.20|0.45
-1.43|0.32|2.14|2.03|1.83|-0.32|-2.07|1.41|-0.60|2.76|-0.65|1.00|0.02|0.15|-1.77|0.47|1.50|1.23|-0.12|-0.94|2.79|-2.64|0.41|-1.75|0.59|2.06|-0.10
------ Dim separator ------
0.06|-0.60|-1.81|-1.10|-0.33|0.11|-1.24|1.37|-0.02|0.61|0.84|1.82|-1.82|0.07|1.08|0.92|0.72|2.02|-0.52|1.49|0.04|0.25|-0.10|0.40|2.05|-0.34|-0.60
1.24|0.91|-1.29|1.49|-0.36|2.39|-0.16|-0.62|-1.03|1.06|-0.03|0.11|1.29|2.29|0.60|0.02|-0.79|1.25|-1.39|1.16|-1.11|0.21|1.50|1.23|0.86|-0.86|0.33
-0.12|-1.81|0.41|2.80|-0.25|-2.71|-1.28|1.69|-0.31|1.85|-2.01|-3.17|-1.35|1.41|0.41|1.30|-3.13|-0.09|-1.54|1.07|0.36|0.90|-1.75|0.07|-1.15|0.30|-0.09
1.56|0.60|-2.16|-1.77|-1.96|1.14|-0.22|-0.90|-2.10|-2.04|0.11|-0.75|1.02|-0.56|0.99|2.31|0.10|0.51|-0.62|0.99|-1.04|-0.22|0.02|-1.72|0.63|-1.11|0.47
0.55|-0.77|-1.80|1.14|0.67|0.15|1.09|-0.40|0.93|-0.09|1.15|1.41|-0.24|0.26|0.03|1.12|-1.42|0.69|2.03|-1.53|-0.68|-0.39|-0.25|2.86|-0.19|0.11|0.64
------ Dim separator ------
-0.56|-1.63|-2.80|-0.16|0.72|-0.39|1.04|0.36|-2.18|-1.15|-0.51|0.60|-0.72|-0.70|0.76|0.05|0.21|-1.13|-0.17|1.54|2.03|-1.40|-1.16|1.18|-0.97|-0.13|-0.07
0.79|0.62|1.31|-0.29|0.88|-1.25|1.41|-0.25|0.51|-0.08|1.58|1.47|1.13|-1.57|0.12|-0.69|-0.32|1.03|0.54|-0.09|-2.93|0.53|-1.67|-0.51|1.66|2.24|1.51
0.74|1.17|-0.71|0.26|0.04|-0.78|-3.19|-0.42|-0.45|-1.35|-0.71|1.64|1.42|-0.84|0.23|0.91|0.61|0.44|1.17|-2.33|-0.23|0.70|1.06|-1.48|-0.36|-0.28|0.10
2.12|1.95|-1.92|-1.83|-1.27|-2.84|0.97|-0.52|1.67|-2.17|-0.52|-0.64|1.45|0.32|-0.82|1.26|-1.94|0.70|0.17|-0.62|-0.76|-1.79|0.51|0.59|0.47|0.25|-0.12
-0.19|-0.73|0.67|0.09|0.51|-2.02|-0.06|-0.62|-1.52|0.13|0.61|-3.25|0.81|2.04|-0.68|0.50|-0.30|-0.63|0.86|-0.89|0.31|1.80|-1.13|-1.40|0.25|-0.89|-0.04
