------ Dim separator ------
1.75|-0.38|1.50|-0.13|-2.18|-2.53|-0.69|-0.08|-0.52|-0.83|-1.81|-1.29|-0.66|-1.58|-1.58|-1.09|0.88|-0.71|0.69|-1.18|-1.43|0.57|-2.69|0.28|0.62|0.52|0.59
-0.85|-0.46|1.54|1.34|-0.92|-0.42|-0.86|2.25|0.87|1.31|0.71|0.08|1.80|0.33|0.16|-0.76|-0.51|0.53|-0.12|0.08|-1.14|-1.25|-0.89|-0.73|1.63|0.33|-0.39
1.92|1.85|1.82|0.77|1.59|-1.71|1.77|-0.07|0.23|1.00|-1.39|-0.62|1.13|-0.47|-2.87|0.63|-0.14|-0.60|0.48|0.12|-0.18|1.40|1.80|-0.57|-1.52|-1.11|-1.28
1.39|-0.23|1.00|-1.93|0.34|1.03|0.57|0.48|-0.22|-2.17|-1.33|-0.25|-1.07|1.13|0.07|-0.04|-0.38|0.43|1.67|-0.80|-0.14|-0.35|1.10|-0.47|0.39|1.37|0.50
-1.74|1.50|-1.62|-0.36|-0.36|0.76|-0.86|0.44|0.78|-1.00|-1.80|-1.07|0.86|-1.00|0.69|-0.55|0.04|0.43|-0.56|-1.90|-0.35|0.89|0.76|0.10|-1.18|-1.45|-0.58
------ Dim separator ------
-0.47|-0.42|1.10|0.01|0.87|0.27|0.26|-0.16|-0.43|0.06|-0.82|2.14|0.56|0.28|-0.88|0.89|-1.31|-2.10|0.97|-1.15|0.65|-1.34|-1.60|-0.75|-0.38|-0.73|0.77
-0.45|-0.12|-1.14|-0.17|0.57|-0.24|-0.21|-0.41|-0.49|-1.34|-0.76|-0.13|1.14|0.71|0.71|0.73|2.04|-0.91|-0.19|0.96|0.55|-0.52|-0.53|-1.76|0.20|-0.79|-0.60
0.52|-1.25|-1.85|0.40|-0.88|0.01|0.76|0.03|-1.92|-0.79|-1.03|1.40|-1.11|1.17|0.85|-1.81|0.43|0.94|-1.54|-0.35|-2.31|-1.44|1.23|0.88|0.35|0.57|0.07
-1.15|-2.11|0.66|-0.53|0.17|-2.29|0.99|-0.18|-1.04|1.66|0.71|-1.50|0.55|0.77|0.77|0.33|-1.85|0.05|-1.95|0.86|-1.63|-0.94|0.46|0.25|-1.03|-0.69|0.21
0.98|2.53|0.40|-1.30|-0.74|-0.22|-0.81|-0.90|-0.38|0.58|-0.02|0.14|-1.22|0.81|0.69|-2.04|-0.11|-0.77|-0.22|0.62|-2.07|1.39|-1.40|-0.43|-2.00|-0.06|0.63
------ Dim separator ------
0.92|-0.77|0.28|-1.04|1.87|0.37|-0.34|-0.31|-1.74|0.71|-1.66|-0.41|-0.59|0.56|-0.64|0.43|-0.32|1.46|-1.67|1.77|-0.00|1.14|-1.06|1.72|-0.95|-2.18|-0.49
-0.47|1.47|-0.28|-0.39|2.22|0.40|-0.64|-1.46|0.19|0.32|-2.73|0.03|-0.21|2.61|1.91|-1.49|0.41|0.26|0.55|-1.32|0.02|-0.50|-0.38|-2.13|-0.97|-0.36|0.38
1.47|0.05|3.04|0.40|0.55|-2.29|0.54|-1.26|0.59|-1.14|-0.05|-0.26|-0.63|1.59|1.05|0.56|-0.91|0.40|-0.54|1.66|-0.12|-1.98|0.64|0.72|0.48|2.12|-1.77
0.45|-0.31|-1.22|-0.20|-1.01|0.23|-0.86|1.00|-0.65|-2.93|0.29|-1.43|1.57|0.81|-0.52|0.93|-0.36|-0.68|-0.49|-0.38|0.95|0.22|2.55|0.46|-0.75|0.54|0.05
-0.44|-0.18|1.58|-0.47|-0.66|-1.41|1.77|1.37|0.87|-0.33|1.20|-0.14|0.06|1.12|0.64|-2.57|0.75|-1.04|-2.86|-1.14|-0.15|-0.82|-0.41|1.33|-0.70|-0.83|0.26
------ Dim separator ------
1.24|-0.26|1.00|-0.31|0.44|0.72|-0.57|-0.38|0.58|1.55|0.13|-0.55|0.10|-1.39|-0.22|0.34|0.16|0.34|1.28|0.75|0.78|-1.86|-0.17|2.23|-0.32|-0.64|0.23
0.79|1.60|0.23|0.66|0.02|2.58|-0.18|-0.24|-1.89|1.34|-0.73|-0.20|-0.13|1.39|-0.82|-1.73|0.86|1.58|-0.14|0.07|-1.01|0.55|2.22|-1.05|0.71|-0.63|1.10
-0.58|-0.11|0.98|0.73|-0.94|1.33|-0.39|-0.57|0.99|0.11|-1.94|0.25|-1.21|0.72|1.52|-1.35|-0.66|0.99|0.35|-2.56|0.22|0.22|0.71|0.15|-0.39|-1.22|0.66
0.29|0.16|-0.61|0.13|-0.48|0.40|-1.46|-0.33|0.10|-0.37|0.53|-0.91|-0.82|0.49|-2.57|0.66|-1.01|-0.29|-0.89|-1.50|0.41|1.22|0.78|0.68|0.08|-3.10|0.01
-0.68|1.45|0.74|-0.01|0.18|-1.04|0.33|-0.11|-0.10|-0.41|-1.17|0.62|0.24|1.31|0.38|-1.88|-1.24|-0.01|0.24|-0.46|0.59|-0.95|-1.18|0.29|0.69|0.84|-1.60
------ Dim separator ------
-0.99|0.40|-0.77|0.35|-0.00|-1.11|0.55|1.53|-0.19|-0.22|1.47|1.66|1.69|-2.02|0.65|-0.66|1.78|0.48|1.16|-0.73|-0.55|-2.05|-1.86|-0.15|2.29|-1.06|1.71
-0.50|0.77|0.17|-0.54|2.09|1.78|-1.58|0.86|2.37|1.38|0.49|-0.98|0.49|1.40|-2.16|-0.29|-2.00|0.53|-0.05|0.68|-1.75|1.21|-1.60|-0.27|-0.96|-0.70|-0.66
-0.37|-1.73|-2.61|-1.57|1.44|-0.62|0.56|0.74|-1.19|0.38|-0.16|0.54|0.81|2.39|-0.55|-0.27|0.42|-1.25|0.88|-0.40|-2.37|-1.27|0.84|-1.22|-0.64|-1.03|-1.29
-0.79|0.73|0.83|0.43|0.84|-1.99|0.78|0.25|-0.75|-1.65|-0.11|1.68|-1.62|0.51|0.41|1.71|0.43|-1.29|2.45|1.14|-0.42|-0.45|1.68|-2.56|-1.19|0.81|0.65
0.17|-0.76|0.58|1.93|0.49|-1.03|1.99|0.22|1.48|-1.77|1.57|-0.82|0.23|-1.94|1.55|-1.17|-0.87|-0.55|0.72|2.06|0.91|1.09|-0.97|1.62|-1.00|1.09|0.63
