------ Dim separator ------
-0.42|-0.49|1.38|-0.16|0.90|-0.90|0.77|-0.14|-0.46|-0.23|-0.38|-1.16|-0.51|-0.55|-0.52|1.24|-0.80|-0.08|-0.72|-0.52|0.37|-0.18|0.37|-1.63|0.46|0.62|0.25
-1.06|-0.65|-2.57|0.25|0.30|-1.19|0.43|0.20|-0.42|-1.71|-1.95|-1.45|0.47|-0.01|-0.81|-1.34|0.24|-1.18|-0.37|0.81|0.17|-0.92|-0.39|-1.84|0.05|-0.14|-1.92
-0.29|-0.97|-0.61|0.21|0.08|0.84|-1.25|-1.00|1.06|-0.54|-0.74|-0.58|-0.02|-0.11|-1.35|-0.41|-0.51|0.51|-1.42|-0.74|-0.60|-0.18|1.24|1.30|0.44|1.65|-1.46
1.43|-1.02|-0.68|0.04|0.38|0.44|-1.07|-1.48|-0.47|-0.50|-0.11|-1.04|0.31|1.01|-1.30|-1.13|-1.08|1.11|0.06|-0.17|1.27|-0.31|-1.27|0.34|-0.96|0.26|0.63
-0.21|0.30|-0.62|-0.47|0.46|1.44|-0.92|-1.09|1.02|-0.49|0.60|-1.64|-1.23|-0.07|0.66|0.90|0.86|-0.64|-1.83|-0.75|-0.04|0.48|1.30|-0.77|0.95|0.78|-0.00
------ Dim separator ------
0.48|0.27|-0.13|1.43|0.38|-1.00|-0.43|0.97|-0.30|1.61|0.54|1.00|1.12|1.33|-1.36|-0.33|1.46|-0.30|0.78|-0.55|-0.54|0.89|2.16|1.44|0.09|1.00|0.92
0.88|0.44|-0.47|-0.48|-0.06|-1.05|-0.17|1.38|0.02|0.61|-1.99|0.85|-1.08|-0.24|-0.78|0.68|1.22|0.39|0.17|0.57|-0.58|-0.19|-0.40|-0.88|0.83|-0.24|-0.44
0.32|-0.04|0.83|-0.82|1.19|-0.59|-0.69|1.18|-0.23|-1.70|-1.08|0.96|-0.92|-1.74|-0.26|1.35|0.84|2.29|1.15|0.25|-0.14|0.98|1.42|-0.35|1.62|-0.64|-1.10
-0.25|-0.52|0.10|-0.53|-0.11|0.35|-0.41|-0.20|1.83|0.27|-0.50|0.44|-0.15|0.35|0.53|-0.16|0.24|-0.60|0.46|0.61|0.15|-0.45|-0.85|0.59|0.46|0.69|0.62
-0.44|-0.55|-2.28|-0.04|-1.47|-0.62|0.12|0.36|0.27|-0.23|-0.82|-1.71|0.58|0.49|-2.59|0.37|0.87|0.06|-0.89|0.13|0.04|0.11|0.65|-0.64|-1.09|-0.82|-1.00
------ Dim separator ------
-0.08|-0.94|0.02|0.71|-0.62|-0.04|-0.06|-0.41|0.87|0.96|0.47|1.43|-0.17|-0.42|1.30|-0.84|-0.49|-0.13|0.51|0.17|-0.79|0.07|-1.31|1.06|0.86|1.02|-0.91
-2.28|-0.04|-0.85|-1.67|-0.57|0.36|1.14|0.67|-0.11|-1.12|0.40|0.04|-0.32|-0.01|0.95|1.36|-0.63|0.02|0.86|-2.09|1.75|1.84|1.90|0.12|-1.24|0.63|1.56
0.90|-1.71|-0.06|0.56|-0.71|-0.85|0.01|1.75|0.91|0.30|1.68|-0.29|0.20|0.25|0.96|1.28|1.26|-1.50|0.10|1.46|0.44|-0.75|-0.95|-0.05|0.19|-1.05|0.79
1.03|-1.51|-0.29|-1.83|1.51|-1.25|2.42|-0.56|0.83|-0.04|0.62|-0.25|0.64|0.36|0.30|-0.17|0.26|-0.50|-0.04|0.91|-0.98|0.62|0.52|-0.29|0.71|-0.37|-0.05
1.92|0.43|-0.60|-1.21|0.87|1.18|-0.04|1.54|1.00|-0.74|-0.65|-1.19|0.03|0.47|0.49|0.60|-0.17|-1.32|-1.76|0.52|2.01|0.58|0.66|-0.16|-0.46|0.17|0.44
------ Dim separator ------
-0.31|0.41|0.26|0.95|-0.39|1.20|1.27|-0.52|2.12|-0.48|0.57|-0.79|0.42|-0.36|-0.23|0.36|1.09|1.02|0.19|-1.15|-0.04|0.74|0.42|-0.54|-0.09|0.69|0.12
-0.87|0.70|-0.85|1.73|0.21|-0.70|0.82|-0.10|0.47|-0.59|1.35|0.40|1.46|0.08|1.56|0.44|0.17|0.42|0.74|-0.06|-0.65|0.93|1.42|-1.20|1.68|0.20|-1.03
1.29|0.36|0.69|0.48|1.46|-0.73|-0.66|0.28|0.08|-1.24|1.23|0.07|0.75|0.24|1.03|-0.27|-0.63|0.47|-0.99|0.20|-0.92|0.06|1.35|1.73|1.01|0.18|-0.37
-0.58|-0.71|0.24|0.56|0.51|-0.33|0.02|-0.42|-0.08|0.17|-0.37|-1.65|0.04|0.40|-0.43|-0.86|-0.61|0.72|-0.78|0.27|0.20|0.73|1.63|-0.25|-0.30|-0.24|-1.62
0.99|-0.46|-0.53|-0.81|-0.19|-0.81|-1.91|1.62|-0.24|1.18|0.66|0.53|0.23|0.06|-0.37|-0.01|1.01|-0.86|-0.22|-1.07|0.55|0.47|0.98|-0.84|-0.56|-0.64|-0.37
------ Dim separator ------
-0.48|-0.42|-0.05|-1.52|-0.47|0.72|-1.18|-1.09|-0.58|1.14|-0.79|-1.14|-0.82|0.91|-0.27|0.93|1.43|-0.93|1.51|-0.79|0.31|1.57|-0.09|0.57|0.36|-0.26|-0.39
0.61|-0.40|0.26|0.85|1.98|1.31|-0.14|-0.43|0.31|-2.22|-1.08|-0.86|-0.70|0.81|0.89|0.40|0.85|-1.33|0.79|0.27|0.55|0.93|-1.22|0.19|0.01|-0.27|0.58
0.05|0.33|0.53|0.73|1.37|0.19|0.14|-1.37|-0.14|-0.08|0.86|-0.26|-0.53|0.26|-1.49|-0.24|-0.49|-1.45|-0.20|-1.29|-0.02|-1.90|-0.81|-0.85|-0.53|-0.47|0.50
0.44|0.14|0.65|0.05|0.14|0.69|1.29|-0.67|-0.37|-1.34|2.23|1.22|-0.95|-1.23|-0.55|-0.49|0.49|0.19|0.32|-0.95|0.68|0.22|1.44|-0.88|-0.69|-0.54|-0.43
-0.13|1.29|-0.05|1.20|-0.67|-0.08|-0.89|-0.34|0.28|-0.44|-0.34|-0.11|1.47|-0.76|-0.74|1.06|1.17|1.08|-0.32|-0.15|0.55|0.76|0.24|-0.59|-1.03|0.15|2.56
