------ Dim separator ------
1.61|2.53|-1.30|1.63|-0.24|0.59|-0.21|-0.47|0.15|-1.83|0.02|0.75|0.30|-0.17|0.44|-0.12|1.96|-0.64|-2.83|-0.28|-0.74|0.41|1.24|-0.51|-1.13|0.02|0.14
2.62|-1.79|0.21|0.32|-0.16|1.04|-1.48|-0.44|0.86|0.69|-0.79|-1.60|1.37|-0.55|0.93|-1.89|-1.36|1.14|1.62|0.31|-0.35|0.41|0.74|1.46|0.38|-1.27|1.31
1.74|1.46|2.01|-0.10|-1.11|1.73|1.25|-0.31|-0.77|-0.75|1.10|-0.13|-0.88|0.48|0.83|0.75|0.93|0.05|-1.80|0.24|-0.95|1.17|0.62|-0.62|-0.50|0.45|-2.09
-0.11|0.65|-1.74|-1.57|-1.04|1.32|1.76|-0.12|-0.74|-0.81|-0.58|1.05|0.01|-0.41|-0.09|-1.34|1.72|-1.73|-0.63|-0.03|-0.14|1.91|-0.58|-0.27|0.80|0.56|2.09
-1.18|-0.04|1.64|0.21|1.40|1.26|0.35|1.56|1.71|-0.12|-2.51|-0.61|-0.06|0.59|0.10|-2.51|0.87|-1.44|0.09|-1.24|1.56|0.69|1.20|0.42|-0.21|-0.29|0.02
------ Dim separator ------
-0.05|1.75|-0.25|-0.72|1.24|1.21|2.03|-2.89|-0.02|-0.81|0.15|0.20|1.36|-0.19|0.49|1.00|-0.25|0.18|0.60|-1.10|1.56|-0.38|0.38|-0.21|0.14|-1.38|-0.29
0.58|-0.67|-1.41|0.97|-0.48|1.21|1.86|0.84|-0.46|0.00|0.32|-0.35|3.28|0.59|1.30|-0.47|0.82|1.14|-1.49|0.26|-0.97|-2.24|-1.58|0.38|1.38|0.37|1.91
-2.42|1.92|-1.24|-1.63|-0.18|1.83|-0.08|1.93|-1.01|0.11|-1.75|-0.38|0.23|1.56|-0.28|0.79|0.25|-0.03|-1.13|-0.03|-0.66|0.73|0.28|-0.96|-0.37|0.93|-0.39
-0.61|1.06|0.37|1.22|-1.23|0.51|0.64|1.01|-1.47|1.97|1.24|-1.12|3.29|-1.24|1.03|-0.40|-0.57|0.46|-1.58|-0.05|-1.31|-0.32|-1.67|0.30|0.36|2.43|2.05
0.84|1.20|-0.66|-0.78|-2.07|0.77|-2.15|-0.86|-0.35|-0.12|1.54|0.50|-1.68|0.07|0.70|0.92|0.73|0.59|-1.18|-0.69|-0.25|-1.79|-2.88|2.09|0.59|1.30|-0.40
------ Dim separator ------
0.79|-0.35|0.08|0.78|-0.57|2.30|0.31|-0.34|-0.64|0.10|0.71|1.69|-0.21|0.35|-0.05|-1.59|0.02|2.20|-0.82|0.46|-1.37|0.53|0.67|0.72|-0.30|0.71|0.47
0.26|0.48|-0.51|-0.74|0.20|0.65|1.84|1.22|-1.09|0.98|-0.52|2.51|0.51|0.19|0.50|-0.10|-0.83|-2.02|-0.16|-2.07|0.13|1.93|-2.19|0.39|-0.68|1.07|-0.15
1.58|-0.68|0.73|0.04|0.60|-0.52|-0.20|-0.18|-1.59|1.68|-0.46|-1.61|-0.32|1.27|-0.75|1.47|1.33|0.16|-0.61|1.68|-0.25|0.27|0.39|0.14|-1.69|-0.24|1.69
0.22|0.48|-0.67|-0.00|-0.98|-2.92|-1.60|1.31|-0.03|-0.89|-0.57|-0.15|1.07|0.54|1.38|2.60|0.36|-1.88|0.12|0.04|-0.17|1.36|-1.48|-0.63|1.39|1.15|-0.41
0.31|-0.98|0.17|-0.02|0.66|-0.28|0.62|-1.73|1.41|-1.23|1.12|-1.31|-1.98|0.87|0.45|-0.42|-0.32|0.35|-0.99|-0.15|0.20|0.63|-0.84|0.41|-0.10|1.35|-0.53
------ Dim separator ------
1.55|0.41|0.91|0.63|-0.20|3.02|0.04|1.52|0.71|0.58|-0.77|0.25|-1.61|-2.31|0.32|0.29|-0.69|0.18|-0.22|0.61|1.31|1.31|-1.71|0.77|-1.19|0.98|1.25
0.79|0.37|0.95|-0.93|-1.89|-0.00|-0.64|0.21|1.92|-2.34|0.61|2.01|-1.40|-0.36|-1.09|1.28|1.28|-0.03|0.91|0.48|1.32|0.26|0.25|-0.29|-0.73|1.09|1.12
-1.25|-0.11|-0.52|-1.52|-0.28|0.29|-0.88|-0.85|-0.90|-1.60|-1.13|1.63|-0.82|0.42|-1.05|-2.32|-0.46|0.55|-0.32|0.81|0.04|2.49|-1.40|1.04|-0.98|-1.50|1.79
-0.29|1.63|1.19|0.63|-2.02|-1.71|-0.56|1.00|0.55|0.55|2.04|0.28|-0.79|-1.18|-0.20|-1.01|-0.07|-0.48|1.98|-1.16|1.51|0.18|-1.09|-0.04|-0.95|0.19|-1.21
-1.92|2.24|-2.04|0.79|-1.51|0.09|-1.04|-1.43|-1.56|0.80|-0.61|0.71|-2.65|2.50|0.28|-0.47|-2.87|-0.42|-1.70|0.09|0.96|-0.20|3.00|-0.39|-0.63|-0.70|-0.31
------ Dim separator ------
-0.18|-0.68|0.72|1.34|1.52|0.13|-0.06|-0.59|1.54|0.77|-0.67|-1.22|-0.17|0.63|0.54|0.41|0.96|-0.23|-0.67|1.88|-1.16|-1.11|0.78|0.61|-0.69|0.93|0.41
-0.53|1.24|1.16|-0.16|0.25|-0.09|1.53|1.43|1.92|-1.68|2.38|-0.17|-1.49|-0.39|-1.41|-0.65|0.15|-0.51|-1.27|0.88|-0.91|-0.47|1.95|-0.38|0.81|-0.34|-1.77
-0.92|0.75|0.20|0.39|-2.00|-1.33|0.94|1.78|0.19|-0.45|0.61|-1.33|0.52|0.35|-0.34|0.01|0.48|-1.42|1.08|1.32|-1.70|-0.34|0.45|-0.47|-1.15|0.35|-0.57
1.58|1.15|0.75|1.51|1.49|-0.39|0.57|1.58|1.39|0.62|-0.88|0.13|-0.37|-0.24|0.00|-0.27|-0.25|1.45|1.81|-0.60|1.48|-1.01|0.42|1.13|0.57|0.62|-1.07
-2.26|0.39|2.52|0.10|0.94|-0.20|2.26|2.26|-1.07|2.01|1.36|0.11|-1.27|-0.54|0.33|-1.80|0.40|-1.58|0.21|0.68|1.20|1.06|0.82|-0.63|-0.85|2.18|-0.21
