------ Dim separator ------
-2.04|0.08|0.15|1.03|1.27|-0.29|-0.36|0.33|-0.53|-1.76|1.32|0.76|1.25|0.91|1.24|-0.33|-0.84|-1.20|0.26|-0.58|1.29|-0.24|0.04|-1.35|1.12|0.08|0.35
0.35|-0.16|1.03|0.56|0.12|1.29|0.14|-1.45|-0.70|-0.76|-0.70|-1.07|-0.09|1.29|-0.93|0.09|1.66|0.08|0.34|-0.57|0.32|0.74|1.08|0.04|-0.02|1.10|0.54
0.47|-1.34|0.27|-1.98|1.73|-0.20|0.21|-0.00|-0.10|-0.69|-0.32|1.27|0.21|0.15|-0.33|-0.18|0.14|-0.72|0.68|-0.84|-0.74|-0.67|0.13|0.04|0.44|0.51|-0.57
-1.05|-0.72|-1.14|-0.51|0.54|-0.28|-1.27|0.60|-1.47|1.28|1.33|-1.56|-0.29|-0.50|0.89|-1.07|-0.50|1.34|0.24|-1.05|0.14|-0.42|-0.87|-0.03|0.52|-0.13|-0.33
-1.42|-0.16|-0.36|2.22|0.80|-0.24|0.33|-2.07|-0.29|-0.65|1.02|-0.35|-0.94|-0.77|-1.57|-0.21|-0.15|-0.65|-0.45|0.54|0.18|-0.61|0.15|1.75|0.52|-1.03|-1.40
------ Dim separator ------
-0.72|1.90|0.13|1.07|-0.16|0.65|0.27|-0.20|0.81|-0.47|0.04|-0.23|0.32|0.35|-1.31|1.93|1.69|0.18|0.33|1.01|0.36|-0.09|0.35|0.91|-0.28|0.26|-0.04
0.62|0.11|0.93|-0.13|0.30|-1.34|-0.25|1.03|-1.34|-0.96|-1.46|0.42|-1.10|0.45|0.07|0.96|-0.78|0.05|1.56|-0.56|1.16|-0.16|-0.52|0.02|-1.21|-0.73|-0.95
0.84|-0.14|1.86|0.32|-0.60|-0.82|0.64|-0.06|0.00|-0.25|0.46|-0.60|0.66|-0.98|1.31|-1.30|0.89|1.12|0.59|-0.39|1.17|0.10|-0.65|2.83|-0.66|-0.58|-1.89
0.53|-0.59|0.56|-1.30|0.15|0.90|-0.96|-1.11|1.20|1.09|0.04|-0.03|-0.56|0.23|-0.82|0.19|1.66|-0.40|1.21|0.16|0.69|0.28|-0.95|1.36|0.53|-1.44|-1.16
-0.07|-1.58|-0.23|-0.35|2.10|2.41|-0.12|-1.41|-0.82|-0.03|-0.44|0.20|-1.08|0.62|1.62|-1.01|-0.10|0.97|-0.57|0.30|1.28|0.24|0.34|0.63|-0.84|1.43|-0.21
------ Dim separator ------
1.12|-0.23|0.30|1.34|1.88|-1.40|-1.11|0.42|-0.78|-0.11|-0.93|-0.26|-0.32|-1.01|1.39|0.24|-0.05|-0.46|1.54|-0.01|0.47|0.38|-0.22|-1.16|-0.00|0.96|-0.13
0.23|-1.61|0.61|0.46|0.13|-0.46|0.35|0.61|-0.12|0.42|0.84|-0.52|-0.09|0.36|-0.75|-0.01|-1.26|-0.26|0.27|-0.87|-1.63|-1.34|-0.07|0.43|-0.77|1.66|0.61
1.25|0.74|-2.14|0.69|0.18|0.22|0.78|-0.22|0.07|-0.23|0.09|-0.29|0.94|0.25|1.28|0.30|-0.06|0.84|1.60|-2.00|-0.96|0.02|-1.27|-0.45|0.47|-1.38|-0.77
1.33|-1.37|-0.79|-1.24|-0.50|2.16|-1.02|1.64|1.28|-0.20|-1.52|-0.60|-0.80|-0.65|-1.03|0.45|-0.13|-0.87|0.43|0.03|-0.18|0.73|0.68|1.05|-0.92|1.26|0.23
-1.12|-0.32|0.52|-0.74|-0.64|-0.34|0.14|-0.29|-1.14|-0.02|0.55|-1.38|1.16|0.52|-0.14|-0.08|0.53|-0.57|0.65|1.17|0.34|0.40|-0.32|-0.21|-0.85|0.22|2.51
------ Dim separator ------
-0.47|-1.12|0.65|0.03|0.27|-1.69|0.89|-0.78|-0.18|-1.62|-0.75|-0.54|-0.52|0.61|0.56|-1.26|-0.01|-0.07|-1.07|-0.04|-2.10|0.91|-0.72|-1.29|1.95|-0.37|-0.11
-1.17|0.43|-1.05|0.97|-1.29|-0.23|0.99|0.60|0.86|0.71|-0.34|-0.79|1.99|0.02|1.28|-0.73|-1.56|0.12|0.34|-0.50|-0.17|-0.33|0.39|0.66|1.55|1.10|-0.95
1.15|0.70|1.11|0.04|0.09|-0.97|2.01|-0.48|-0.52|0.59|0.70|-0.54|0.70|0.43|-1.40|1.55|1.32|-0.52|0.80|0.10|0.78|-0.73|0.65|0.47|-0.57|0.63|0.65
-0.51|0.01|-0.15|-0.45|-0.38|-0.20|-0.04|1.12|0.57|-0.29|-0.63|-0.70|0.90|0.99|0.35|0.21|0.21|-0.58|-0.67|0.10|-0.63|-0.04|-1.52|1.24|1.81|1.58|1.01
0.56|0.20|-0.08|0.12|-0.33|-0.11|-0.88|-0.39|1.24|2.09|-0.66|-0.82|1.09|-1.35|0.60|1.59|0.25|-0.60|-1.04|-0.88|-0.72|0.52|-0.04|1.16|-1.00|0.35|0.30
------ Dim separator ------
-1.09|0.69|0.27|0.19|0.74|-0.81|-0.80|0.98|-0.24|1.34|-0.88|-0.12|0.10|0.48|-0.16|-0.70|0.71|1.06|1.27|-1.33|-0.37|1.05|-0.70|0.22|-0.61|-0.35|0.14
1.19|0.21|1.20|0.02|-1.73|0.79|-0.17|0.07|-0.72|-0.77|0.21|1.15|1.28|-0.44|-0.01|0.52|1.34|0.78|-0.03|-1.05|0.70|-0.95|-0.64|-1.42|-0.18|0.97|0.32
0.60|0.29|0.07|0.10|1.44|1.61|0.02|-0.55|-0.44|1.10|1.03|1.27|-1.06|0.92|-0.30|-1.28|-1.61|0.32|-0.27|-0.18|1.08|-0.67|-0.42|0.41|0.04|-1.29|1.17
-0.49|-1.11|-0.89|-0.31|-0.98|0.82|-0.68|-1.45|0.53|0.51|-0.83|1.64|0.54|1.06|-0.30|-1.29|0.42|-0.14|-0.48|0.69|-0.02|0.79|-0.06|-1.01|2.17|-0.31|-0.24
-0.81|-0.72|-0.83|0.62|-1.07|-0.57|-1.03|-0.17|-0.83|0.29|0.20|-0.80|0.97|0.82|0.31|1.41|0.34|1.39|0.47|0.00|0.15|0.12|0.70|-0.50|-0.25|-1.88|-2.02
