------ Dim separator ------
-0.87|1.90|-0.38|1.14|-1.30|0.72|-0.44|-0.27|-0.70|-2.88|-0.48|1.44|2.49|0.36|0.54|0.99|-0.46|0.48|-0.11|0.45|-0.11|-0.10|0.96|-0.29|0.73|0.40|0.07
-1.32|0.28|-1.12|-1.65|1.17|0.68|-0.45|-1.42|-0.97|0.22|-0.51|-0.29|-0.98|-0.29|-0.31|-0.29|1.20|0.48|-0.35|-0.96|-1.33|1.10|-0.02|-0.90|0.37|2.36|0.20
0.51|0.09|-0.49|-0.56|0.99|1.21|0.62|-0.28|-1.93|-1.80|0.50|0.47|1.32|-0.68|-0.15|0.71|0.08|-0.91|0.64|-0.21|-0.48|0.99|-0.18|-0.10|1.12|0.08|1.45
-1.81|0.09|-0.56|-0.05|0.48|0.58|-0.59|0.31|-0.39|-0.64|0.82|-0.70|0.21|-0.37|0.20|-0.65|-0.57|0.43|0.18|-1.82|0.13|-0.27|-0.64|1.02|0.91|0.72|0.46
0.20|-0.38|-0.70|1.37|-0.14|-0.11|0.49|0.24|-0.43|-0.54|0.69|-0.13|-1.24|-0.55|-1.62|0.98|0.71|-1.65|-0.68|0.24|1.00|-0.93|-0.97|0.22|0.73|0.71|0.69
------ Dim separator ------
-0.44|0.38|-2.21|1.44|0.35|-1.54|0.22|1.08|-1.19|-0.18|1.00|-1.05|1.45|0.44|0.17|-0.20|1.26|0.98|1.18|-1.47|-0.11|1.74|-0.00|-0.80|2.40|-0.90|-0.51
0.25|1.67|-0.70|0.14|-1.36|-1.09|-1.08|0.71|1.30|0.06|1.60|0.72|-0.69|0.26|0.57|1.41|0.21|1.53|0.47|0.28|0.39|-0.63|-0.92|-1.24|-0.96|-1.02|0.42
0.09|-0.14|0.46|-0.97|-0.84|0.32|1.61|-0.14|0.04|-0.68|1.73|0.15|0.68|-1.58|-0.56|0.24|1.59|-1.40|0.82|0.67|-0.08|0.95|-0.46|1.18|-2.16|1.48|0.73
-1.16|-0.85|0.65|-0.56|0.48|0.39|-0.06|-0.99|0.01|-0.52|-1.31|-1.15|-0.47|1.83|-0.09|2.09|0.12|-1.00|-0.17|-0.54|0.38|-0.43|0.26|0.16|2.05|-0.29|1.32
-0.24|-1.23|-1.52|-0.61|0.81|1.12|0.06|-0.93|-0.87|0.07|1.29|0.35|-0.26|-1.39|0.79|0.03|0.50|-0.11|-0.11|-1.17|-0.76|0.47|-1.59|-2.06|-1.01|0.46|0.18
------ Dim separator ------
-1.45|-0.04|-2.35|0.88|0.64|0.27|0.04|-0.56|-0.82|1.65|-1.31|-0.67|0.19|-0.76|0.17|0.95|0.25|0.12|-1.63|-0.53|0.91|-1.03|0.04|1.31|-0.31|0.13|-0.99
0.09|0.69|-2.06|0.47|1.93|1.82|-0.46|0.51|-0.32|-0.78|-0.16|1.07|-0.22|-1.70|0.31|-0.68|-0.52|0.12|-0.83|0.71|-0.03|0.14|-0.35|-0.47|-1.06|1.47|-0.98
0.67|0.33|0.08|0.17|-0.31|0.61|0.64|-0.40|-0.14|-1.10|0.10|-1.28|1.45|-0.36|0.08|-0.43|-0.70|-1.27|0.22|0.49|-0.14|0.71|-0.20|0.69|0.95|-1.20|0.55
0.84|-0.59|0.87|0.81|0.48|0.35|-0.36|-0.07|-0.44|0.34|1.91|0.45|-0.17|-0.78|-0.47|0.13|-0.11|-0.42|-0.60|-0.22|-0.45|-1.43|0.01|1.02|-0.96|-0.72|1.51
-1.10|-0.62|1.47|-1.37|1.69|0.46|1.01|-0.97|-0.64|-0.60|0.58|0.14|0.29|0.93|-0.74|-0.15|1.78|-0.61|1.27|0.93|-0.47|-0.23|0.42|0.24|-0.33|-0.23|1.30
------ Dim separator ------
1.03|1.60|-0.43|0.57|0.49|-1.09|1.63|-0.77|0.96|-0.44|-0.31|0.12|0.56|1.32|-0.21|-1.52|0.36|-0.45|0.05|-0.24|-0.78|-0.54|0.41|-0.69|0.02|0.30|0.29
-0.53|0.78|1.95|0.82|0.41|-0.73|0.11|0.30|1.09|-1.00|0.47|-0.05|0.96|-0.72|0.77|1.40|0.49|0.21|-1.41|-0.57|-1.26|-0.25|-0.05|0.25|0.57|0.51|-0.27
-0.87|0.00|-0.96|-0.02|1.71|0.81|-0.03|0.17|-0.81|-0.07|0.25|0.44|0.71|1.84|0.76|-0.20|-0.58|-0.62|0.39|-0.20|0.85|1.13|1.41|1.14|1.40|0.50|-0.36
0.36|0.48|-1.39|-0.63|-0.25|-0.60|-0.32|1.76|-0.82|0.81|-0.21|-0.86|0.05|0.17|-0.05|0.36|-1.66|-0.43|-0.65|0.70|0.13|-0.31|0.39|0.74|0.02|0.75|0.47
0.85|0.11|0.42|-1.14|0.17|-1.46|-0.96|-0.59|-0.07|0.03|1.87|-1.45|0.04|-0.76|1.79|-0.29|0.09|-0.73|-0.85|0.67|0.17|1.37|-0.49|-0.09|0.54|-1.88|-1.12
------ Dim separator ------
-0.69|-0.59|1.10|-0.96|-0.44|0.05|0.43|2.20|-0.27|-0.15|-1.96|1.08|0.58|-0.36|-0.30|0.71|0.34|0.38|0.10|-1.19|-0.71|-0.10|-1.20|-0.46|0.48|-0.67|-0.28
1.25|-0.21|1.23|0.35|-0.73|-0.09|0.44|-2.01|-1.26|0.30|-1.35|0.36|-1.52|0.42|0.90|1.57|1.46|-1.12|1.14|1.19|0.43|-0.13|-0.65|1.64|0.74|0.00|0.51
-0.60|0.86|0.44|0.15|-0.12|0.06|0.49|1.41|-0.31|0.32|0.65|0.74|-1.37|0.35|-0.85|-0.64|0.01|0.55|-2.16|0.18|-0.38|-0.64|-1.35|-0.74|-1.45|-0.38|1.21
-0.06|-1.38|-0.07|-1.37|-1.72|0.82|0.31|0.51|-0.06|1.51|-0.36|-0.16|-0.87|0.01|2.05|1.64|-0.42|-0.27|-0.21|1.39|0.21|-0.36|0.20|0.81|-0.35|0.14|-0.07
1.14|0.09|-0.42|0.98|1.35|0.56|-0.69|0.33|-0.60|-0.25|-0.01|-0.85|0.37|-0.48|0.92|1.53|-2.04|1.25|-1.10|0.22|1.42|-0.52|-0.10|0.88|-0.36|1.66|0.18
