------ Dim separator ------
-0.04|0.05|-0.13|0.36|0.04|0.03|0.00|-0.12|-0.11|-0.01|-0.13|0.06|0.00|-0.00|0.00|-0.21|-0.20|0.11|0.12|0.15|-0.04|-0.19|0.19|0.04|-0.07|0.27|-0.03
0.03|-0.08|-0.25|-0.11|0.03|0.10|0.12|0.13|-0.05|-0.05|0.06|-0.09|0.00|0.00|0.00|0.04|0.11|-0.19|-0.29|-0.01|-0.05|-0.09|-0.35|-0.04|0.16|0.07|0.36
0.74|0.21|0.36|0.74|0.22|-0.11|-0.30|-0.11|-0.12|0.19|-0.03|-0.08|0.33|0.00|-0.00|0.00|-0.00|-0.00|1.00|-0.24|0.08|0.28|-0.09|0.24|0.02|0.02|-0.07
-0.05|0.12|0.03|0.13|0.16|-0.00|-0.01|0.23|0.02|0.01|-0.07|0.27|-0.00|0.00|-0.00|-0.14|0.01|-0.31|0.23|-0.29|0.27|0.34|0.02|0.40|0.07|0.07|0.23
0.07|-0.12|0.02|0.18|-0.44|0.07|-0.05|0.07|0.31|-0.20|-0.08|-0.01|-0.00|0.00|-0.00|0.18|-0.00|0.34|0.02|-0.01|0.20|0.13|-0.15|0.09|0.27|-0.06|-0.05
------ Dim separator ------
0.13|0.00|-0.02|-0.20|-0.04|-0.06|-0.18|-0.13|0.25|0.15|0.07|-0.01|0.00|0.00|0.00|-0.18|0.14|0.25|-0.03|0.27|0.12|-0.13|-0.09|-0.21|-0.03|-0.30|-0.22
0.10|0.07|0.02|-0.00|-0.00|0.18|-0.03|0.06|0.15|-0.05|-0.34|-0.39|-0.00|-0.00|-0.00|-0.53|-0.05|-0.12|0.14|-0.04|-0.42|0.27|0.03|0.14|-0.19|-0.06|-0.21
0.20|0.13|0.05|0.93|-0.04|-0.40|-0.48|-0.28|0.00|-0.18|0.12|0.15|0.33|-0.00|0.00|-0.00|-0.00|-0.00|1.00|-0.18|-0.15|-0.21|-0.18|0.14|0.16|0.04|-0.23
0.41|-0.25|0.02|0.21|-0.10|0.06|0.56|0.07|-0.11|-0.30|0.11|-0.27|0.57|0.00|0.00|-0.00|-0.00|-0.00|1.00|-0.21|0.07|-0.02|0.07|0.03|-0.02|-0.07|-0.06
0.17|-0.06|0.31|-0.21|-0.06|-0.17|0.11|-0.29|-0.16|0.10|-0.03|-0.13|-0.00|-0.00|0.00|0.02|0.05|0.10|0.19|-0.29|-0.06|-0.14|-0.09|-0.02|-0.08|-0.12|-0.29
------ Dim separator ------
0.19|-0.33|-0.09|0.19|-0.12|0.01|0.03|-0.00|-0.02|0.23|-0.52|0.05|0.00|-0.00|-0.00|-0.36|-0.13|-0.13|0.04|-0.15|0.32|0.08|0.06|0.14|0.00|0.10|0.08
-0.07|-0.04|0.07|0.16|0.03|-0.03|0.23|-0.06|0.10|0.27|0.24|-0.15|0.00|-0.00|-0.00|0.11|-0.07|0.04|-0.20|0.20|0.01|0.03|-0.16|0.03|0.24|0.01|0.02
0.31|-0.23|-0.35|0.02|-0.10|-0.19|0.12|-0.19|0.19|0.31|0.20|-0.41|-0.00|0.00|-0.00|-0.14|-0.12|0.07|-0.26|0.23|-0.23|-0.07|-0.14|-0.04|-0.09|-0.18|-0.08
-0.25|0.24|-0.13|0.01|0.09|-0.28|0.20|-0.07|-0.15|0.30|0.15|-0.10|-0.00|0.00|0.00|-0.09|-0.09|-0.22|0.12|-0.18|0.01|-0.12|-0.11|-0.05|-0.06|0.16|-0.18
-0.30|-0.11|0.16|0.28|0.01|0.00|0.09|-0.25|-0.18|-0.11|0.30|-0.13|-0.00|-0.00|0.00|0.07|-0.36|0.02|0.04|-0.02|-0.06|0.20|-0.07|0.02|0.12|0.04|-0.08
------ Dim separator ------
-0.00|0.43|0.04|0.11|0.11|0.10|-0.11|-0.02|-0.31|-0.19|0.13|-0.17|-0.00|0.00|-0.00|-0.18|-0.13|-0.26|-0.22|0.20|0.14|-0.21|0.25|-0.16|0.07|0.38|0.07
-0.07|-0.20|-0.24|-0.03|0.06|-0.27|0.01|0.43|-0.01|0.15|0.08|0.10|-0.00|-0.00|0.00|-0.05|0.06|0.23|-0.17|-0.03|-0.03|-0.25|-0.32|-0.10|0.08|0.22|-0.19
0.42|0.09|0.29|0.76|0.28|0.30|-0.33|-0.17|0.35|-0.15|0.39|0.03|0.57|-0.00|-0.00|-0.00|-0.00|0.00|1.00|-0.06|0.15|0.06|-0.34|-0.10|-0.20|0.07|0.09
-0.07|0.04|-0.13|-0.01|0.03|0.08|-0.40|-0.17|0.11|0.01|0.28|0.31|0.00|-0.00|0.00|-0.30|0.21|-0.26|-0.30|-0.13|0.08|-0.04|0.14|0.03|-0.05|0.18|-0.13
0.22|0.15|0.17|-0.32|-0.21|-0.02|-0.03|-0.18|-0.46|0.16|0.10|-0.13|0.00|0.00|-0.00|0.05|0.13|-0.27|-0.07|-0.24|0.06|-0.02|-0.03|-0.27|0.27|-0.01|0.08
------ Dim separator ------
0.02|-0.02|0.15|0.09|0.14|0.12|0.08|-0.09|0.19|0.23|0.10|0.20|-0.00|0.00|-0.00|0.45|-0.09|0.09|-0.34|-0.04|-0.07|0.01|-0.23|0.05|-0.07|-0.06|0.48
0.05|-0.15|-0.13|-0.12|-0.07|-0.35|-0.08|0.35|0.30|-0.14|-0.12|-0.00|0.00|0.00|-0.00|-0.22|0.02|-0.36|-0.01|-0.03|-0.09|0.22|0.11|-0.08|-0.07|-0.00|0.02
0.55|0.18|-0.14|0.75|0.09|-0.04|-0.18|-0.05|-0.40|-0.14|-0.02|0.17|0.75|-0.00|0.00|0.00|0.33|0.00|0.67|-0.19|-0.15|0.16|-0.22|0.05|0.15|0.10|-0.08
0.57|-0.15|0.00|0.20|0.10|0.22|0.55|0.44|0.24|0.35|0.07|-0.08|0.57|0.00|0.00|0.00|0.00|-0.00|1.00|-0.34|-0.00|0.03|0.26|-0.03|-0.04|0.16|-0.02
0.19|0.14|-0.16|0.05|0.07|-0.14|-0.19|-0.28|0.26|0.04|0.26|-0.24|0.00|0.00|0.00|0.28|-0.11|0.04|-0.06|0.08|0.25|-0.07|-0.05|0.23|0.16|-0.34|0.01
