------ Dim separator ------
0.18|-0.25|0.15|-0.36|-0.14|-0.09|-0.37|-0.09|-0.36|-0.22|-0.10|0.02|0.02|-0.01|0.00|0.35|-0.25|0.34|-0.27|0.51|-0.77|0.19|0.09|0.46|0.67|-0.07|-0.82
0.15|0.38|0.02|0.22|-0.06|0.00|0.08|-0.29|0.24|-0.47|-0.67|-0.85|-0.01|0.05|0.02|0.04|-0.33|0.67|0.53|0.41|0.58|-0.47|0.07|0.32|0.41|0.19|-0.15
0.84|-0.48|-0.27|0.62|-0.03|-0.21|-0.28|0.03|-0.14|-0.15|0.10|0.23|0.23|0.01|0.04|-0.11|0.00|0.08|1.02|0.58|0.08|-0.47|-0.08|0.32|0.03|-0.59|-0.24
0.04|0.69|0.52|-0.04|0.34|0.05|0.14|-0.10|-0.14|-0.27|-0.38|0.78|-0.01|0.03|0.03|-0.36|0.10|0.07|-0.36|-0.01|-0.08|0.10|0.22|-0.32|-0.77|0.57|1.10
0.34|-0.09|-0.40|-0.23|0.57|0.23|-0.02|-0.19|0.10|-0.42|0.52|0.22|-0.03|-0.04|-0.02|0.50|-0.12|0.48|-0.31|-0.14|-0.29|0.39|-0.01|-0.88|0.90|0.26|-0.21
------ Dim separator ------
0.61|-0.06|0.20|0.31|0.06|-0.17|0.46|0.47|0.12|-0.06|-0.13|-0.12|-0.06|-0.02|0.09|0.62|0.02|0.15|-0.69|-0.19|1.03|-0.03|-0.52|-0.31|0.39|0.10|0.43
0.68|-0.55|0.29|-0.44|0.01|-0.30|0.02|-0.13|-0.25|-0.14|-0.27|-0.16|-0.01|0.04|0.03|-0.02|-0.41|0.55|-0.34|-0.66|0.55|-0.11|-0.46|0.28|-0.35|0.07|0.42
0.20|-0.37|-0.19|0.86|-0.16|0.25|0.42|-0.24|-0.30|-0.34|0.59|-0.86|0.29|-0.01|0.04|0.21|-0.10|-0.07|0.89|-0.09|0.03|-0.11|0.63|-0.39|-0.14|0.75|0.12
0.57|0.40|0.40|0.14|0.90|-0.22|0.60|0.51|-0.15|0.27|-0.24|0.53|0.43|0.02|0.05|-0.06|0.00|-0.08|1.08|-0.23|-0.21|-0.21|-0.20|0.32|-0.27|0.89|0.57
-0.28|0.53|1.07|0.31|0.15|-0.76|-0.21|-0.16|-0.43|-0.28|0.15|-0.44|-0.00|0.01|-0.02|-0.09|-0.14|-0.10|-0.39|-1.06|-0.51|0.01|0.40|0.15|-0.11|0.06|-0.26
------ Dim separator ------
0.23|-0.52|-0.65|0.67|0.12|0.15|-0.04|-0.52|-0.47|-0.22|0.34|0.19|-0.00|-0.02|-0.02|0.12|-0.32|-0.36|-0.35|0.25|-0.04|0.20|0.29|-0.35|-1.05|0.03|-0.38
0.31|-0.08|-0.39|-0.31|-0.27|-0.29|0.39|0.03|0.34|-0.17|0.39|-0.50|0.03|-0.01|0.05|0.77|0.57|0.20|-0.24|-0.28|0.13|-0.07|-0.00|0.13|0.23|-0.40|-0.65
-0.08|0.22|0.47|0.70|0.14|0.40|-0.04|0.33|-0.10|-0.17|-0.07|0.06|-0.01|-0.04|-0.08|0.20|-0.39|0.54|0.32|-0.37|0.75|-0.37|0.67|0.66|0.22|-0.37|0.30
-1.06|0.45|0.25|0.06|-0.33|0.65|0.43|0.04|0.15|0.42|-0.42|0.39|0.03|0.00|-0.05|0.11|-0.64|-0.27|-0.38|-0.68|-0.69|-0.28|0.07|0.12|0.56|-0.17|-0.08
0.36|-0.28|0.19|-0.81|0.90|0.35|-0.04|-0.75|-0.07|0.66|0.09|-0.68|-0.00|-0.00|-0.04|-0.39|-0.77|0.22|-0.10|-0.05|0.30|0.15|-0.59|0.39|0.10|0.66|0.28
------ Dim separator ------
0.33|-0.16|-0.45|-1.16|0.68|0.38|0.27|-0.22|-0.18|0.34|-0.16|0.12|0.03|0.07|0.02|-0.29|-0.24|-0.55|-0.99|0.35|-0.44|-0.06|0.83|-0.52|0.17|0.45|0.03
-0.07|0.20|-0.32|0.27|-0.48|-0.51|-0.19|-0.10|-0.38|0.18|-0.16|-0.32|-0.07|-0.01|0.03|-0.11|0.19|0.26|-0.09|-0.13|0.35|-0.11|0.43|0.12|-0.08|1.03|0.08
0.47|0.19|-0.27|0.83|0.33|0.24|0.27|0.23|0.06|-0.15|0.14|-0.07|0.52|-0.01|-0.03|-0.03|0.02|-0.01|0.96|0.54|-0.57|0.07|0.16|0.63|0.13|-0.39|-0.09
0.81|0.09|-0.17|-0.24|0.37|-0.10|0.54|-0.23|0.21|-0.32|-0.18|0.15|-0.04|0.05|-0.01|0.59|-0.20|0.25|0.56|-0.06|0.03|-0.28|-0.30|-0.09|-0.11|0.01|-0.38
1.05|-0.21|-0.79|-0.82|0.05|0.71|-0.29|0.47|-0.05|-0.57|0.87|0.27|-0.01|-0.03|-0.02|0.64|-0.20|-0.18|-0.88|0.08|0.42|-0.71|0.19|0.02|1.02|-0.15|0.15
------ Dim separator ------
-0.48|0.84|0.21|0.23|0.10|-0.92|0.55|0.43|-0.18|-0.25|0.53|-0.03|-0.04|0.04|-0.04|-0.26|0.15|-0.01|-0.31|-0.40|-0.16|-0.25|-0.01|-0.97|0.68|-0.34|0.13
-0.67|-0.17|-0.89|0.18|-0.02|-0.00|0.69|0.10|0.26|0.43|-0.61|-0.45|0.01|-0.01|-0.02|0.00|0.32|0.43|-0.03|-0.18|-0.58|-0.43|-0.60|-0.47|-0.30|0.09|-0.01
0.45|0.06|0.04|0.72|-0.29|-0.20|-0.14|-0.19|-0.40|-0.18|0.90|0.11|0.63|-0.04|-0.07|-0.05|0.25|-0.02|0.71|-0.11|-0.28|0.24|0.54|0.00|1.06|-0.08|0.04
0.66|0.42|0.09|0.23|0.09|0.02|-0.54|-0.12|-0.77|0.30|-0.11|0.05|0.48|0.06|-0.07|0.06|0.04|0.07|0.87|0.25|0.24|-0.12|0.03|0.64|-1.01|0.19|1.05
0.74|0.30|0.29|-0.35|-0.02|-0.31|0.31|-0.76|0.20|-0.26|-0.51|0.63|0.05|-0.08|-0.02|-0.81|-0.47|-0.46|-0.09|-0.28|0.26|0.12|-0.60|-0.30|0.39|0.19|-0.31
