------ Dim separator ------
0.26|-0.32|-0.11|-0.34|-0.15|-0.09|-0.46|-0.05|-0.35|-0.06|-0.11|0.18|-0.05|0.02|0.03|0.28|-0.40|0.38|-0.46|0.57|-0.80|0.14|-0.01|0.36|0.73|0.07|-0.83
0.09|0.47|-0.00|0.36|-0.03|-0.06|0.06|-0.14|0.26|-0.52|-0.69|-0.79|0.04|-0.01|-0.10|-0.09|-0.26|0.62|0.59|0.40|0.65|-0.51|-0.09|0.40|0.31|0.15|0.04
0.96|-0.42|-0.24|0.54|-0.07|-0.24|-0.31|-0.11|-0.18|-0.28|0.14|0.21|0.24|0.01|-0.00|-0.07|0.14|0.18|1.07|0.57|0.14|-0.54|-0.25|0.34|-0.02|-0.38|-0.13
0.06|0.63|0.50|-0.16|0.30|0.05|0.17|0.09|-0.04|-0.29|-0.41|0.80|0.06|-0.01|0.01|-0.54|0.05|-0.09|-0.51|-0.13|-0.14|0.04|0.24|-0.35|-0.75|0.46|1.16
0.19|-0.07|-0.34|-0.15|0.73|0.28|-0.27|-0.06|0.07|-0.44|0.53|0.13|-0.14|-0.04|0.13|0.45|-0.31|0.52|-0.35|-0.20|-0.23|0.57|-0.08|-1.02|1.03|0.20|-0.23
------ Dim separator ------
0.60|-0.07|0.41|0.28|0.20|-0.25|0.49|0.37|0.07|-0.12|-0.15|-0.34|-0.04|-0.05|-0.03|0.51|-0.01|0.22|-0.62|-0.17|0.88|0.09|-0.53|-0.21|0.38|0.02|0.53
0.65|-0.50|0.31|-0.43|-0.14|-0.49|-0.01|-0.18|-0.20|-0.16|-0.35|-0.08|-0.05|-0.01|0.00|-0.10|-0.46|0.54|-0.44|-0.61|0.35|-0.12|-0.51|0.14|-0.20|0.17|0.49
0.21|-0.49|-0.25|0.93|-0.14|0.22|0.45|-0.37|-0.38|-0.18|0.53|-0.95|0.60|-0.01|0.02|0.03|-0.02|0.02|0.99|-0.18|0.06|-0.03|0.67|-0.14|-0.25|0.67|0.07
0.13|0.35|0.51|0.36|0.87|-0.10|0.47|0.52|-0.16|0.33|-0.16|0.50|0.71|0.01|0.01|0.01|0.01|-0.01|1.03|-0.21|-0.01|-0.18|-0.28|0.09|-0.37|1.00|0.63
-0.21|0.26|1.09|0.39|0.41|-0.64|-0.25|-0.12|-0.32|-0.24|0.02|-0.43|-0.06|-0.01|0.09|-0.22|-0.10|-0.29|-0.38|-1.30|-0.31|-0.12|0.50|0.31|0.03|0.14|-0.30
------ Dim separator ------
0.30|-0.70|-0.64|0.80|-0.01|-0.03|0.13|-0.53|-0.39|-0.28|0.45|0.22|-0.15|-0.03|-0.02|0.13|-0.37|-0.33|-0.34|0.32|-0.07|0.14|0.37|-0.30|-0.88|-0.04|-0.35
0.25|-0.22|-0.37|-0.36|-0.36|-0.58|0.40|0.01|0.23|-0.30|0.34|-0.58|-0.04|0.03|-0.07|0.77|0.42|0.29|-0.30|-0.17|0.11|-0.29|-0.07|0.24|0.20|-0.41|-0.78
0.00|0.24|0.69|0.62|0.21|0.42|-0.14|0.28|-0.27|-0.22|-0.02|0.07|-0.04|0.06|0.07|0.10|-0.26|0.64|0.17|-0.41|0.73|-0.35|0.61|0.61|0.09|-0.38|0.35
-1.05|0.52|0.38|0.13|-0.45|0.77|0.52|0.07|0.28|0.40|-0.52|0.46|0.03|-0.06|-0.04|0.11|-0.70|-0.04|-0.36|-0.64|-0.78|-0.40|0.30|-0.03|0.70|-0.23|-0.02
0.30|-0.44|0.19|-0.78|0.83|0.28|-0.05|-0.87|-0.17|0.65|0.20|-0.56|0.01|0.21|-0.05|-0.34|-0.73|0.35|-0.22|0.01|0.43|0.33|-0.62|0.36|0.17|0.77|0.44
------ Dim separator ------
0.36|-0.19|-0.43|-1.27|0.76|0.35|0.32|-0.12|-0.09|0.26|-0.26|0.09|-0.12|0.07|-0.09|-0.23|-0.29|-0.52|-1.19|0.37|-0.32|-0.13|0.69|-0.57|0.25|0.45|-0.04
-0.03|0.05|-0.34|0.18|-0.34|-0.55|-0.20|-0.09|-0.43|0.23|0.02|-0.27|0.10|-0.11|-0.01|-0.05|0.21|0.34|-0.10|-0.18|0.45|-0.18|0.51|0.21|-0.25|0.91|0.14
0.25|0.09|-0.35|0.75|0.31|0.22|0.28|0.32|0.00|-0.13|0.21|0.08|0.86|-0.03|-0.10|-0.02|0.03|-0.04|0.95|0.58|-0.59|0.22|0.26|0.63|0.21|-0.45|-0.04
0.88|0.24|-0.25|-0.16|0.36|-0.14|0.40|-0.37|0.22|-0.25|-0.25|0.40|0.12|0.06|-0.10|0.62|-0.12|0.13|0.64|0.00|-0.05|-0.35|-0.15|-0.03|-0.03|0.09|-0.35
1.16|-0.30|-0.75|-0.82|-0.08|0.44|-0.29|0.51|0.03|-0.54|0.83|0.24|0.02|0.09|0.05|0.59|-0.28|-0.40|-1.07|0.05|0.34|-0.84|0.15|-0.09|1.03|-0.11|0.21
------ Dim separator ------
-0.22|0.97|0.32|0.28|-0.00|-1.00|0.58|0.29|-0.19|-0.39|0.46|0.08|-0.08|-0.01|0.06|-0.25|0.10|-0.09|-0.18|-0.39|0.01|-0.10|-0.18|-0.97|0.70|-0.35|0.22
-0.70|-0.18|-0.99|-0.03|-0.01|0.14|0.68|0.10|0.23|0.50|-0.53|-0.61|0.04|-0.07|-0.05|0.17|0.12|0.50|0.08|-0.23|-0.53|-0.33|-0.56|-0.60|-0.39|-0.09|0.00
0.61|0.04|0.09|0.77|-0.35|-0.10|-0.24|-0.12|-0.41|-0.13|1.04|0.23|0.75|0.04|0.05|0.08|0.25|0.07|0.82|0.01|-0.20|0.19|0.59|-0.09|0.96|-0.07|-0.05
0.24|0.43|0.28|0.08|0.19|-0.03|-0.55|-0.14|-0.97|0.33|-0.12|0.10|0.74|0.06|-0.06|0.05|-0.06|0.11|1.02|0.25|0.16|-0.23|0.06|0.68|-1.03|0.25|1.15
0.73|0.31|0.23|-0.43|0.07|-0.30|0.21|-0.96|0.22|-0.38|-0.43|0.62|-0.04|0.06|0.07|-0.70|-0.46|-0.44|-0.01|-0.42|0.28|0.24|-0.62|-0.24|0.52|0.26|-0.28
