------ Dim separator ------
0.25|-0.05|0.14|-0.39|-0.14|-0.06|-0.47|-0.08|-0.33|-0.26|-0.10|0.09|0.00|-0.02|0.01|0.45|-0.26|0.19|-0.26|0.53|-0.66|0.12|-0.07|0.42|0.71|-0.07|-0.78
0.20|0.36|-0.03|0.30|-0.00|0.01|0.02|-0.24|0.29|-0.48|-0.73|-0.79|-0.08|-0.03|-0.03|0.07|-0.29|0.59|0.60|0.31|0.63|-0.47|0.00|0.45|0.45|0.27|-0.11
0.80|-0.38|-0.23|0.74|-0.07|-0.16|-0.28|0.06|-0.04|-0.13|0.15|0.18|0.43|-0.06|0.01|-0.03|0.01|0.03|1.00|0.50|0.07|-0.54|-0.04|0.32|0.02|-0.58|-0.13
-0.01|0.71|0.47|-0.01|0.36|0.14|0.13|0.02|-0.05|-0.25|-0.28|0.76|-0.02|0.01|0.00|-0.45|0.11|0.08|-0.31|0.10|-0.01|0.08|0.19|-0.36|-0.90|0.70|0.89
0.26|-0.05|-0.36|-0.23|0.62|0.22|-0.02|-0.26|0.14|-0.31|0.57|0.28|0.04|0.02|-0.02|0.43|-0.06|0.41|-0.25|-0.17|-0.40|0.36|0.15|-0.73|0.80|0.46|-0.18
------ Dim separator ------
0.59|-0.06|0.12|0.47|0.11|-0.23|0.34|0.52|0.10|-0.03|-0.07|-0.10|0.01|0.05|-0.00|0.64|0.13|0.17|-0.71|-0.18|0.92|0.00|-0.48|-0.32|0.45|0.10|0.36
0.60|-0.51|0.31|-0.43|0.04|-0.33|-0.02|-0.19|-0.29|-0.10|-0.34|-0.17|0.01|-0.00|-0.04|-0.05|-0.45|0.53|-0.32|-0.59|0.57|-0.06|-0.42|0.44|-0.34|0.07|0.43
0.18|-0.45|-0.23|0.75|-0.19|0.35|0.36|-0.24|-0.27|-0.41|0.59|-0.88|0.19|0.04|-0.02|0.22|-0.11|-0.09|0.82|-0.01|0.10|-0.08|0.64|-0.43|-0.04|0.83|0.01
0.67|0.35|0.35|0.08|0.83|-0.29|0.68|0.50|-0.14|0.25|-0.26|0.44|0.57|-0.06|0.06|-0.04|-0.01|-0.03|1.00|-0.17|-0.31|-0.20|-0.19|0.39|-0.21|0.94|0.47
-0.15|0.58|1.09|0.28|0.17|-0.73|-0.30|-0.13|-0.34|-0.31|0.13|-0.55|0.02|-0.01|0.00|-0.11|-0.12|-0.07|-0.45|-1.14|-0.51|0.01|0.36|0.13|-0.18|0.06|-0.37
------ Dim separator ------
0.25|-0.56|-0.74|0.61|0.05|0.19|-0.04|-0.43|-0.45|-0.11|0.39|0.12|0.02|0.03|0.03|0.00|-0.13|-0.35|-0.32|0.26|-0.06|0.19|0.36|-0.29|-0.99|-0.04|-0.23
0.36|-0.08|-0.39|-0.25|-0.33|-0.22|0.30|0.01|0.42|-0.06|0.29|-0.40|0.07|-0.08|-0.06|0.74|0.55|0.20|-0.23|-0.30|0.21|-0.10|0.06|0.10|0.26|-0.36|-0.56
-0.15|0.20|0.37|0.69|0.12|0.30|0.01|0.24|-0.08|-0.20|-0.12|0.08|-0.02|-0.00|-0.04|0.26|-0.33|0.47|0.37|-0.32|0.81|-0.37|0.67|0.64|0.22|-0.22|0.41
-1.09|0.53|0.27|0.09|-0.34|0.60|0.42|0.05|0.04|0.40|-0.45|0.54|0.02|0.06|0.04|0.19|-0.66|-0.26|-0.29|-0.68|-0.59|-0.28|0.02|0.01|0.47|-0.17|-0.02
0.32|-0.27|0.12|-0.91|0.88|0.27|-0.12|-0.75|0.05|0.67|0.17|-0.61|-0.01|-0.09|0.03|-0.41|-0.84|0.15|-0.10|0.07|0.26|-0.01|-0.62|0.41|0.21|0.67|0.28
------ Dim separator ------
0.20|-0.17|-0.52|-1.12|0.60|0.39|0.18|-0.25|-0.23|0.34|-0.17|0.12|0.08|-0.05|0.05|-0.29|-0.29|-0.60|-0.97|0.34|-0.39|-0.10|0.81|-0.65|0.08|0.53|0.07
-0.05|0.30|-0.23|0.32|-0.42|-0.51|-0.08|0.02|-0.42|0.16|-0.15|-0.30|-0.04|0.03|-0.04|-0.12|0.13|0.23|-0.15|-0.13|0.35|-0.10|0.43|0.09|-0.14|1.08|0.03
0.56|0.17|-0.27|0.82|0.33|0.10|0.36|0.38|0.00|-0.18|0.17|-0.06|0.45|0.04|0.04|0.07|-0.02|0.04|1.03|0.61|-0.60|0.08|0.06|0.58|0.15|-0.43|-0.09
0.72|0.14|-0.17|-0.22|0.44|-0.12|0.51|-0.33|0.22|-0.28|-0.19|0.10|-0.04|-0.02|0.01|0.57|-0.21|0.34|0.52|-0.01|0.03|-0.28|-0.34|-0.13|0.02|-0.03|-0.32
1.07|-0.17|-0.82|-0.83|0.08|0.71|-0.36|0.55|0.07|-0.60|0.84|0.36|-0.00|-0.07|-0.05|0.62|-0.16|-0.24|-0.94|0.11|0.37|-0.60|0.08|0.05|1.03|-0.04|0.21
------ Dim separator ------
-0.40|0.81|0.27|0.21|0.14|-1.04|0.56|0.37|-0.16|-0.23|0.51|-0.09|0.02|-0.01|-0.04|-0.29|0.24|0.11|-0.28|-0.45|-0.18|-0.38|0.11|-1.01|0.59|-0.24|0.08
-0.65|-0.04|-0.94|0.17|-0.07|0.04|0.56|0.08|0.20|0.47|-0.59|-0.43|-0.09|0.06|0.01|-0.00|0.37|0.38|0.01|-0.23|-0.59|-0.33|-0.59|-0.41|-0.24|0.15|0.03
0.48|0.11|0.10|0.73|-0.21|-0.11|-0.20|-0.21|-0.46|-0.13|0.83|0.15|0.69|0.02|0.01|0.04|0.27|-0.07|0.67|-0.16|-0.34|0.14|0.61|0.04|1.00|-0.04|0.14
0.91|0.47|0.05|0.32|0.04|0.14|-0.56|-0.22|-0.66|0.38|-0.15|0.00|0.51|-0.04|0.05|-0.05|0.05|-0.12|0.92|0.30|0.20|-0.16|0.01|0.50|-1.08|0.13|1.04
0.67|0.20|0.30|-0.30|0.03|-0.36|0.36|-0.62|0.22|-0.34|-0.58|0.71|-0.02|0.02|-0.01|-0.78|-0.52|-0.52|-0.13|-0.20|0.22|0.07|-0.64|-0.33|0.57|0.18|-0.34
