------ Dim separator ------
0.15|-0.28|0.11|-0.44|-0.12|-0.05|-0.35|-0.04|-0.37|-0.25|-0.09|0.06|0.00|0.03|0.01|0.34|-0.36|0.27|-0.24|0.45|-0.76|0.08|-0.07|0.47|0.71|-0.14|-0.75
0.08|0.30|0.04|0.27|-0.04|-0.05|0.09|-0.32|0.21|-0.63|-0.62|-0.83|0.04|-0.02|0.10|0.04|-0.32|0.65|0.54|0.35|0.56|-0.51|0.05|0.30|0.42|0.17|-0.17
0.79|-0.38|-0.29|0.70|-0.16|-0.24|-0.30|0.12|-0.08|-0.14|0.05|0.20|0.26|0.00|-0.06|-0.03|0.10|-0.01|1.05|0.59|0.07|-0.51|-0.03|0.22|0.08|-0.65|-0.26
0.10|0.61|0.60|-0.02|0.41|0.03|0.08|-0.13|0.04|-0.31|-0.27|0.87|-0.01|-0.05|-0.05|-0.46|0.10|-0.01|-0.29|0.04|-0.03|-0.00|0.16|-0.27|-0.81|0.55|1.03
0.25|-0.14|-0.32|-0.16|0.59|0.28|-0.04|-0.25|0.15|-0.36|0.55|0.32|0.05|0.05|-0.03|0.43|-0.05|0.44|-0.36|-0.11|-0.42|0.33|0.16|-0.84|0.89|0.34|-0.24
------ Dim separator ------
0.60|-0.03|0.19|0.36|0.12|-0.16|0.36|0.55|0.10|-0.08|-0.18|-0.06|0.03|0.03|-0.05|0.68|0.15|0.31|-0.68|-0.18|1.04|-0.06|-0.54|-0.28|0.46|-0.05|0.34
0.69|-0.43|0.35|-0.42|0.03|-0.36|-0.02|-0.12|-0.18|-0.15|-0.34|-0.25|0.03|0.03|0.05|0.01|-0.45|0.46|-0.22|-0.68|0.50|-0.06|-0.35|0.36|-0.41|0.13|0.39
0.08|-0.41|-0.20|0.73|-0.14|0.31|0.52|-0.24|-0.32|-0.48|0.61|-0.85|0.18|-0.00|-0.03|0.25|-0.16|0.06|0.95|0.05|-0.01|-0.02|0.59|-0.40|-0.05|0.81|0.09
0.62|0.24|0.39|0.07|0.89|-0.21|0.62|0.36|-0.23|0.23|-0.21|0.58|0.44|0.05|-0.08|-0.05|0.01|0.02|0.91|-0.27|-0.23|-0.25|-0.24|0.33|-0.24|0.89|0.44
-0.29|0.57|0.97|0.24|0.05|-0.82|-0.35|-0.07|-0.43|-0.24|0.20|-0.42|0.00|0.06|0.02|-0.09|-0.19|-0.05|-0.35|-1.09|-0.53|-0.07|0.36|0.06|-0.17|0.01|-0.33
------ Dim separator ------
0.23|-0.51|-0.66|0.76|0.09|0.12|0.01|-0.38|-0.56|-0.20|0.39|0.13|0.05|-0.07|-0.02|-0.02|-0.16|-0.32|-0.37|0.25|-0.08|0.15|0.36|-0.14|-1.05|0.00|-0.36
0.26|-0.03|-0.40|-0.35|-0.35|-0.26|0.28|0.00|0.39|-0.09|0.32|-0.47|-0.04|0.12|0.10|0.77|0.56|0.12|-0.17|-0.31|0.21|-0.14|0.06|0.23|0.19|-0.45|-0.62
-0.04|0.24|0.44|0.68|0.15|0.35|-0.08|0.21|-0.08|-0.14|-0.04|0.17|0.03|0.02|0.05|0.11|-0.34|0.52|0.29|-0.39|0.88|-0.36|0.60|0.66|0.25|-0.31|0.27
-1.13|0.52|0.19|0.12|-0.35|0.58|0.41|0.01|0.09|0.42|-0.51|0.48|-0.03|-0.06|0.03|0.16|-0.56|-0.25|-0.36|-0.72|-0.60|-0.34|0.05|0.21|0.53|-0.15|-0.05
0.29|-0.38|0.16|-0.93|1.10|0.32|-0.04|-0.77|-0.01|0.60|0.15|-0.72|0.00|-0.09|0.04|-0.36|-0.80|0.16|-0.14|-0.04|0.28|0.12|-0.64|0.43|0.15|0.68|0.21
------ Dim separator ------
0.35|-0.28|-0.65|-1.17|0.68|0.44|0.25|-0.28|-0.33|0.27|-0.15|0.16|-0.08|-0.02|-0.01|-0.33|-0.32|-0.55|-0.96|0.24|-0.32|-0.06|0.89|-0.58|0.22|0.45|0.06
0.00|0.27|-0.31|0.36|-0.41|-0.39|-0.22|-0.11|-0.38|0.14|-0.26|-0.37|0.03|0.03|0.02|-0.08|0.17|0.17|-0.05|-0.15|0.26|-0.11|0.47|0.14|-0.21|1.06|-0.02
0.46|0.18|-0.31|0.82|0.22|0.18|0.38|0.36|0.17|-0.24|0.17|-0.10|0.46|0.03|0.06|0.15|-0.01|0.09|1.04|0.61|-0.57|0.10|0.14|0.60|0.21|-0.39|-0.15
0.77|0.05|-0.04|-0.25|0.40|-0.15|0.57|-0.24|0.24|-0.27|-0.26|0.07|-0.02|-0.07|-0.03|0.61|-0.23|0.32|0.51|0.01|0.09|-0.28|-0.30|-0.02|0.07|-0.04|-0.31
1.04|-0.20|-0.72|-0.89|0.16|0.69|-0.30|0.49|-0.03|-0.67|0.86|0.32|0.04|0.03|0.08|0.65|-0.12|-0.28|-0.89|0.06|0.44|-0.75|0.25|0.03|1.07|-0.08|0.23
------ Dim separator ------
-0.32|0.94|0.30|0.27|0.15|-1.01|0.52|0.42|-0.18|-0.26|0.60|-0.02|0.03|-0.02|0.10|-0.08|0.20|0.04|-0.32|-0.38|-0.10|-0.35|0.09|-1.02|0.76|-0.25|0.09
-0.73|-0.09|-0.86|0.17|-0.04|0.13|0.64|0.21|0.20|0.44|-0.62|-0.48|0.11|0.04|0.00|0.00|0.34|0.40|0.03|-0.17|-0.58|-0.43|-0.63|-0.49|-0.32|0.24|0.10
0.53|0.08|0.11|0.77|-0.24|-0.19|-0.10|-0.19|-0.43|-0.15|0.76|0.13|0.85|0.04|0.02|-0.04|0.52|0.00|0.53|-0.08|-0.39|0.17|0.57|0.04|1.02|-0.14|0.16
0.78|0.45|0.06|0.29|0.02|0.06|-0.47|-0.25|-0.70|0.37|-0.13|0.10|0.48|0.00|0.07|0.09|0.08|-0.07|1.00|0.28|0.27|-0.19|-0.01|0.51|-1.03|0.09|1.03
0.72|0.38|0.18|-0.32|0.00|-0.28|0.35|-0.65|0.20|-0.23|-0.47|0.66|0.01|-0.03|-0.11|-0.81|-0.52|-0.49|-0.12|-0.34|0.24|0.09|-0.60|-0.38|0.45|0.29|-0.38
