------ Dim separator ------
0.26|-0.10|0.17|-0.40|-0.18|-0.05|-0.41|-0.05|-0.33|-0.28|-0.08|0.04|0.00|-0.02|-0.04|0.44|-0.27|0.12|-0.23|0.51|-0.67|0.09|-0.09|0.45|0.69|-0.07|-0.77
0.20|0.34|-0.06|0.25|-0.04|0.02|0.01|-0.27|0.30|-0.48|-0.74|-0.80|-0.07|-0.00|0.04|0.06|-0.27|0.62|0.59|0.30|0.59|-0.46|0.04|0.42|0.44|0.29|-0.10
0.74|-0.40|-0.25|0.74|-0.09|-0.17|-0.30|0.11|-0.06|-0.18|0.11|0.17|0.44|-0.03|0.05|0.00|0.00|0.02|0.99|0.54|0.05|-0.53|-0.06|0.30|0.02|-0.59|-0.15
0.03|0.67|0.46|0.04|0.33|0.15|0.12|-0.01|-0.04|-0.28|-0.31|0.71|0.01|0.03|0.02|-0.43|0.08|0.12|-0.30|0.08|-0.03|0.10|0.18|-0.35|-0.90|0.67|0.89
0.30|-0.04|-0.37|-0.20|0.61|0.26|0.01|-0.26|0.16|-0.31|0.55|0.27|0.01|0.02|-0.04|0.42|-0.05|0.41|-0.28|-0.17|-0.41|0.35|0.15|-0.73|0.84|0.42|-0.19
------ Dim separator ------
0.62|-0.04|0.11|0.45|0.13|-0.18|0.28|0.52|0.08|0.00|-0.04|-0.07|0.06|0.05|0.02|0.65|0.16|0.17|-0.71|-0.17|0.93|-0.00|-0.46|-0.34|0.45|0.11|0.33
0.59|-0.50|0.27|-0.44|0.02|-0.30|-0.07|-0.18|-0.26|-0.09|-0.34|-0.15|0.04|-0.03|-0.04|-0.06|-0.46|0.50|-0.31|-0.60|0.56|-0.06|-0.39|0.44|-0.39|0.08|0.40
0.17|-0.43|-0.20|0.74|-0.17|0.33|0.38|-0.18|-0.31|-0.46|0.62|-0.84|0.16|0.04|-0.02|0.22|-0.15|-0.07|0.84|0.04|0.10|-0.04|0.67|-0.42|-0.08|0.81|0.03
0.71|0.33|0.33|0.07|0.81|-0.28|0.66|0.48|-0.12|0.27|-0.20|0.45|0.56|-0.03|0.01|-0.04|0.00|-0.01|1.01|-0.19|-0.31|-0.18|-0.23|0.42|-0.22|0.92|0.42
-0.23|0.59|1.11|0.29|0.12|-0.73|-0.34|-0.13|-0.33|-0.28|0.18|-0.52|0.03|-0.07|-0.02|-0.10|-0.16|-0.04|-0.41|-1.11|-0.52|-0.01|0.36|0.09|-0.19|0.03|-0.36
------ Dim separator ------
0.26|-0.56|-0.75|0.59|0.04|0.19|-0.05|-0.43|-0.47|-0.08|0.39|0.13|0.05|0.03|0.01|0.01|-0.13|-0.36|-0.33|0.24|-0.07|0.14|0.37|-0.28|-1.00|0.01|-0.28
0.34|-0.06|-0.35|-0.21|-0.33|-0.21|0.29|-0.02|0.44|-0.08|0.32|-0.42|0.05|-0.04|-0.06|0.75|0.57|0.15|-0.17|-0.36|0.18|-0.05|0.05|0.11|0.28|-0.36|-0.53
-0.12|0.24|0.35|0.64|0.13|0.29|-0.02|0.25|-0.07|-0.18|-0.14|0.06|-0.01|-0.03|-0.03|0.27|-0.37|0.47|0.36|-0.31|0.82|-0.36|0.69|0.65|0.27|-0.26|0.36
-1.17|0.51|0.23|0.09|-0.37|0.61|0.44|0.05|0.04|0.40|-0.43|0.54|-0.00|0.05|0.02|0.16|-0.57|-0.25|-0.29|-0.68|-0.60|-0.29|-0.01|0.05|0.47|-0.17|0.00
0.29|-0.27|0.11|-0.91|0.89|0.28|-0.13|-0.70|0.04|0.64|0.18|-0.64|-0.03|-0.08|0.02|-0.44|-0.79|0.16|-0.07|0.08|0.28|0.02|-0.60|0.46|0.21|0.66|0.29
------ Dim separator ------
0.25|-0.12|-0.47|-1.11|0.62|0.43|0.22|-0.27|-0.27|0.34|-0.19|0.12|0.08|-0.06|0.04|-0.27|-0.34|-0.60|-0.94|0.31|-0.42|-0.11|0.84|-0.58|0.07|0.52|0.07
-0.03|0.28|-0.23|0.32|-0.42|-0.47|-0.11|-0.02|-0.38|0.15|-0.16|-0.34|-0.01|0.02|-0.00|-0.12|0.11|0.20|-0.12|-0.10|0.32|-0.07|0.43|0.10|-0.10|1.09|0.01
0.58|0.21|-0.27|0.76|0.33|0.14|0.38|0.37|0.01|-0.18|0.18|-0.07|0.43|0.01|0.05|0.05|-0.03|0.03|1.06|0.59|-0.62|0.06|0.07|0.61|0.19|-0.39|-0.11
0.71|0.04|-0.14|-0.19|0.45|-0.09|0.56|-0.31|0.19|-0.26|-0.22|0.10|-0.05|-0.01|0.04|0.55|-0.22|0.35|0.49|-0.01|0.07|-0.28|-0.33|-0.12|0.05|-0.03|-0.37
1.04|-0.16|-0.76|-0.85|0.09|0.73|-0.35|0.57|0.05|-0.56|0.90|0.39|-0.01|-0.08|-0.04|0.59|-0.18|-0.24|-0.92|0.08|0.38|-0.63|0.11|0.02|1.04|-0.04|0.20
------ Dim separator ------
-0.37|0.88|0.28|0.18|0.11|-1.00|0.56|0.39|-0.16|-0.26|0.55|-0.09|0.03|0.00|-0.05|-0.24|0.22|0.14|-0.35|-0.44|-0.17|-0.40|0.10|-0.99|0.61|-0.22|0.06
-0.62|-0.06|-0.90|0.17|-0.11|0.07|0.54|0.11|0.24|0.48|-0.57|-0.39|-0.09|0.03|0.02|-0.03|0.39|0.44|-0.02|-0.19|-0.64|-0.36|-0.63|-0.40|-0.24|0.13|0.01
0.50|0.11|0.07|0.70|-0.20|-0.13|-0.20|-0.19|-0.47|-0.14|0.82|0.13|0.72|-0.02|-0.02|-0.03|0.27|-0.07|0.67|-0.13|-0.36|0.22|0.63|0.02|1.04|-0.01|0.15
0.89|0.43|0.02|0.31|-0.01|0.10|-0.53|-0.17|-0.63|0.37|-0.11|0.01|0.50|-0.02|0.04|-0.05|0.01|-0.09|0.92|0.28|0.25|-0.12|0.03|0.48|-1.07|0.15|1.03
0.68|0.22|0.34|-0.30|0.02|-0.34|0.35|-0.59|0.22|-0.32|-0.56|0.66|-0.01|0.03|-0.01|-0.76|-0.47|-0.54|-0.11|-0.25|0.18|0.06|-0.66|-0.36|0.54|0.19|-0.35
