------ Dim separator ------
-0.14|1.54|0.13|-0.62|0.44|-0.62|0.01|-0.23|0.53|-0.78|1.04|-0.58|-0.36|-0.24|1.39|-1.32|-0.20|-1.09|-0.84|-1.73|-0.47|-1.60|1.24|-0.78|1.47|-0.03|-0.01
-1.07|-0.41|-0.31|-1.08|-0.49|0.33|2.06|-0.81|-0.03|-0.00|-0.35|0.20|0.41|0.34|-0.39|0.47|-0.40|0.43|-0.69|0.15|-0.67|-1.06|-0.26|-0.33|-0.12|0.17|-0.85
-0.92|-0.92|0.00|2.04|-0.77|1.02|-0.19|0.61|-0.06|1.53|-0.19|-0.36|-0.71|-1.63|-1.20|-1.06|0.32|-0.83|-0.87|-0.01|0.49|0.00|-0.75|0.77|1.10|0.21|1.15
-0.29|0.11|-1.12|0.88|-0.49|0.76|0.15|-0.53|0.97|-0.59|0.87|-1.32|-0.16|0.33|0.59|-0.94|-0.09|1.16|-0.79|-0.18|1.19|-0.87|-0.11|0.08|0.25|1.52|1.14
-0.36|-0.74|0.40|0.77|-0.72|-0.35|-1.53|-1.68|2.31|-0.41|0.81|-0.11|0.35|0.25|-0.28|0.97|-1.34|2.01|0.31|0.25|0.76|1.75|0.38|0.09|1.13|0.58|-0.53
------ Dim separator ------
0.53|0.78|-1.02|-1.87|1.60|-0.00|-0.60|1.20|-0.79|-0.54|-0.17|0.48|-1.28|0.67|1.02|-0.13|-0.04|0.27|0.02|0.54|1.65|-0.51|-1.39|-0.85|0.63|-0.27|0.49
-1.69|0.17|1.58|-0.70|0.59|1.53|-1.67|-1.74|1.09|0.96|-0.82|-0.15|-0.67|0.56|0.27|-0.58|0.73|-0.21|-1.04|-0.34|1.37|-0.74|-2.40|-1.32|-2.07|1.26|-0.75
0.87|1.38|0.99|0.26|1.09|0.33|0.64|-0.67|0.59|-0.53|0.10|-1.76|1.88|-0.03|-0.28|-0.02|-0.34|-0.12|-0.23|-0.39|-0.50|-1.02|0.97|1.48|0.07|-1.23|-0.21
-0.60|0.24|0.36|1.07|0.53|-0.36|0.57|-0.01|-0.78|-0.26|0.77|-0.12|-0.46|-0.73|-0.42|0.26|1.06|0.49|0.64|3.19|0.40|0.79|-0.54|0.17|1.42|0.17|0.44
-0.70|1.41|-1.08|-0.40|0.86|-0.56|-0.70|-0.98|0.13|-0.24|-0.76|1.85|0.15|0.45|-0.35|-0.97|1.30|0.45|-0.53|1.60|0.94|0.48|1.83|-0.54|-0.87|-0.29|-0.82
------ Dim separator ------
1.25|-0.54|0.76|0.15|0.29|0.68|-0.37|1.17|0.11|1.09|1.37|-0.87|-1.55|-1.10|0.30|-0.23|0.48|-1.01|-0.64|-0.43|-0.43|-1.80|0.08|0.81|1.59|-1.75|0.31
-0.23|1.38|0.58|-1.48|0.28|-0.35|0.75|0.49|-0.42|0.95|0.87|-1.94|-0.74|-1.53|-0.60|-0.09|-0.68|-0.95|0.59|1.34|1.28|1.82|-1.30|2.16|-0.39|0.92|-1.20
-1.27|0.12|-0.83|1.40|-1.73|-1.72|0.24|-0.28|0.28|-0.24|-0.60|0.28|0.05|1.15|0.26|1.42|0.26|2.26|0.59|0.11|1.07|-1.07|-1.17|0.11|0.06|1.03|0.15
0.70|-0.75|-0.82|0.23|0.22|0.71|1.32|-0.06|-0.92|0.52|0.57|-2.17|-1.40|0.15|0.73|0.55|-0.79|0.04|-0.79|-0.49|-0.15|0.40|-0.66|-0.83|0.95|1.00|-0.16
-0.17|-0.36|0.81|0.92|0.04|0.14|-0.07|0.86|-0.54|-0.86|-0.43|0.27|-0.14|-1.14|-0.39|1.55|0.86|-1.51|0.88|0.89|-1.03|0.50|1.77|-0.23|1.80|0.64|-0.68
------ Dim separator ------
0.05|0.59|-0.01|-1.33|-0.13|-0.44|0.49|-0.48|1.42|-0.77|0.97|-0.24|0.43|0.40|0.04|0.82|2.39|0.98|0.10|0.04|0.64|0.25|1.34|-0.49|0.97|-0.67|-1.22
-1.42|1.22|-0.56|-0.82|0.65|1.03|1.94|2.17|1.14|2.42|0.48|0.65|-0.45|-0.60|1.00|-0.31|0.15|-0.58|2.07|-0.65|0.14|0.87|-0.05|-0.64|1.78|0.41|-0.69
-0.31|-0.59|0.26|0.44|1.17|-1.03|0.75|0.54|-0.73|-0.28|1.32|-0.90|0.43|2.15|-0.71|-1.38|-2.47|-0.22|-2.11|-1.15|0.57|-0.56|-0.66|-1.99|-2.28|0.23|-0.30
-1.97|1.17|-0.12|0.48|0.22|0.73|-2.18|-0.58|-1.05|0.21|-0.59|-0.51|1.21|0.76|-1.46|0.44|-2.46|1.11|1.16|0.40|0.42|0.55|0.31|-0.18|-0.34|0.12|-0.37
1.18|0.03|1.51|-1.04|1.56|2.55|-1.01|0.53|-0.29|-1.47|0.95|1.40|-0.15|-1.17|1.32|0.82|-1.24|-0.26|-0.89|-2.16|-2.25|-0.63|-0.25|1.12|0.09|0.18|-0.37
------ Dim separator ------
0.40|0.04|-0.33|-1.71|-0.42|0.47|-0.53|-1.65|0.31|-0.46|0.66|0.31|0.37|-0.14|-0.77|-0.07|-1.01|-0.38|-0.52|1.49|-1.15|0.41|-0.67|-0.25|-0.31|0.18|-0.89
1.32|0.18|-0.66|-0.03|0.97|0.87|-0.52|0.21|-0.03|-0.74|-0.47|1.35|-0.91|1.82|0.91|0.33|1.24|-0.48|-0.40|0.97|-0.05|0.93|0.59|1.11|-0.55|-0.77|0.75
-1.91|-0.51|-1.49|-0.40|0.99|0.24|1.68|0.17|-0.26|-0.52|-0.55|1.26|1.14|1.27|-1.61|0.19|-0.77|0.31|-0.54|-0.23|0.28|-0.57|-0.57|-0.40|-1.20|-2.05|-0.34
-1.09|0.06|0.88|-0.09|-0.10|-0.24|0.91|-0.83|-0.00|-1.13|0.10|0.34|1.42|1.67|0.16|-0.43|1.21|-1.02|0.54|0.26|-0.85|-0.56|1.14|-0.05|1.14|-0.79|0.97
0.07|-1.40|0.20|-0.02|-1.81|-1.70|-0.18|-0.71|0.87|-1.50|-1.17|-0.21|-1.52|1.25|-0.64|-0.06|1.59|2.16|-0.15|0.53|0.14|0.99|-0.13|-0.81|-0.55|-0.32|0.97
