------ Dim separator ------
1.09|-0.68|-0.89|-0.15|-3.25|1.03|-1.64|-1.18|-0.93|-0.60|1.30|-0.12|-2.99|-1.78|-0.64|-3.56|2.77|0.33|-0.11|-0.17|-0.85|-1.69|1.35|1.42|1.84|-1.63|-1.79
0.60|-1.65|-0.07|-0.14|1.02|0.05|1.60|2.08|-1.97|-0.07|-0.87|1.32|-0.73|0.31|-1.15|-0.25|-1.04|2.96|-1.34|-1.47|2.77|1.99|1.54|1.33|-2.55|2.01|-2.11
0.93|1.52|0.01|-0.53|-1.94|1.61|-0.56|2.17|-0.61|-1.37|1.90|2.36|1.60|0.18|0.05|-2.10|0.72|1.10|-0.65|1.92|0.52|-1.26|-2.28|1.00|0.65|-0.63|-0.64
0.32|1.81|3.02|-0.17|1.83|-1.17|0.19|0.89|-0.58|0.42|-2.10|0.20|-0.21|-1.67|0.88|0.11|0.33|-2.13|0.25|0.22|-2.94|-0.39|0.44|2.07|1.89|-1.58|-1.48
2.41|0.99|1.94|-0.08|-1.34|0.31|0.19|2.27|-0.52|-2.12|0.54|-0.21|0.12|2.05|0.29|-0.73|1.53|0.22|0.91|1.62|-1.38|1.02|-0.54|-0.22|-1.59|0.30|-0.88
------ Dim separator ------
1.76|0.64|0.12|-1.75|-2.04|0.30|-1.55|0.08|0.90|0.30|-0.49|-1.65|-1.01|-0.47|1.55|-1.23|-1.74|-1.59|-0.66|-1.56|-1.31|0.39|0.97|1.59|0.94|1.75|-0.87
1.72|-0.05|-0.35|-1.71|-0.36|0.60|-0.97|1.93|1.34|1.17|1.61|-1.22|-1.01|-0.44|-1.39|-1.33|-1.61|0.56|0.82|1.09|0.38|1.74|0.14|0.60|-1.35|0.52|1.14
-2.11|2.31|-1.62|0.66|0.12|1.38|-1.30|-2.10|1.75|1.81|-0.37|0.22|-0.47|1.40|-1.24|1.83|-1.02|0.65|1.10|-0.00|-0.59|-2.18|-1.56|0.06|0.44|2.60|2.11
-0.65|1.91|-1.47|-2.29|-3.30|-1.19|2.49|1.23|0.62|-0.49|-0.30|0.80|0.18|-0.86|-1.01|0.08|-0.89|-1.79|0.68|0.02|-0.33|1.05|0.74|0.55|0.89|-0.09|-1.49
-0.04|-0.32|0.06|1.98|1.15|-1.75|-1.40|3.30|1.34|0.17|-0.43|-0.23|0.27|-0.72|0.83|-0.66|-1.71|0.02|-0.76|2.33|1.91|2.29|-2.12|1.14|1.42|-0.56|-2.92
------ Dim separator ------
1.12|3.22|0.04|-2.91|-0.90|-1.29|-2.00|0.21|2.44|-1.31|-0.15|2.13|2.55|2.03|-0.42|-0.85|-1.50|1.51|0.92|-0.27|0.22|2.17|-2.12|-2.81|-2.30|-1.52|-2.57
0.13|1.69|0.92|0.55|-1.68|-0.18|0.97|-0.28|-0.97|-0.61|0.55|-1.16|2.44|-0.05|-0.49|2.31|2.09|-0.24|-0.76|1.17|1.66|-1.89|0.94|-0.72|0.84|-1.33|-0.62
-0.78|2.36|0.65|-1.36|-0.81|2.59|1.13|1.92|-0.60|-2.18|-2.27|2.48|1.17|-0.38|-0.48|0.08|-1.04|0.61|-1.31|-0.08|1.82|-1.14|0.78|1.54|-1.21|1.09|-0.01
-2.45|1.69|1.11|0.26|2.27|-0.03|-0.92|-1.88|-0.10|-1.56|-1.79|0.71|0.55|-1.88|0.75|0.22|-1.48|2.04|0.31|0.36|0.11|0.64|0.34|0.85|1.46|-1.38|0.04
-0.26|0.29|-2.42|1.08|-0.98|-0.82|1.34|0.35|2.76|0.58|-0.09|-1.61|-1.52|-1.07|-0.02|0.08|-0.76|0.81|0.44|0.17|-0.68|-0.18|-0.31|-0.06|0.55|0.16|-0.40
------ Dim separator ------
-0.92|0.57|-1.13|-0.73|-0.20|0.20|-2.37|0.90|-0.12|1.44|0.56|2.07|1.88|-0.43|-2.67|-0.88|0.54|1.49|-0.14|1.71|1.60|-1.13|-2.38|1.07|-1.62|-0.87|-0.75
2.63|-0.99|1.50|-1.32|-2.46|1.45|-1.19|0.53|-1.24|-0.23|0.11|2.05|-1.79|0.44|0.90|-0.14|0.84|-0.11|0.12|2.64|-2.14|-2.90|2.81|1.22|-0.80|-1.36|1.45
0.43|-2.28|0.66|-0.57|2.06|-1.74|-1.32|-0.16|1.30|0.34|-1.33|0.34|-0.45|-0.51|0.05|-0.03|0.84|0.76|-0.92|0.85|-2.65|1.56|-1.54|1.89|1.41|-0.78|-1.25
-0.04|0.68|0.38|-1.42|0.85|0.27|-2.47|-0.32|0.27|-0.23|0.47|-1.17|0.58|0.57|-1.70|-0.31|1.59|0.44|-0.62|-0.87|1.52|-0.62|-1.68|0.18|1.19|-2.04|2.09
-1.14|-0.47|-0.86|-1.43|1.15|-0.23|1.41|1.06|-0.63|1.20|-0.27|0.29|0.33|-0.39|-0.25|1.21|0.66|-1.35|1.99|0.02|1.63|1.52|0.66|-0.79|-2.95|0.74|1.94
------ Dim separator ------
1.52|0.81|0.63|-1.74|0.00|-1.19|-0.76|-0.41|0.26|0.18|0.99|-1.39|-1.99|0.50|-0.72|-0.37|-1.76|1.80|0.04|1.70|1.23|-0.68|-0.10|0.96|-0.35|1.21|0.53
1.26|-0.89|1.10|-1.13|1.66|-0.58|-0.96|0.03|-0.98|3.03|1.14|-2.24|1.18|0.17|0.61|-0.03|-1.06|0.97|-1.72|-0.76|0.18|0.00|-0.98|-0.89|0.52|-1.47|2.06
-0.26|-1.16|-1.16|-0.75|-0.46|-0.74|0.28|0.27|1.51|-0.84|-0.77|0.50|0.25|1.17|-2.04|-0.09|0.15|-2.14|0.40|-0.41|-1.59|2.81|1.42|0.33|0.60|0.46|-1.44
0.85|1.09|1.53|1.13|0.71|0.18|1.44|1.67|-1.11|-1.97|1.06|1.05|-0.50|-1.19|0.40|3.17|-0.86|0.16|-1.23|-0.99|1.01|-0.08|1.45|-1.11|-0.82|-0.24|1.56
0.22|0.48|0.78|-0.41|-0.49|-0.91|1.67|1.02|-1.58|-0.87|-0.07|-0.01|-0.61|-0.45|-2.54|-0.37|-1.87|1.67|2.06|-0.09|0.46|0.53|-0.03|-1.09|1.61|-0.73|2.25
