------ Dim separator ------
-0.66|0.62|0.58|0.33|1.19|1.33|0.62|-0.94|-0.71|-0.34|0.72|0.04|-0.41|0.28|-0.37|0.57|0.08|-0.31|-0.29|1.45|-0.32|0.07|-0.16|-0.66|-0.07|1.89|-1.02
0.61|-0.00|0.29|1.42|-0.78|0.50|1.28|-0.52|-0.58|0.73|0.05|-0.80|-1.21|0.19|-1.40|-2.10|-1.70|-1.42|0.47|0.04|0.86|1.34|-1.99|0.65|1.10|0.83|0.89
-0.19|-1.33|0.09|0.11|0.37|0.82|-0.77|-0.45|0.39|-0.95|-1.24|-0.24|-0.36|-0.06|-0.92|2.19|-0.43|-1.74|-1.17|0.06|0.80|-0.50|-0.60|-0.03|-0.38|0.46|-2.06
0.78|0.75|-0.20|1.07|0.58|0.82|0.42|1.14|1.16|1.00|0.75|-0.55|1.47|-0.56|-1.34|0.60|1.34|-1.21|-1.45|0.57|1.17|0.98|0.22|0.87|-1.22|-0.90|-1.16
0.41|-1.04|-0.92|0.04|0.19|-0.30|-0.65|-0.21|0.23|0.23|0.31|0.88|0.10|-1.97|1.67|1.15|-0.00|0.09|1.01|-0.01|-1.74|0.66|0.47|-0.18|0.75|-1.36|-1.12
------ Dim separator ------
0.73|0.63|-0.58|0.75|1.63|0.12|0.77|-0.63|-0.43|-0.32|1.66|0.66|-0.45|-0.57|0.85|0.46|1.00|0.06|0.97|1.97|-1.08|0.81|2.52|2.00|0.59|-1.26|-0.05
0.62|0.05|-0.15|-0.13|-0.09|1.27|-0.07|-2.17|-1.22|1.19|1.54|-1.02|0.18|-1.53|1.79|-0.02|-0.42|0.31|1.36|0.64|0.35|-1.59|-1.93|-1.49|-0.07|0.10|-1.20
0.70|-1.24|-0.81|-1.13|0.82|0.92|0.45|-0.08|0.40|0.50|0.89|0.34|-0.02|0.26|0.21|-0.92|-0.24|0.35|0.99|0.03|0.79|0.18|0.56|-0.57|0.20|-0.11|-0.20
0.64|1.30|-1.38|0.23|-0.05|0.64|-0.60|-0.28|1.14|-0.08|1.08|-0.56|1.46|1.29|-0.16|0.16|-0.52|-0.40|-1.31|1.46|1.21|-1.17|-1.78|-0.48|0.80|-0.31|-0.61
-1.07|-0.55|-1.26|-1.45|-0.29|0.58|-0.05|0.39|-2.05|0.37|0.38|-1.15|-1.74|1.00|1.17|-0.88|1.28|1.17|-0.57|-0.35|-0.13|-1.50|-0.85|0.83|-0.38|0.25|-0.55
------ Dim separator ------
-1.75|-0.89|-1.28|-0.43|-1.39|-2.18|-0.64|0.17|-0.45|-0.97|0.02|0.61|-1.76|0.60|0.62|-1.02|2.16|-0.83|1.09|0.63|0.56|-0.83|0.44|-0.95|-1.10|-0.64|-0.76
0.23|-0.77|1.13|-0.14|2.26|0.79|-2.35|0.82|-0.29|-1.74|0.78|-0.22|0.28|-1.06|-0.40|0.24|-1.02|-0.12|1.52|1.08|-1.22|-0.91|-0.08|1.81|-0.63|0.01|-0.16
0.90|1.09|-0.76|0.52|-1.36|1.23|0.64|0.78|0.27|-0.68|0.65|0.59|-1.18|-1.47|0.29|1.23|0.07|-0.95|0.41|0.64|1.74|-0.62|0.15|2.17|-0.10|0.38|-0.81
1.18|0.48|-0.76|-0.45|0.60|1.08|1.89|-0.28|-2.19|0.81|1.69|-1.00|0.86|0.57|-0.41|-0.15|1.49|0.40|-1.09|1.20|1.40|1.12|-1.04|1.56|1.17|0.66|1.10
0.23|0.06|1.12|1.25|-1.03|-1.46|0.06|0.29|-0.58|0.19|-1.43|-1.32|-0.69|-0.34|0.52|-0.69|-0.21|-0.87|-0.36|-0.54|-1.29|-1.00|-0.70|0.06|0.21|-0.90|0.83
------ Dim separator ------
0.11|-0.62|0.75|-1.54|-0.42|0.92|-0.08|-0.51|-0.78|-0.40|-1.20|1.28|-1.08|2.58|-0.26|1.53|-0.54|0.89|-0.25|0.69|-0.18|-0.42|-0.86|-1.84|0.38|-0.00|-1.42
0.20|-0.18|-0.69|0.40|0.59|-0.42|0.78|1.25|-2.15|0.72|-1.25|0.84|1.33|0.80|-0.12|-3.47|0.44|-1.24|1.61|-0.73|0.79|-0.45|0.46|1.11|0.53|1.28|-0.58
0.01|1.43|0.36|2.03|-0.72|0.05|-0.15|0.21|-0.73|0.62|0.29|0.06|0.58|-0.22|-0.33|-0.39|0.45|0.22|-1.78|-0.90|2.29|0.58|-1.08|-0.27|0.93|-0.31|-0.79
1.47|0.48|-0.77|-1.18|-0.10|0.42|0.23|-1.32|0.83|-0.28|0.97|0.16|-1.54|0.19|0.85|-0.61|-0.48|0.37|-1.58|-0.05|0.90|-0.57|0.73|-0.73|2.61|0.12|-2.58
0.11|-0.30|-0.09|0.12|0.35|0.27|-1.19|0.47|1.22|-0.71|-0.78|-0.11|2.64|-0.81|-0.35|-0.13|-0.61|-0.06|-0.96|-0.28|-0.37|1.00|0.74|1.52|-0.83|-1.05|-0.63
------ Dim separator ------
-1.81|0.21|-0.26|-1.49|0.80|-0.25|-1.46|0.59|-0.50|0.87|-0.58|1.16|-0.08|-0.68|0.66|0.57|0.48|0.83|-0.85|0.43|-0.64|0.96|-0.14|1.13|-0.73|-0.72|-0.37
-0.87|-2.18|-0.58|-0.44|1.59|0.46|0.21|-0.10|-1.00|-1.00|0.55|2.01|-0.98|0.68|-0.56|0.20|0.05|1.23|-0.34|0.93|1.22|0.38|-0.08|1.38|1.39|0.70|0.65
-0.67|-0.03|-0.21|-1.51|-0.44|0.23|1.51|0.12|0.20|-1.29|-0.54|-0.24|0.74|-0.32|1.46|1.22|-0.22|-0.66|-0.11|1.23|-0.39|0.82|-0.19|-0.33|-0.91|-0.91|-0.48
0.84|-1.72|-0.81|-0.55|0.31|-0.89|0.88|0.53|1.64|1.18|-0.44|2.06|-0.34|1.44|-1.29|1.51|1.64|-0.26|-2.07|0.88|-1.12|0.18|-0.89|-0.33|0.86|1.35|-0.48
-0.16|-1.11|-1.06|-0.19|-0.57|0.60|-0.46|-0.07|0.08|-1.07|1.54|0.26|0.37|-0.76|-0.60|0.38|1.63|-0.68|-1.72|1.64|0.48|0.46|0.05|-0.55|-0.39|-0.54|0.49
