------ Dim separator ------
-0.59|1.51|1.36|-1.55|0.78|-0.79|-0.20|-0.26|-0.18|0.54|0.12|-0.55|0.11|0.71|-0.47|-0.46|-1.07|0.24|-1.28|0.18|-0.63|-1.00|0.19|-2.01|-1.04|1.66|-0.16
-1.22|0.59|-0.31|-0.85|-0.18|-1.44|-0.66|-1.49|-0.46|-0.91|0.69|-0.06|2.29|-0.37|-0.67|-2.05|0.63|-0.88|0.24|1.59|1.15|0.00|-0.17|-0.58|0.40|-0.26|-0.29
-0.95|-0.39|0.72|-0.48|0.38|-0.01|-0.56|-0.48|0.72|1.25|-0.04|-0.39|-1.06|-1.16|0.56|-0.71|1.28|0.92|-0.78|1.01|0.97|0.05|0.93|1.92|1.15|0.77|-1.19
-0.53|-0.80|0.62|-0.63|-0.80|0.18|0.17|-0.04|0.49|0.94|-0.31|-0.81|-1.10|-1.00|-1.43|0.30|0.49|0.38|-1.30|0.14|0.59|-0.63|-0.97|-1.06|-0.20|0.20|0.05
1.68|0.59|-1.26|-0.42|-0.03|1.75|-0.14|0.66|0.99|0.11|-0.61|0.49|-0.62|-0.55|-0.77|0.38|1.88|0.11|-1.19|-1.01|-0.30|-2.39|-0.20|-0.06|-0.73|-0.56|0.06
------ Dim separator ------
0.34|1.65|-0.23|0.11|0.93|0.07|-0.50|-0.16|-1.57|0.35|0.12|-0.52|-0.39|0.81|-1.60|-0.03|0.55|-1.09|0.32|1.30|-0.50|0.54|0.40|0.65|2.21|0.17|-0.67
0.05|0.14|-0.81|0.05|1.02|-0.72|-0.69|0.22|-1.46|0.10|0.57|1.54|1.37|1.05|-0.47|1.26|1.69|2.14|-0.44|0.56|0.76|-1.63|-0.42|0.18|-0.81|1.44|1.59
0.60|-1.66|-1.50|0.20|-0.36|-1.34|0.30|0.00|0.46|-1.19|0.21|-0.36|-0.63|0.46|-0.28|-1.01|0.20|0.90|-0.14|-0.96|0.75|0.11|0.22|0.01|-2.29|-0.59|-0.86
0.30|-0.26|0.08|-0.72|-1.00|0.69|-0.04|0.46|-0.17|0.73|1.82|-0.64|1.50|2.07|-0.14|0.18|-0.19|-0.33|1.86|0.20|0.16|-0.96|-0.18|-0.68|-0.47|0.32|-1.37
-0.69|-0.97|-0.07|-0.33|-1.24|-1.06|0.46|0.19|0.42|-0.97|-0.43|-0.63|-0.67|0.11|-1.51|-0.85|1.49|-0.34|-0.74|1.15|0.13|0.59|1.16|0.82|-0.44|-0.39|0.66
------ Dim separator ------
0.31|-1.07|0.15|-0.03|-0.19|0.99|-1.68|-0.69|-0.33|0.20|-1.21|1.04|-0.23|-0.47|2.92|-0.20|-1.49|0.22|-0.27|0.53|-2.39|0.76|0.57|1.44|-0.23|-0.69|1.63
-1.14|-1.10|0.32|2.26|-0.12|-0.86|-0.05|-1.18|1.68|-1.58|-0.97|0.92|-0.11|0.21|-0.68|-1.30|-1.17|0.22|-0.41|0.45|1.77|0.14|0.32|1.22|1.18|-0.78|1.86
-0.35|-0.56|-2.84|-1.07|-0.29|0.18|0.43|-0.57|-0.50|0.15|-0.65|-0.41|-0.66|0.96|1.35|0.48|0.30|-1.42|-1.03|-0.90|-0.52|0.54|-1.28|0.25|1.27|0.13|0.03
1.82|-0.15|-0.71|-0.08|-0.63|-0.04|1.12|0.24|-0.77|2.05|-0.48|0.34|0.39|-2.05|-0.20|1.11|-0.68|0.67|0.14|-0.91|1.66|-0.58|-0.20|-0.83|-0.08|1.94|0.16
0.34|0.31|-0.42|-1.15|0.49|-0.63|-1.18|1.47|0.11|-0.58|-0.67|-0.88|0.10|-0.22|0.65|0.77|0.11|0.10|0.17|-0.83|0.92|-0.92|-0.30|-1.19|-2.53|-1.37|1.01
------ Dim separator ------
0.86|-0.09|-0.29|-0.12|-1.11|-0.73|-0.40|-0.00|0.52|-0.86|0.26|0.20|0.78|-0.21|-1.28|-0.58|0.66|0.38|1.16|-0.00|1.07|0.24|-0.07|1.08|0.25|-0.69|0.37
-1.19|-0.32|0.58|-0.78|-0.07|0.83|-1.00|-0.56|-0.54|0.33|0.37|0.73|1.46|1.16|-0.23|-0.36|-1.87|-1.39|2.14|1.29|-0.46|1.11|-0.03|0.49|1.47|-0.07|-0.82
1.54|-0.85|-1.30|1.42|-1.14|0.70|-0.03|0.97|-0.13|-0.23|-0.76|0.51|0.03|-1.51|0.21|0.31|-0.51|0.06|-1.00|-0.99|-0.05|0.20|0.57|0.59|-0.78|-0.45|-0.39
0.58|-1.58|0.71|-0.53|-0.53|-0.22|0.47|0.31|-0.58|-0.56|0.95|-1.43|-0.06|0.89|-2.33|0.14|-0.57|1.03|-0.73|0.92|-0.86|1.01|-1.53|0.71|0.54|0.38|0.71
2.70|1.63|-0.53|0.11|-1.74|0.53|0.31|-0.45|0.95|-0.91|0.26|0.09|-0.51|-0.79|0.19|-1.00|-0.13|0.15|0.79|-0.57|-0.01|-0.84|2.17|0.31|-0.28|-0.90|0.09
------ Dim separator ------
-0.91|1.93|-0.78|-0.07|0.04|0.02|-0.23|0.45|-0.96|0.33|0.06|-1.02|-1.95|1.18|1.17|-1.37|-0.60|0.31|0.17|-0.69|-1.04|1.96|-0.03|-1.55|-0.89|0.39|0.48
0.46|0.37|0.35|-0.47|1.93|0.70|-0.86|-2.30|-0.50|0.45|1.47|0.02|0.58|0.94|0.28|-0.99|-0.74|2.53|-1.09|-0.21|0.32|0.43|-1.53|1.01|-0.16|-0.72|0.52
-1.09|-0.58|-0.63|0.96|1.04|1.12|-1.26|-1.33|0.67|-0.05|1.63|1.13|-1.31|1.35|-0.53|0.15|-0.41|-0.36|0.35|0.19|-0.07|1.12|-0.35|-1.36|0.17|-1.00|0.88
0.57|-1.91|-1.07|-0.57|-0.23|-0.43|0.57|-0.57|-0.32|-1.17|-1.52|0.71|-1.24|1.51|-0.44|0.53|-0.03|0.44|-1.14|-0.21|-0.37|1.21|-1.50|-0.02|-2.14|0.56|-0.49
0.05|0.18|0.87|0.78|0.18|-0.25|-0.74|-0.81|1.14|1.06|-0.20|0.03|-1.08|0.19|-0.08|1.15|0.19|0.14|-0.78|0.48|0.48|-0.44|-0.76|-0.73|-0.81|1.00|1.65
