------ Dim separator ------
0.18|-0.10|-1.21|0.73|0.13|-2.44|-0.13|0.15|2.00|-0.41|0.87|-0.34|0.16|-0.09|-0.28|-0.90|1.88|-1.69|0.12|-1.23|-0.39|-0.32|0.48|0.46|-0.70|0.70|-1.54
-2.13|0.02|-1.72|-0.66|1.33|1.38|-2.12|0.53|-0.51|0.04|-0.07|1.90|0.03|0.91|0.51|-0.06|0.33|1.37|0.02|2.12|1.21|-0.18|0.47|1.02|0.59|-1.84|1.11
-0.45|-1.34|0.07|0.56|-0.90|-0.20|0.35|-1.23|0.48|-0.36|-0.16|0.24|-0.98|0.92|0.28|0.67|0.41|0.75|-1.25|1.58|-1.75|-2.49|0.72|-0.39|-0.90|-1.07|-1.73
1.32|0.17|-0.52|-1.72|-1.04|1.95|-0.07|0.98|-0.28|-0.42|-0.40|0.47|-0.41|0.10|-1.99|1.02|-0.91|2.14|2.22|0.77|0.24|1.21|0.10|-1.78|-0.81|0.60|2.33
-1.13|-1.49|1.06|-0.56|0.38|0.77|1.17|-0.17|0.92|0.76|-1.49|-1.02|1.93|2.13|0.81|1.61|0.27|-0.81|0.56|1.12|0.75|-0.39|1.66|-3.14|-0.30|2.01|-1.86
------ Dim separator ------
-0.70|-0.59|0.22|1.84|0.52|-0.67|-1.56|0.57|1.55|0.14|1.31|2.55|0.50|0.89|0.06|0.23|-1.41|-2.36|-1.98|-2.28|-0.65|-1.54|0.37|-0.87|0.06|0.65|1.54
-0.37|-0.13|2.08|-0.81|-1.25|1.10|-0.71|1.75|-1.11|1.21|0.06|0.68|1.12|-0.65|-0.14|-0.17|1.63|-0.06|1.43|-0.45|0.87|-0.16|-0.01|2.20|0.60|-0.82|0.28
0.89|-1.12|-2.21|-0.64|-0.94|1.84|-1.42|-1.72|-0.73|-1.30|-0.40|2.37|1.28|-0.49|1.46|0.16|1.29|-0.18|1.06|0.88|0.02|0.65|0.67|-1.79|0.47|0.60|-0.57
-0.59|-0.97|1.24|0.30|-0.19|-1.36|1.67|1.55|-3.15|1.70|-2.27|-1.74|2.21|1.86|1.85|1.20|0.96|0.43|1.19|-0.45|-0.06|0.40|-1.12|1.86|-0.22|-2.35|0.36
3.46|2.16|1.50|-0.40|0.53|-0.55|0.62|-0.04|-1.10|-0.18|-0.50|0.14|-0.35|-1.61|0.94|0.23|-1.38|-0.36|0.73|0.88|0.01|-2.09|1.19|0.86|1.87|-2.81|-0.99
------ Dim separator ------
1.27|-0.45|-1.63|-0.36|0.42|0.68|2.19|0.64|-0.95|-1.74|-1.33|-0.69|-1.22|-0.32|-0.93|-0.11|-0.94|-0.26|-1.95|1.12|1.01|-0.96|0.88|0.59|-0.17|-0.63|-0.09
1.06|0.43|-1.82|-0.84|0.74|-0.17|-1.77|0.71|-1.48|-0.79|-1.23|1.33|0.08|-1.73|-0.87|-0.19|1.96|2.06|-0.42|-2.74|0.23|0.24|-1.69|0.60|-0.20|-0.36|0.50
1.07|-1.20|1.10|-0.41|0.49|-0.84|0.01|0.04|-0.30|0.06|1.33|-0.14|0.78|1.20|-0.84|0.49|1.92|1.54|-1.88|-1.08|-1.81|-0.93|-0.08|2.73|-1.79|1.09|0.00
1.05|-0.69|0.98|1.92|-0.14|0.66|1.19|1.17|-0.08|-1.47|0.34|-1.27|0.51|-0.17|0.21|0.25|0.02|-0.35|-2.12|-0.24|-1.22|0.64|1.96|-0.18|1.75|-0.60|-0.32
0.52|-0.94|-2.47|-1.70|-1.41|-1.02|-1.80|0.85|0.72|-0.17|1.46|-0.77|-0.04|1.58|1.62|1.15|0.57|-1.56|-1.81|-1.39|0.24|1.29|1.66|0.47|0.72|1.10|-0.73
------ Dim separator ------
-0.48|0.21|-0.69|-0.30|0.17|-0.70|-0.19|-2.09|2.16|0.37|-2.84|1.54|-0.13|1.79|1.33|-1.17|-0.97|-0.34|-0.83|-0.76|1.61|-0.76|-0.44|1.16|0.75|3.11|-0.27
-0.63|0.75|-0.51|0.58|-0.23|-0.21|0.48|2.34|1.32|0.56|-0.19|2.44|0.26|-1.01|1.17|2.23|1.33|1.36|0.42|-0.60|-0.43|0.69|-0.81|-0.29|0.91|-1.53|-0.10
1.16|-1.43|-1.19|-0.06|-0.22|1.64|0.85|-1.77|0.53|0.47|0.68|0.55|2.04|-0.90|-0.16|0.83|-0.32|1.22|0.20|-1.32|0.24|0.73|-0.42|-0.87|-0.19|0.77|0.49
-2.07|-0.30|-0.75|-0.46|-0.15|-1.33|-0.19|-0.24|1.75|-0.37|2.26|0.11|0.79|1.26|1.14|-0.57|-0.69|1.31|-0.04|-0.36|2.56|-0.14|1.49|0.57|1.04|-0.99|-0.76
0.36|1.34|1.64|-0.51|-1.13|-1.66|-1.24|-1.11|2.35|0.17|-1.03|-0.23|-0.29|0.48|-1.17|-0.96|0.75|-0.65|-0.66|-2.49|0.08|0.07|-1.42|0.72|0.31|1.17|-0.40
------ Dim separator ------
0.26|2.34|-1.33|0.74|1.57|0.76|0.31|-1.76|-0.01|2.01|0.99|0.69|-0.45|-0.96|0.32|1.31|-1.48|-1.11|0.41|-0.54|1.19|-1.37|0.30|-1.57|-0.22|-1.57|0.80
-0.05|-0.97|-2.97|0.98|0.06|-0.05|-0.55|1.11|0.10|0.36|0.98|-0.22|1.06|0.47|-0.41|-0.10|-0.45|-2.16|1.27|1.38|1.05|2.18|0.19|0.36|0.99|0.10|1.89
0.43|-2.77|0.43|-0.06|1.26|0.26|0.94|-1.36|1.95|-0.85|0.11|-0.19|0.20|-1.73|-1.56|0.99|-0.53|-0.52|2.77|-0.54|-1.71|0.61|-1.27|-1.19|-0.52|-0.15|-0.83
0.09|0.15|-0.23|0.40|-0.99|1.13|0.52|0.99|0.82|0.15|2.94|1.27|0.55|-0.86|0.58|-0.50|0.43|-0.59|-0.36|-0.57|-0.48|-1.04|-1.02|-3.06|0.35|-1.58|-0.74
-0.09|0.69|1.65|0.96|0.07|-1.32|0.60|-0.85|-2.31|-0.18|1.00|0.62|-0.38|1.39|1.24|-2.43|-0.58|0.48|-0.79|-0.43|0.11|3.72|-0.59|-1.13|0.43|-0.14|0.54
