------ Dim separator ------
-1.49|0.06|1.03|0.19|2.10|0.07|-0.14|0.95|-0.52|0.91|-0.08|-0.50|0.55|0.41|-0.75|0.45|-0.08|0.90|-0.32|-1.24|0.16|0.95|-0.10|1.05|-0.21|0.36|1.33
-0.24|0.52|-0.36|1.41|0.23|1.67|0.31|-0.88|0.14|1.30|0.01|0.62|-1.14|-0.46|-0.29|1.97|-0.05|-0.79|-0.23|-0.16|-1.60|-0.09|-0.54|-0.55|0.88|0.41|0.82
0.43|-2.03|-0.01|0.26|-0.24|-0.43|-1.10|-0.01|0.36|-0.69|0.53|-1.52|-0.32|-0.70|-0.26|1.20|0.25|0.23|0.01|-0.36|0.64|-0.77|0.58|-1.41|-0.13|-0.47|0.77
-0.44|-1.11|-0.07|0.91|-0.55|0.18|-0.96|1.16|1.59|-0.76|0.57|0.42|-0.32|-0.20|1.11|1.56|-1.28|0.81|-1.68|1.11|-0.39|0.79|-0.91|-0.21|-1.06|0.15|-0.06
-0.61|0.81|-0.97|-0.13|0.39|-1.49|0.18|0.47|-0.45|0.97|-0.04|2.82|-0.68|-0.64|0.20|1.10|0.36|-1.08|0.20|0.05|1.14|-0.26|-0.12|-0.08|0.68|-1.40|0.08
------ Dim separator ------
-1.19|0.09|0.59|-0.16|-0.42|0.49|0.42|-0.65|0.51|-2.02|-1.41|0.71|-0.65|-0.07|0.03|0.84|0.06|0.44|-0.62|-0.67|0.04|1.06|-0.35|-0.02|-1.31|-0.75|-0.41
-0.39|0.27|-0.05|-0.78|-0.62|-1.54|-0.25|0.10|-0.20|-0.44|1.18|0.34|0.38|0.09|-0.61|1.49|1.28|-0.83|0.86|-1.86|0.18|1.38|-0.11|0.22|0.24|-1.33|-0.47
-0.12|0.28|0.11|0.05|1.12|0.75|1.43|-0.36|-0.62|-0.10|0.11|0.21|-0.62|0.81|0.27|0.17|-0.18|0.99|-1.01|1.73|-0.35|-0.80|-0.16|-0.04|-1.52|-1.36|-0.23
0.72|-0.36|-0.97|0.89|0.89|0.95|-0.85|0.08|1.03|0.60|-0.78|0.38|-1.29|0.15|1.87|0.78|-1.31|1.28|0.44|0.44|-0.32|-0.22|-0.09|-0.92|0.11|-0.67|0.33
0.05|-0.26|0.96|-0.45|0.16|-0.05|1.03|-1.56|0.04|-0.81|-0.68|0.65|1.32|0.76|-0.26|0.72|-0.48|-0.24|-0.73|-1.80|-0.18|-0.77|0.50|-1.54|-0.14|0.19|2.00
------ Dim separator ------
-1.86|0.16|0.74|0.18|-1.69|0.82|-0.07|-0.21|0.59|0.67|0.68|-0.45|-0.63|-1.17|-0.01|-0.05|0.84|1.09|-0.24|0.27|1.14|0.04|0.29|-0.58|0.12|1.30|0.99
-0.79|0.55|-1.11|0.91|-0.29|1.56|-1.38|-1.33|1.39|1.41|-0.29|0.66|-0.70|-0.15|-0.53|-1.33|-0.15|0.48|-0.30|0.26|0.04|-1.16|-0.09|-0.04|-0.18|0.84|0.82
0.58|0.83|-0.14|0.80|0.47|-0.88|-1.11|-0.78|0.19|1.69|0.03|-0.14|-1.31|-0.92|-0.64|-0.39|0.12|-0.20|-0.43|1.42|-0.22|0.79|0.55|-0.37|0.84|-0.83|0.60
0.16|0.21|-0.47|0.11|-0.48|0.01|-0.37|0.82|0.31|-0.39|0.45|0.70|-0.49|0.40|0.02|-0.18|1.20|-1.11|0.31|0.38|-1.30|-1.18|0.31|-0.16|-1.04|0.57|0.05
0.62|-0.83|-1.10|-0.29|1.45|0.65|0.19|-0.69|-1.08|-0.37|-1.29|-1.30|0.45|0.94|-1.22|0.12|1.15|0.96|-0.31|0.29|-0.63|0.52|-1.11|1.33|-1.13|-0.51|1.27
------ Dim separator ------
-0.54|-1.14|1.39|-0.02|0.31|1.02|0.51|0.90|-0.43|-0.81|-0.93|1.03|-1.65|-1.48|0.88|-0.80|-0.81|1.03|-0.24|1.12|-0.99|-0.03|0.69|-0.45|0.81|-0.59|-0.96
0.89|-1.21|0.63|0.45|-0.17|-0.45|-0.60|-0.75|-0.27|-0.37|-0.01|0.20|0.42|0.07|0.22|1.21|-0.49|0.21|0.09|-0.22|0.94|-0.06|-0.62|1.11|-1.51|0.14|-0.46
-1.82|1.23|-0.81|-0.75|-0.13|0.61|0.46|0.64|-0.14|0.88|-0.43|-0.56|-0.37|0.33|0.62|-0.11|2.28|-0.03|1.04|0.82|0.70|0.56|1.65|0.65|-0.73|0.37|0.67
1.34|-0.01|-1.59|-0.25|-0.40|0.42|1.67|1.57|0.51|0.34|-0.63|0.49|-0.58|-0.44|0.05|-0.26|0.67|0.08|-0.16|1.04|0.31|-1.49|-0.18|0.60|-0.57|1.41|-0.10
0.63|-0.93|1.42|-0.17|0.42|-0.43|-0.31|-0.65|1.46|0.24|0.76|-1.05|0.02|-1.08|-0.74|0.15|-0.76|0.10|1.01|0.40|-0.10|-1.68|-0.36|-1.28|1.10|0.04|-0.05
------ Dim separator ------
-0.50|-0.13|0.13|-0.53|-0.54|-0.06|-0.74|0.15|0.21|-0.43|0.71|-0.51|-1.00|-1.28|-1.20|0.62|1.17|1.65|-0.25|0.50|-0.45|-0.96|0.74|-0.47|0.75|-1.78|-1.38
-0.17|-0.23|0.58|-0.09|-0.09|-0.71|0.43|-0.49|-0.99|0.59|-1.59|-1.61|-0.73|-0.66|-1.20|0.17|0.13|0.95|0.44|0.01|0.08|-1.46|0.05|1.46|0.02|0.53|-0.67
-0.82|1.31|0.52|0.11|1.24|-1.03|-0.98|-0.88|0.07|0.02|0.68|-0.50|1.32|0.78|1.16|-0.10|-0.56|1.35|-0.37|0.47|0.39|-1.27|-0.19|-0.42|-0.80|-0.12|0.29
-0.53|-0.83|-0.48|0.09|1.32|0.43|-0.79|0.08|-0.14|1.57|-0.86|0.05|1.18|0.71|1.16|-0.53|1.03|0.19|-1.06|-0.28|1.72|-1.25|-0.91|-1.64|-1.36|1.39|-1.40
0.83|2.05|0.16|-0.68|0.17|-0.62|-0.38|-0.78|1.82|-0.62|0.74|-0.36|-0.05|1.77|1.29|-0.03|-0.84|0.72|-0.82|-0.38|-0.76|-0.23|1.24|0.74|-1.27|1.34|-0.99
