------ Dim separator ------
-0.69|-0.25|-1.22|0.13|-0.06|-0.18|-0.58|-0.42|-0.05|-1.70|-0.14|1.57|1.62|0.29|0.32|0.35|-2.30|0.34|-0.70|-0.03|-0.25|-0.51|-0.45|-0.58|2.12|0.06|-0.51
-0.55|0.22|0.94|-0.29|-0.94|0.20|-0.60|-0.14|-0.56|-0.81|-0.82|-0.31|0.12|0.55|0.25|0.27|0.55|-1.33|-0.76|0.33|-1.25|0.14|-0.86|-0.68|0.03|-0.33|0.53
-0.17|0.09|0.57|-0.44|-0.76|-2.43|0.83|-1.59|-0.20|-0.47|0.19|0.01|-2.02|0.38|-0.15|-0.33|-0.52|-0.48|-0.23|-0.81|-0.30|0.15|1.30|0.57|1.12|0.06|0.04
-0.61|-1.41|-0.03|0.36|0.57|-0.37|-1.58|0.69|-0.61|0.06|0.38|-0.85|2.01|-0.50|0.36|0.06|-1.09|0.42|1.32|-0.44|1.85|-1.40|-0.59|-0.36|-0.17|-0.57|0.67
0.02|-0.47|-0.83|0.50|0.76|0.30|-0.22|0.69|-0.75|1.14|0.57|-0.45|-0.71|-0.39|0.01|0.15|-0.44|-0.91|0.63|-0.90|0.25|-0.05|0.77|0.29|-0.15|0.59|0.59
------ Dim separator ------
0.09|0.02|-0.55|0.81|0.27|-0.90|-0.52|1.44|-1.22|0.30|0.19|0.39|0.60|0.57|-0.74|0.11|1.05|0.21|0.15|-0.42|0.27|0.20|-0.46|-0.71|-0.23|-1.01|-0.72
0.35|0.32|0.22|0.26|-1.64|-0.56|0.73|0.45|-0.77|0.13|-0.24|0.59|-0.01|0.42|0.98|0.27|-0.20|0.60|-0.06|-0.63|0.96|-1.01|0.56|0.66|0.36|1.20|0.52
0.40|0.16|0.37|-1.68|-0.31|-1.33|0.78|-0.66|-0.98|-1.72|1.12|0.37|0.57|-1.02|0.55|-0.20|0.67|-0.82|0.61|0.07|-1.08|0.51|0.89|0.78|-0.54|-0.55|-0.14
-0.56|-0.05|0.16|-0.00|0.89|0.28|-0.04|-0.34|-0.25|0.57|-0.25|0.23|0.30|0.46|-0.66|-0.29|-0.88|0.22|-0.23|0.45|-0.10|0.10|-0.30|0.89|1.46|-0.07|0.14
1.04|0.18|0.32|1.49|0.99|0.89|-0.77|-0.60|-0.05|-0.81|1.07|-0.42|0.12|-1.14|1.49|-0.47|1.14|0.14|-0.28|-0.92|0.22|0.07|1.02|0.29|-1.25|1.09|0.11
------ Dim separator ------
-0.44|-0.60|0.27|0.56|-0.70|-0.05|0.36|-0.37|-1.32|1.31|-0.78|-0.90|-0.44|0.35|1.21|0.29|0.76|-0.47|0.08|-0.25|-0.25|-0.06|0.57|0.04|0.17|1.27|1.47
0.72|0.75|-0.19|0.59|0.58|1.16|0.58|0.64|0.41|-0.23|0.04|0.57|-0.49|-0.06|0.64|-0.52|0.54|-1.82|-0.50|0.08|0.29|0.26|-0.36|-0.44|-0.96|1.18|1.89
0.67|-1.29|-0.27|0.04|-0.29|-0.10|-0.82|-1.08|0.00|-0.24|0.05|1.08|-0.59|0.54|0.76|-0.76|-1.00|-0.05|-0.04|-0.75|0.20|0.54|0.00|-1.07|0.99|-1.12|0.31
-0.12|-0.62|0.04|-0.59|-0.67|1.52|-0.03|0.74|-1.14|0.11|0.75|1.15|-0.79|1.08|0.78|-1.49|1.53|-1.07|0.27|-0.02|-1.50|0.21|0.29|2.11|-1.48|0.84|0.93
-0.89|-0.02|-0.11|0.46|0.05|0.17|-0.53|0.12|-0.45|-1.41|0.28|1.05|0.28|0.60|0.53|-1.12|0.50|0.52|1.03|0.27|1.31|0.83|0.12|0.50|-0.97|-0.98|0.99
------ Dim separator ------
0.34|-0.55|0.01|0.36|0.72|-0.04|1.17|0.32|-0.62|-0.77|-0.27|0.30|-0.30|-0.26|-0.86|-0.52|0.94|-0.96|1.39|-0.33|-0.85|-0.41|0.86|-0.66|0.20|0.62|0.98
0.77|0.67|-1.29|-0.12|0.99|-0.15|1.07|-0.27|0.11|-0.27|0.99|-0.69|0.43|-0.85|-0.87|0.14|-1.15|-0.66|-0.08|0.79|0.49|0.75|-1.32|-0.03|-0.21|-0.07|-0.12
1.52|1.40|0.87|-0.10|0.29|0.13|0.84|0.65|0.15|-0.56|0.20|-0.68|0.80|-0.32|0.24|1.31|0.26|-1.06|0.71|0.58|0.12|-0.36|1.02|0.32|0.57|0.48|-0.13
0.34|0.49|0.15|-0.29|-0.85|-0.55|-0.04|0.20|-0.02|-0.19|-0.17|0.97|0.45|-0.32|-0.07|0.06|0.18|-1.28|-0.47|-0.01|-0.02|1.26|0.79|0.11|-0.27|0.54|0.74
-0.78|0.82|-1.03|-1.56|0.11|0.16|-0.63|0.18|0.80|-0.78|0.84|-1.47|-0.38|-0.95|0.87|-0.68|0.49|-1.44|-1.29|0.90|-0.72|-1.42|0.57|-0.07|-0.82|-0.47|-1.22
------ Dim separator ------
-0.48|0.33|-0.09|1.28|0.12|0.91|-1.11|1.53|-0.22|-0.26|-0.66|0.02|-0.76|-1.09|-0.20|1.37|-0.33|0.42|0.60|-0.69|-0.01|-0.11|-0.14|-0.66|1.87|0.26|-0.22
-0.84|1.60|0.14|-1.75|0.72|-0.06|-0.37|-0.05|-1.99|0.92|-0.37|-0.60|-0.66|0.24|1.56|1.03|-0.22|-0.03|-0.10|-0.91|0.80|-0.49|-0.43|-0.18|-0.58|-0.61|-1.75
-1.23|0.07|0.67|0.41|0.15|-0.30|1.21|-1.46|0.84|0.20|0.66|1.05|0.12|0.66|0.32|0.01|-1.61|-0.03|0.30|0.59|0.89|-0.03|-0.33|0.04|1.20|1.45|1.38
0.29|-0.33|0.42|0.70|-0.57|0.76|0.25|-0.17|-1.68|0.03|-1.00|-0.27|-0.63|0.23|0.86|-0.57|-0.38|-1.85|-0.49|-0.27|0.25|0.09|0.12|-0.44|0.50|-1.88|0.56
0.31|0.60|-0.02|0.10|-0.54|0.75|-1.49|-0.85|-0.80|1.17|-0.72|-0.78|1.65|-1.47|0.85|0.44|-0.43|-0.43|0.11|-1.08|0.20|-0.66|0.32|0.41|-1.04|-0.55|-0.35
