------ Dim separator ------
-0.17|-0.55|0.23|-0.79|-0.55|0.71|0.10|0.93|0.56|0.41|-0.23|0.54|-0.59|0.86|-0.74|-0.18|-0.64|-0.62|0.31|-0.82|1.25|1.12|-1.52|-1.24|0.59|-0.16|1.68
-1.11|1.36|-0.68|-0.37|0.29|0.15|0.64|-0.44|-0.21|-1.03|0.81|0.28|-0.98|1.21|-0.25|-0.73|-0.33|-0.18|-0.59|-0.22|0.29|0.10|-1.04|-1.13|0.04|-0.04|-1.17
0.04|-1.02|-0.88|0.21|0.13|-0.48|-1.07|-1.50|-2.20|-0.90|-1.01|-0.79|1.69|0.53|-0.84|0.16|-2.10|-0.50|0.99|-0.07|-0.52|0.37|-0.83|-0.41|0.63|0.65|0.56
0.08|-0.14|-0.15|-0.73|0.05|0.35|0.53|-0.28|-0.54|-0.86|0.65|-1.06|0.78|0.31|-0.53|0.26|0.28|0.93|-0.26|-1.37|0.90|0.37|-0.09|1.65|-0.57|0.46|-0.39
-0.07|-0.13|-0.62|0.13|0.40|0.58|-0.05|0.58|-0.82|-0.79|-0.49|-0.85|0.30|-0.19|0.95|-0.67|0.61|0.38|0.18|1.03|-0.38|-1.79|1.15|0.83|0.68|0.83|-1.45
------ Dim separator ------
-0.97|0.52|0.29|1.79|0.06|0.12|0.04|0.06|-1.24|0.44|0.81|-0.45|2.12|-1.44|-0.47|1.46|-0.24|-1.05|-0.41|0.53|0.63|-0.77|-0.34|0.54|-0.55|0.85|-0.44
0.11|0.26|-0.11|-0.07|0.25|-2.79|-0.58|0.32|1.82|-0.10|-0.69|0.43|0.91|1.12|-0.15|0.08|0.14|0.22|0.07|0.27|0.43|-0.06|-1.06|-0.99|-0.36|0.14|0.57
0.40|-0.54|1.33|-0.25|0.56|-0.88|1.21|0.04|-0.70|1.08|0.05|-0.28|-1.30|-0.60|-1.38|-0.17|0.52|-0.78|2.42|0.79|0.67|0.55|0.37|0.53|0.60|0.03|-0.73
-0.53|0.34|-0.45|0.29|0.18|1.00|0.56|-0.91|-0.64|-2.02|-0.74|1.56|-1.06|0.48|-1.10|0.04|-1.45|-0.60|1.47|-0.08|-0.00|-2.11|-0.96|-0.18|0.93|-1.26|-0.43
-0.27|-0.57|-2.09|-0.21|-0.28|0.57|1.19|-0.43|0.93|-1.35|-0.92|0.31|0.47|-0.66|-0.04|-0.47|-0.81|1.11|-0.35|0.03|-0.60|-0.18|0.98|1.31|0.14|-1.05|-0.81
------ Dim separator ------
0.50|-0.51|1.79|-0.13|0.62|1.39|-0.89|0.28|0.12|-0.01|-0.26|0.84|0.16|0.57|0.95|-0.04|0.66|-1.19|0.95|0.21|0.30|0.27|1.01|-0.70|0.76|0.37|0.47
-0.94|-1.21|0.32|0.49|0.32|-0.29|-0.26|0.52|-0.55|0.49|0.30|0.33|-1.07|0.13|0.19|-0.64|0.39|0.13|-0.51|-1.94|0.32|-0.50|-0.85|-0.46|0.84|0.26|-0.14
0.38|0.72|-1.48|1.25|-0.59|-1.00|0.76|0.03|-0.58|0.63|0.67|1.57|0.30|0.99|0.20|0.03|0.76|-0.16|1.01|-0.08|0.35|-1.37|-1.40|-0.15|0.18|-0.41|-0.91
0.36|-1.01|0.26|-0.11|-0.41|0.41|1.48|-0.70|-0.12|-0.03|0.18|-1.02|-0.00|0.48|-0.05|1.62|0.47|0.52|0.86|-0.15|0.38|-1.11|-0.28|0.13|0.66|0.13|1.67
1.37|1.02|0.50|-0.47|-0.23|-0.03|-1.19|0.17|-1.21|1.15|0.49|-0.77|0.03|-0.60|0.07|0.28|0.79|-0.24|1.11|-0.60|0.92|1.36|0.01|-0.34|-0.53|-0.06|-0.05
------ Dim separator ------
0.10|-0.26|0.64|-1.60|0.64|-0.72|0.20|-0.78|0.45|-0.44|0.19|0.59|1.59|0.36|-0.76|-0.58|1.49|0.65|1.28|-0.47|-1.35|-0.46|0.74|-0.72|0.95|-0.05|-0.68
0.43|0.08|-0.70|-0.26|0.70|0.31|-0.39|-1.03|-0.39|-0.03|1.14|-0.85|1.14|-0.05|0.58|0.61|-1.73|-0.56|1.10|0.41|0.01|0.47|-0.65|1.03|1.51|1.96|-1.20
0.73|-0.34|0.87|1.05|-0.23|0.90|0.68|-0.73|-0.15|-0.55|1.22|0.62|0.74|0.30|0.00|0.79|0.94|-0.18|-0.47|0.31|0.07|-0.40|0.83|-0.37|-0.75|0.98|-0.77
-0.08|0.50|1.22|0.45|-0.55|-0.80|0.52|-0.08|1.08|0.78|-0.86|-0.87|-1.49|0.20|1.03|-0.10|-0.02|1.14|-0.49|0.87|-0.56|-0.08|0.41|-0.29|-0.57|0.38|0.43
1.57|-0.86|-1.13|-0.24|0.60|1.25|0.62|1.68|-0.57|0.44|-0.33|-0.63|0.71|-0.13|0.60|0.12|0.91|-0.28|1.32|-0.10|0.03|-0.93|-0.29|0.17|0.00|0.54|-0.70
------ Dim separator ------
0.28|0.46|-0.55|-1.28|0.43|-1.39|0.27|-0.57|-1.27|0.68|-0.07|0.54|-1.27|-0.57|1.14|-0.59|1.41|1.49|0.16|0.44|0.79|1.54|1.53|-0.31|0.57|-0.31|-0.89
0.50|-0.35|0.48|-0.22|1.68|1.35|-0.87|1.13|-0.76|0.42|-0.45|-1.59|-0.70|-0.71|0.86|0.97|1.21|0.02|0.01|-1.59|-0.20|-0.48|1.66|0.47|-1.60|-1.14|-0.26
0.29|0.33|0.18|1.05|2.29|0.34|0.71|-1.88|-1.41|0.44|-0.09|0.95|-0.70|-0.61|0.52|-1.36|-0.81|0.39|0.01|-0.73|0.41|-0.17|-0.97|0.52|1.04|-0.97|0.21
0.58|-1.27|-0.01|0.32|1.06|1.24|0.21|-0.69|-1.64|-0.71|-0.17|-1.85|-0.27|0.45|0.02|-0.04|-0.69|-0.36|0.40|0.35|0.04|0.79|0.96|0.34|-0.16|-0.34|0.74
0.23|0.16|-1.32|1.54|1.01|-0.54|-1.17|-0.88|0.11|0.64|0.28|0.20|0.48|-1.21|-0.41|-0.42|-1.61|1.18|-0.91|-0.65|-0.04|0.19|1.10|0.35|-0.56|-1.43|1.51
