------ Dim separator ------
-1.26|1.45|0.14|0.05|-0.39|-0.46|0.23|0.10|0.58|-1.45|0.89|-0.62|0.23|0.10|1.05|-0.00|-0.78|0.71|0.17|-0.15|0.50|-0.84|-1.91|-1.12|-0.00|1.23|0.70
0.97|1.05|-1.09|-0.04|0.71|0.81|1.02|-0.00|-1.58|-0.74|1.50|0.12|-0.22|-0.12|-0.19|0.47|-1.01|0.38|0.84|-0.42|-0.71|-0.05|1.10|-0.81|1.16|1.81|-1.29
-0.57|-0.09|0.78|0.53|1.60|-0.52|-1.09|-1.24|0.77|0.06|-0.37|-1.11|-0.39|-0.07|1.53|0.31|0.28|0.91|-0.36|0.51|-0.34|-1.48|0.45|-0.37|1.30|-0.63|0.48
1.87|-0.63|-0.56|-0.48|-0.46|0.92|-1.53|-0.24|0.12|-0.98|0.81|-0.78|1.97|0.27|0.64|-0.05|-0.30|-0.83|-0.73|1.19|1.50|-0.93|0.40|0.53|-0.69|0.08|-1.29
-0.38|0.52|0.24|2.70|0.67|-0.98|1.66|-0.25|-0.01|-0.75|0.53|0.63|0.90|-0.07|1.38|0.18|-0.34|-0.02|0.42|-2.07|0.11|-0.47|-0.46|0.26|2.21|0.42|-1.43
------ Dim separator ------
-1.06|1.15|-0.56|0.99|-0.25|0.49|0.01|-1.09|0.46|-0.14|0.50|1.35|-0.34|-0.23|-0.31|-1.91|0.95|0.16|-0.97|2.05|-1.78|1.41|0.22|0.81|1.97|-1.57|1.07
0.41|-0.08|-0.26|0.07|-0.62|-1.05|-1.58|-1.28|0.79|0.17|0.45|0.19|-0.90|0.35|0.02|-0.40|-0.63|-0.55|-0.89|0.91|0.23|-1.29|0.62|-0.45|-0.04|0.80|0.22
0.84|-2.07|0.78|0.25|0.82|-0.45|0.91|1.06|0.75|-0.56|0.74|0.66|0.78|-0.13|1.24|0.32|-1.41|1.87|0.47|-1.00|1.19|-1.37|-0.47|-1.23|1.12|-1.55|-1.21
-0.76|-1.26|-1.37|0.85|-0.26|-0.88|-0.13|-0.70|0.64|0.27|0.24|-0.73|-0.52|-0.27|1.33|0.04|-0.15|1.01|1.66|0.58|0.95|-0.32|-0.06|-0.42|0.26|-0.63|-1.33
-0.51|-0.69|0.06|0.97|-1.45|2.61|-0.76|-0.35|0.41|0.22|1.15|-1.46|-1.01|-1.25|-1.14|-0.48|1.70|-0.43|-1.43|0.49|0.19|0.63|-0.38|-0.06|-0.12|0.21|0.38
------ Dim separator ------
-0.29|-0.65|0.70|0.32|0.12|0.29|-0.06|0.36|0.95|0.30|1.76|-0.28|-1.48|-1.17|2.17|0.96|-0.30|-0.64|0.86|0.70|0.65|0.38|-1.76|0.99|-0.46|-0.71|0.33
0.61|1.52|0.56|1.01|-0.71|-0.43|0.27|1.56|1.18|0.29|-1.82|-1.10|-0.62|0.27|-0.54|0.29|-0.57|-0.90|-0.42|0.58|0.02|0.19|1.51|1.10|-1.03|1.25|-0.31
-0.28|-0.62|0.91|-0.13|-0.11|1.48|-0.00|-1.07|2.35|0.21|-0.05|-0.22|0.83|-0.14|-0.99|0.14|0.73|0.19|-0.01|-1.55|0.01|1.01|0.07|-1.65|0.30|-0.21|1.75
-0.69|0.00|-1.44|-1.20|-0.30|-0.53|1.21|0.77|-1.12|0.34|0.73|1.63|-1.78|0.23|0.66|-1.00|-0.34|2.50|-0.49|0.16|1.20|-0.98|0.30|-1.35|-0.91|0.27|0.21
-1.94|-0.32|0.41|0.53|0.17|0.53|-2.17|1.48|-0.48|0.11|0.02|0.16|0.45|-0.55|0.44|-0.48|0.12|-0.62|-0.92|-0.29|1.19|1.10|1.74|-0.14|0.71|-0.86|0.68
------ Dim separator ------
-0.05|-0.28|0.03|0.98|-0.34|-0.09|1.03|0.06|-0.26|-0.81|-0.63|0.68|1.73|-0.99|0.12|1.24|-0.44|-0.30|-0.93|-1.18|-1.88|1.67|-0.94|0.23|1.70|0.21|-1.63
-0.19|-0.63|0.24|-0.39|0.01|-0.69|0.03|0.31|-0.07|0.09|-2.97|-0.95|0.14|0.00|-1.31|-0.77|1.40|0.55|1.92|0.03|0.79|1.31|0.99|-0.04|0.41|-0.54|-1.73
1.51|0.89|-0.76|0.68|1.43|-0.10|0.88|0.52|-0.24|-0.59|0.67|1.71|0.96|-1.36|-0.62|0.19|-1.00|0.59|0.62|-0.44|-0.39|-1.63|0.57|1.59|0.17|0.30|1.51
-0.00|-0.79|1.53|0.08|-1.71|-0.85|-0.53|-0.02|-0.22|1.51|0.84|1.24|-0.28|0.16|-0.77|-1.81|-0.39|-1.00|-1.02|-0.09|0.29|2.43|0.27|1.32|-0.00|0.58|-0.10
1.56|-0.93|0.80|0.10|1.54|0.54|-0.40|-0.20|0.76|2.05|1.46|1.42|-0.42|-1.26|-0.19|0.01|0.27|-0.93|1.02|0.21|1.06|-0.15|-0.21|1.02|0.85|-0.03|-1.10
------ Dim separator ------
-0.34|-0.31|-1.58|-1.02|0.31|0.31|-0.32|1.24|-0.55|0.81|0.07|0.07|2.28|1.07|0.54|1.81|0.81|-0.65|0.76|-0.87|-0.12|1.18|-0.89|0.66|1.44|0.42|-0.30
-0.61|1.02|-1.47|0.76|-0.96|-1.70|0.44|-0.91|-1.15|-0.47|0.79|-0.86|-0.25|0.70|0.53|0.69|1.50|1.77|0.04|0.92|1.60|0.48|0.55|1.07|-0.17|-0.15|0.07
-0.64|-0.15|0.25|0.45|1.00|-0.36|-0.04|-0.33|0.72|-1.38|0.97|0.61|-1.12|0.21|-0.09|0.03|-1.02|1.03|-0.91|1.14|0.05|-0.42|-1.34|0.13|-0.72|0.77|-0.89
0.05|1.26|0.55|-0.39|-0.15|-1.44|-0.67|-0.41|0.43|-1.61|0.46|0.43|1.26|0.32|0.21|-0.21|-0.37|-1.20|-0.85|2.16|0.25|1.34|-0.64|-0.78|-2.01|0.29|-0.24
-0.36|-0.55|-1.02|1.35|-1.84|0.28|-2.90|-0.12|-0.21|-1.20|0.85|-0.13|-0.36|0.74|0.64|2.03|0.47|-0.34|-0.90|-0.06|-0.30|-1.14|0.96|-0.87|-0.40|0.43|0.42
