------ Dim separator ------
0.44|0.49|-0.97|0.65|1.33|0.88|0.90|-1.03|-0.33|0.67|0.39|-0.44|0.24|1.04|0.66|-1.40|-1.49|0.43|-1.27|0.85|-0.33|1.13|1.90|0.40|-0.77|-1.48|-0.82
-0.27|-1.46|-0.11|-1.78|-0.17|-0.98|0.09|0.17|2.08|0.52|1.72|0.08|-1.93|0.47|0.53|0.48|0.56|0.26|-2.52|-0.33|-0.38|0.92|1.46|-1.03|-0.62|-0.75|1.33
-1.09|1.11|1.38|-1.12|0.22|-1.28|-0.36|-0.55|0.78|-0.67|-0.27|-0.24|1.29|2.25|-0.08|-2.26|1.03|-0.63|0.12|-1.17|-0.53|-1.97|-2.98|0.37|1.46|0.36|2.45
0.60|0.94|-1.42|1.56|1.31|0.23|-0.96|-1.75|-1.61|2.27|-0.43|-1.01|-1.28|-1.45|-0.48|0.04|-1.36|-1.65|-0.33|1.15|0.03|-1.67|-0.34|2.01|1.19|-0.61|0.43
0.79|-0.10|1.53|0.15|-0.54|0.40|-1.51|-1.14|-0.09|1.05|-0.69|0.35|-1.71|-0.58|-0.08|1.79|-0.47|1.28|1.20|1.49|-0.30|-0.31|-0.07|-2.26|0.42|0.07|-0.92
------ Dim separator ------
-0.34|0.28|0.50|-2.17|-0.13|-1.45|-1.17|0.53|0.09|0.89|-0.02|-1.79|0.26|-0.44|0.54|-1.27|-1.04|0.56|-1.03|0.79|-0.06|0.05|1.80|-0.86|1.38|-1.19|-1.53
0.05|1.19|-0.24|-0.52|1.37|-0.24|-0.33|-0.68|-0.62|0.71|0.09|-1.54|-1.00|-1.27|-2.19|-0.93|-0.58|0.65|-0.70|0.44|-1.95|0.85|2.24|-0.48|0.28|0.45|0.10
0.13|1.57|1.45|-1.04|1.19|-0.49|-1.61|0.84|-1.32|1.13|0.75|0.58|1.22|0.41|0.13|-1.21|0.11|-0.06|0.79|0.24|-0.39|0.56|0.41|2.27|1.32|0.19|-0.11
1.14|0.22|0.19|-0.83|0.36|0.08|-0.01|0.41|0.57|0.09|-1.57|-0.50|-0.09|-0.31|-0.91|-0.17|-0.43|-0.52|-1.44|-0.03|-2.33|0.81|0.10|-0.73|0.76|-1.80|-0.12
-0.53|-1.45|0.48|0.30|-0.25|-0.92|1.00|-0.56|0.07|-0.11|1.43|-0.56|0.37|-1.51|0.58|-0.43|0.22|2.22|-0.19|1.16|-1.46|-0.98|-1.00|-1.29|-2.00|0.99|0.21
------ Dim separator ------
-0.28|0.73|-0.18|0.89|-1.16|0.21|-0.04|1.98|0.57|-0.73|0.67|-1.47|0.99|0.81|-0.35|1.87|-0.31|1.52|-1.38|0.80|-1.89|-1.63|-0.03|-0.17|0.04|-0.55|0.79
-0.93|-0.97|-0.19|-0.57|-0.18|-1.43|0.35|1.76|1.27|-2.32|1.87|-0.15|0.00|1.19|-0.99|-0.56|1.03|0.17|0.47|-0.15|-1.64|0.77|1.18|0.32|-1.47|2.01|-1.35
-0.58|-1.56|0.63|0.67|-1.50|-0.11|-1.15|-0.03|-2.67|-0.32|2.25|1.01|1.65|-0.83|0.78|-0.60|-0.53|0.64|0.87|0.67|-0.42|2.00|-0.46|-0.61|0.10|0.85|1.83
-0.44|0.06|-0.13|1.38|1.14|-0.70|0.32|-0.48|-1.46|-1.16|-0.27|0.53|1.10|1.85|0.18|0.71|0.57|-1.06|-0.86|-0.49|-0.29|1.04|-0.30|0.73|1.34|-0.58|1.98
-0.08|2.85|0.89|0.09|0.76|-1.19|1.62|0.73|0.40|1.41|-1.35|0.69|-0.36|-1.50|-1.12|-1.62|0.55|1.21|2.93|-1.48|-0.30|-0.86|-0.31|-1.09|-0.26|0.55|-2.58
------ Dim separator ------
-3.07|-0.46|-1.22|-0.44|0.58|0.92|1.06|-0.45|-0.67|-1.69|0.62|0.31|-0.06|-0.37|-1.90|1.30|1.06|0.07|1.76|-0.99|0.08|1.87|-0.04|0.55|-0.30|-1.27|-0.03
0.42|1.12|2.43|-0.21|2.08|0.60|-0.83|0.93|-0.17|-0.54|1.34|0.38|-0.60|1.33|1.20|1.20|-2.03|-0.40|0.83|-1.76|-1.34|-0.40|0.48|-0.32|-0.89|0.63|1.07
1.60|0.10|-0.55|1.07|-0.32|1.94|0.33|0.46|0.31|0.94|-0.14|1.60|1.15|0.77|0.17|-0.88|-0.40|2.51|-0.53|0.94|1.02|0.57|-1.33|-1.91|-0.48|-0.01|-1.12
-0.66|1.55|-0.19|0.61|-0.76|0.54|-1.56|-2.29|0.24|1.26|-1.66|2.11|0.22|1.25|-1.20|-0.04|1.65|-0.15|0.94|-0.52|0.37|1.13|0.29|-0.05|-1.60|-1.20|-0.32
-1.50|0.17|0.02|-0.47|-0.54|1.85|0.40|0.42|0.59|-1.40|-0.66|-1.09|1.05|0.51|-0.96|1.28|2.01|-0.17|-0.60|1.31|-0.17|1.09|-1.56|-0.07|-0.59|0.13|0.64
------ Dim separator ------
-0.58|-1.01|-0.05|0.56|0.43|-0.92|-0.34|-0.06|-2.37|-2.18|-0.54|1.20|0.00|-1.51|-1.55|-0.64|-0.17|0.18|0.52|-0.22|2.49|-1.48|0.67|0.38|-1.05|0.61|-0.07
-1.40|-0.45|-0.25|-0.21|-0.29|-1.49|0.44|1.66|-2.04|-1.17|-1.18|-0.15|-0.80|-1.31|0.32|-0.85|0.46|-0.68|1.05|-0.22|-1.11|-0.97|0.92|0.40|-2.07|0.33|0.57
0.06|0.86|-0.44|-0.70|-0.92|-0.49|0.55|1.70|0.36|1.41|-0.70|0.40|1.92|-2.55|0.71|1.26|0.71|0.29|-1.73|-2.22|0.71|1.69|0.07|-0.09|-0.79|2.51|0.84
1.16|-0.61|-1.72|-1.44|-0.01|-0.70|-0.66|0.98|-0.11|0.15|-1.32|-0.56|0.80|1.01|-1.73|-0.23|-0.99|-0.11|0.06|0.22|-2.36|1.02|1.30|1.05|0.64|1.39|0.37
-1.05|0.05|-0.93|-0.73|0.38|2.02|-0.89|-1.95|0.03|1.44|-2.59|-2.14|1.52|-0.57|1.32|1.65|-1.40|-0.83|0.81|1.02|2.81|-0.62|0.57|-0.39|1.54|-0.49|-0.92
