------ Dim separator ------
0.71|-0.38|-1.26|-0.53|-0.05|-0.09|0.03|0.35|-0.75|0.06|-1.21|-1.67|1.90|-0.61|-1.52|0.19|0.60|0.59|-0.24|-0.17|0.18|0.94|0.75|0.32|-2.36|0.09|1.48
0.39|-0.38|0.58|1.54|-0.18|0.76|-1.12|-0.08|0.74|1.21|-1.77|-0.11|1.72|-0.94|0.16|-0.15|0.24|-0.58|1.35|-1.79|-1.43|-0.34|0.10|-0.13|1.30|-1.94|0.16
2.25|1.47|1.21|-1.08|0.18|0.91|2.46|-0.01|0.20|0.42|1.56|0.60|-0.22|1.05|0.96|0.98|0.85|0.72|0.85|-1.25|1.62|0.20|0.57|0.34|-1.92|1.07|-0.61
-0.58|-1.09|-1.68|-0.33|-0.92|-0.21|-0.79|-0.33|-0.14|-1.69|-0.46|2.55|-0.18|0.19|0.64|-1.74|-0.68|-0.97|0.92|0.19|0.54|0.37|-0.70|-1.85|0.19|-0.08|-0.30
-0.28|0.44|-0.42|-0.52|1.20|-0.79|-2.10|0.85|-0.06|1.62|-2.19|-0.32|-0.62|-0.43|-0.09|-0.01|-1.72|-2.67|-0.73|-1.20|0.46|1.37|-0.76|0.08|-2.45|-1.88|-0.26
------ Dim separator ------
1.05|-0.11|1.26|-0.87|-1.39|-0.57|2.32|-1.22|-0.13|-1.37|-1.84|0.40|0.14|-0.50|1.08|-1.06|2.40|1.31|-0.19|-0.52|-0.48|-0.32|0.51|-0.81|-0.39|-0.78|0.93
-1.44|1.21|-0.45|0.72|0.34|0.26|0.30|-0.21|1.29|-1.64|-0.85|-1.29|1.34|1.28|-0.05|0.91|0.33|-0.62|0.96|-1.23|0.01|1.10|-0.69|2.00|2.45|-1.34|0.72
-0.01|0.67|0.59|2.16|-1.88|-1.14|-1.15|2.08|0.43|0.21|-1.77|-1.27|-0.05|-0.11|0.27|0.54|0.03|-1.20|-0.24|-0.53|-0.08|1.05|-0.68|-1.59|-0.85|-1.47|0.59
0.74|-0.36|1.80|1.56|0.18|0.12|-0.19|-0.32|0.52|0.87|0.33|-0.12|-0.63|-1.02|1.54|-0.06|1.95|1.20|0.18|-0.54|-1.71|-0.51|1.92|1.08|-2.13|0.83|0.38
0.06|1.07|1.01|0.16|-0.07|0.85|-0.36|0.64|0.11|1.43|1.14|2.26|0.50|0.57|0.70|1.42|1.18|-0.80|-1.00|-0.51|-1.94|0.55|-0.18|0.12|0.84|-0.88|1.44
------ Dim separator ------
0.51|-0.11|-0.44|3.00|-0.53|-0.31|0.10|-1.90|-0.46|0.26|-0.12|0.20|0.45|-1.04|-0.66|-1.38|-0.05|-2.03|-1.08|-0.52|0.31|1.81|0.88|0.71|0.29|1.02|0.61
-0.42|1.48|-1.61|-0.55|0.64|-0.68|0.32|0.33|-1.23|0.43|1.41|0.68|-0.40|1.33|1.86|-0.61|0.74|-0.75|1.35|1.39|-0.90|-1.28|-0.30|-0.22|0.88|1.30|0.76
0.21|0.70|1.07|-0.39|1.36|-0.76|-1.04|-0.27|0.42|0.73|0.00|-2.37|-0.77|1.35|-0.72|0.08|-0.44|0.36|-0.43|0.95|0.64|0.91|1.75|-1.17|-1.71|1.60|-0.64
0.82|-1.06|-0.17|-1.23|-0.65|0.55|-0.87|1.83|0.92|0.27|0.21|-0.65|0.66|-0.99|-1.09|0.42|-0.64|-1.41|1.34|-1.35|-1.37|-0.71|0.71|0.56|-1.18|0.76|-1.40
1.33|-0.33|-1.26|-0.70|0.82|0.85|1.50|-1.72|0.53|-1.61|0.85|0.23|-3.16|-0.25|-1.76|-0.83|-0.22|-1.55|0.11|0.83|1.40|-0.35|-2.18|-0.59|-0.57|0.31|-0.20
------ Dim separator ------
0.96|0.53|0.48|0.74|0.78|-0.75|1.89|0.26|0.50|1.67|-1.04|-1.21|-0.60|-0.34|0.44|-0.72|-1.03|-1.39|0.20|1.04|-0.28|0.60|0.62|-1.76|-1.88|0.28|1.44
-0.05|-0.23|-1.89|0.71|-1.27|-0.86|-0.55|-1.53|0.16|-0.61|1.39|-1.38|0.42|-0.05|-0.28|0.44|-1.04|1.50|-0.74|-0.11|0.58|0.02|0.10|-2.17|-1.27|0.79|0.78
0.75|-1.44|1.22|-0.70|-0.67|0.12|0.54|0.02|-0.27|-0.51|-0.31|-0.46|-0.28|-0.64|1.86|-1.07|-0.40|-2.31|1.69|0.60|0.64|-0.09|0.40|0.69|0.75|-0.19|0.04
-0.31|0.82|0.01|1.34|-0.85|-1.64|-0.44|0.68|0.55|-1.72|-0.56|-0.39|0.72|-1.51|-0.24|0.66|0.63|-0.93|1.52|-0.11|-0.44|0.13|-1.32|-1.27|-0.56|0.64|0.57
0.05|0.57|-1.07|0.53|-0.98|0.08|1.64|-0.85|-0.53|0.08|0.79|-0.78|-1.51|0.86|-0.77|-0.67|-1.13|1.21|-0.48|-0.26|0.25|0.44|2.05|0.24|0.91|0.15|0.64
------ Dim separator ------
0.03|-0.86|1.56|1.37|0.12|1.63|0.46|-0.11|1.58|0.41|-1.05|-1.77|0.45|-0.17|0.11|-1.44|1.46|-1.66|-1.66|-1.62|-0.59|1.21|0.60|0.40|0.57|0.67|-0.39
-0.60|1.65|1.33|-1.38|-0.68|0.15|0.33|1.73|0.89|0.24|0.15|-0.03|-0.03|0.75|-0.26|0.98|-0.89|-0.96|2.44|0.84|0.29|0.88|0.32|-0.70|2.16|1.29|-0.78
0.59|1.12|0.84|-0.91|-1.69|-1.27|-0.77|-0.04|0.37|0.42|-1.18|-0.44|1.24|0.57|0.03|-1.12|0.30|1.14|0.53|0.19|1.16|-0.52|1.11|0.93|-0.07|-1.66|-0.27
-0.40|0.35|0.97|-0.71|0.55|1.06|-0.74|1.65|0.57|1.69|0.41|-0.94|1.53|-0.66|0.87|-0.80|-0.35|1.18|1.00|-2.04|-1.24|-0.60|1.00|0.23|1.84|-0.33|-0.93
2.03|1.37|1.10|0.53|2.49|0.78|0.55|0.24|0.99|0.42|0.25|-0.69|-1.27|-0.22|-0.10|-0.71|0.22|-1.41|0.96|0.12|0.01|-0.25|0.83|0.08|-0.23|0.90|-1.37
