------ Dim separator ------
-0.18|-1.13|-1.54|-0.57|0.46|-0.53|0.48|1.36|0.01|-0.88|-0.69|1.46|-0.83|0.84|-0.93|1.27|-0.41|-0.75|-0.63|-1.18|0.59|1.12|-0.81|-0.10|-1.54|1.13|1.82
0.05|-0.15|1.99|0.43|-1.36|0.35|-0.96|0.46|-1.25|1.15|-0.86|-0.82|0.35|0.11|0.24|0.69|1.40|-0.46|-1.06|0.16|-0.21|1.63|-1.15|-1.85|1.25|1.18|-0.49
-0.88|-0.82|0.29|-0.71|2.14|-0.31|-0.05|0.89|-0.40|-0.77|0.01|0.92|0.13|-0.33|-0.22|1.15|0.85|0.95|1.69|-0.37|-1.16|0.74|-0.14|-2.53|-0.46|0.87|0.30
-0.83|-0.03|-0.23|-0.19|-0.12|-0.72|0.72|0.83|-0.85|-0.49|1.31|0.04|0.26|0.73|0.96|-0.57|0.78|-1.25|-0.04|-1.56|1.05|-0.46|-0.88|1.11|-1.38|1.23|0.93
-1.33|0.69|-0.25|-0.84|1.17|0.14|0.70|-2.21|-0.87|-1.89|0.86|-1.15|-0.82|-1.11|1.20|-0.78|-1.16|-0.31|0.32|0.06|-0.87|-0.20|1.26|0.79|-1.13|0.83|-0.46
------ Dim separator ------
0.72|-0.40|0.38|-0.19|2.08|0.57|1.07|0.25|0.90|0.02|1.23|-0.43|0.34|0.87|-0.50|0.71|0.91|-0.27|0.91|0.01|1.60|-0.64|-1.80|-1.70|-0.58|0.67|-0.63
-0.34|1.04|-0.17|-0.15|-0.55|-0.60|-1.60|-0.30|-1.96|0.35|0.18|-1.14|0.03|-1.03|0.49|-1.17|-1.28|0.15|-0.54|1.37|1.02|1.30|-1.57|-1.02|0.38|-1.64|0.39
1.41|-0.19|0.19|0.11|-1.09|-0.18|0.89|-0.28|-0.48|0.37|-0.34|-0.63|-0.95|-1.60|-0.70|-0.17|-0.79|-0.13|0.71|-2.42|-0.28|-0.22|0.43|-0.24|0.90|-0.34|-0.91
-0.53|-1.35|0.16|-0.79|-0.02|0.72|0.94|-1.26|-0.64|-0.04|-0.33|-0.89|-0.99|0.45|0.83|0.13|-0.76|-0.42|-1.53|-1.31|-2.38|-1.35|-0.21|-0.23|-1.73|0.02|0.50
0.67|-0.53|0.16|1.11|0.23|0.29|0.26|-0.66|-0.79|-1.01|0.99|0.89|-0.43|-1.02|-0.97|-0.91|-0.61|0.41|0.57|-1.58|-0.58|1.57|-0.34|-0.44|0.17|0.48|-0.48
------ Dim separator ------
-0.56|-1.55|-0.14|0.65|2.00|0.07|1.32|0.43|-1.11|1.02|-0.13|0.19|0.10|1.09|0.31|1.05|-1.09|-0.33|-0.68|1.08|0.13|0.98|-0.11|2.11|-0.48|-0.69|0.39
0.39|-1.24|-0.51|0.92|2.08|0.04|-0.92|-1.63|-0.70|0.83|-0.59|0.25|-1.91|-0.59|-1.67|-1.12|-1.52|0.66|-0.59|-0.59|-0.38|-0.45|-2.00|0.52|-0.66|-0.13|-1.12
-0.01|0.51|-0.89|1.87|-2.22|-1.97|-0.02|-0.18|0.64|-0.43|1.55|-0.75|-0.13|1.16|0.39|0.63|0.69|0.27|-0.78|1.52|-2.29|-1.20|-1.13|-1.36|-0.83|-0.33|-0.54
-0.29|0.64|-0.15|-0.93|-0.29|0.01|-0.95|1.31|-0.37|0.56|0.70|-2.15|1.23|-0.46|-0.82|0.44|1.58|-0.23|0.89|-1.39|-0.71|-0.91|1.35|0.14|-0.61|-0.18|-1.94
1.04|-0.76|0.63|0.01|-0.10|0.38|1.36|-0.31|-0.92|0.33|1.19|1.72|-0.06|-0.81|-0.65|-0.47|0.87|0.30|-0.91|-0.30|0.05|-2.58|0.03|-1.47|0.27|0.83|1.25
------ Dim separator ------
1.20|0.08|2.23|-2.33|-2.39|-1.18|0.52|-1.56|0.62|-1.24|-0.12|0.22|1.10|1.14|-0.61|-0.86|-1.84|0.05|-0.06|-1.26|-1.68|-2.86|0.48|-1.06|1.35|1.21|0.40
2.23|-0.02|0.92|0.65|0.46|1.91|-0.58|-0.37|-1.78|0.02|0.50|-0.56|0.94|-1.84|-0.39|-0.21|1.70|1.70|-1.00|0.57|-0.64|-1.60|0.15|-0.42|0.01|0.74|0.02
-1.24|-0.90|0.52|-0.30|-1.67|-0.32|-0.32|-2.28|0.11|-1.32|-0.84|0.06|-0.06|1.54|0.33|1.12|-1.00|-0.44|0.52|1.69|0.56|0.31|-0.11|0.45|-0.06|-0.03|1.37
-0.04|-0.43|0.68|-2.09|-0.78|-0.06|1.01|0.33|0.12|0.22|-0.41|0.31|-0.71|-1.00|0.31|0.17|-1.35|-0.89|0.78|-0.04|-0.74|0.21|-0.77|-0.93|0.87|0.59|0.49
0.80|-0.35|0.65|1.03|0.13|-0.07|1.99|0.69|0.15|-0.38|0.65|0.08|-0.88|-0.23|-0.39|-1.48|0.77|0.41|-0.45|0.09|-0.16|0.95|1.05|-0.11|0.67|-1.99|-1.01
------ Dim separator ------
0.06|-0.47|-0.24|-0.47|-0.20|-0.34|0.15|1.42|-0.67|0.50|-0.88|0.13|-0.67|1.18|-2.10|-0.48|0.74|0.72|2.43|1.95|-0.48|0.02|1.33|1.27|-0.67|-2.12|1.37
0.27|-0.62|0.83|0.25|-1.31|-0.41|-0.68|0.46|1.13|1.51|-0.17|0.63|0.84|1.70|0.73|1.82|0.36|-0.45|2.08|-0.14|0.65|-1.23|-0.97|2.51|-0.04|-0.79|-0.67
0.36|-0.05|0.40|1.95|0.08|-0.98|-1.40|0.85|-0.76|1.02|-0.39|-0.99|-2.00|-1.50|1.32|-0.76|0.06|-0.16|-0.01|0.24|0.50|-0.76|-0.03|-0.39|-2.37|-0.64|-0.24
-0.89|-0.61|-0.50|-0.18|-1.00|0.29|-0.14|-0.41|1.15|1.44|-0.70|0.97|0.47|1.27|-0.07|-0.08|1.89|-0.68|0.90|1.42|1.31|0.15|1.42|-0.74|0.64|-1.52|-1.23
1.17|0.03|-1.16|1.24|1.01|-1.05|-1.48|-0.30|0.44|-0.99|-0.94|-1.07|0.32|-0.46|-0.67|-1.42|0.10|0.37|-0.94|0.38|0.90|-0.33|-1.58|0.83|0.21|0.12|0.74
