------ Dim separator ------
0.42|0.70|-0.26|-0.81|-0.21|0.42|-0.16|0.19|1.86|-0.12|1.34|0.92|-0.39|-0.42|0.93|-1.77|1.06|-0.63|2.27|-0.49|1.30|1.62|1.00|-0.48|0.82|0.00|-0.14
-1.99|-0.21|-0.32|-0.33|-0.31|0.03|1.78|0.96|-1.27|-0.34|0.81|-0.16|0.55|1.16|-1.08|0.30|0.45|-0.08|0.26|0.16|0.96|-0.74|0.30|-1.34|-0.69|0.39|-1.49
-2.83|-1.04|-1.10|1.44|-0.96|-1.24|-2.24|0.57|0.18|-0.97|-0.27|-0.67|-0.53|-1.80|-0.84|-0.55|-0.18|-0.97|0.94|-0.07|-1.02|-0.34|-0.03|0.06|0.16|-0.82|0.44
0.22|0.61|0.99|-0.69|0.73|-0.01|0.67|-0.69|-0.01|0.75|0.19|-1.65|0.13|-0.84|0.58|1.15|0.29|0.46|1.34|0.46|-0.33|0.28|-0.96|0.56|0.48|1.12|-0.66
-0.13|-1.79|0.67|1.02|-0.73|1.02|0.54|-0.86|1.91|-1.31|0.62|0.89|0.28|0.52|-0.74|-0.21|0.81|1.75|0.78|0.59|-1.24|-0.57|1.08|0.99|0.50|-0.39|-1.08
------ Dim separator ------
-1.07|-0.04|-0.65|-0.68|0.68|-0.09|-1.15|0.70|0.14|0.10|1.47|-1.86|0.26|-0.65|1.10|1.62|0.49|-1.92|-1.10|-0.79|-0.29|-0.75|-0.02|-0.56|0.38|0.34|-0.50
1.50|0.04|0.90|-0.64|0.52|0.27|-0.98|0.18|-0.02|0.73|0.19|0.88|-1.26|0.66|0.01|-2.36|-1.09|-0.62|-0.09|-0.82|1.04|-0.46|-1.17|-2.07|-0.89|-0.36|0.62
-0.55|0.52|-0.97|-0.94|-0.39|0.05|0.56|-0.98|0.45|0.58|-0.79|0.45|-0.49|-0.25|-1.53|1.03|-0.63|0.91|0.84|2.26|0.09|-0.71|-0.05|-1.22|0.34|-1.07|0.10
-1.35|0.90|-1.70|0.79|0.57|-0.86|0.18|0.28|-0.50|-1.27|-0.41|1.86|-1.49|0.64|-0.58|-0.87|0.24|-1.64|-0.32|0.52|1.21|0.90|-0.27|1.82|-0.73|1.59|1.56
0.22|0.54|-0.12|-1.01|0.48|-0.14|0.21|0.20|0.15|0.00|-0.84|0.64|-1.23|0.29|-0.02|-0.45|-0.76|-0.46|0.27|0.43|-0.61|1.52|1.50|-0.51|-1.39|-0.82|-1.27
------ Dim separator ------
0.29|0.34|0.45|-0.71|-0.35|-0.41|-0.57|1.36|0.82|-0.01|2.05|-1.61|-0.12|1.91|-1.13|1.55|1.46|0.16|1.22|-1.67|1.04|-0.73|0.83|-0.72|0.80|-0.40|0.55
-0.07|0.31|1.62|-0.35|0.45|-1.56|1.05|0.45|-1.66|1.47|0.59|-1.40|1.08|-0.71|-1.59|0.58|0.66|-1.71|-1.64|-0.57|-1.68|0.22|-0.81|-1.08|-0.28|0.44|-1.43
-0.41|0.23|-0.24|1.18|0.55|-0.49|1.28|-0.48|-0.26|0.68|-0.27|0.23|1.46|1.04|0.98|-1.66|-0.70|0.93|0.22|-0.65|0.44|-1.13|0.16|0.26|-0.48|0.30|1.15
-1.23|-0.61|0.41|-1.02|-0.05|-0.88|1.71|-1.32|-0.31|-0.62|-1.01|-1.29|-0.50|-0.20|-1.68|-0.30|-0.06|-0.20|-1.62|0.12|0.75|0.07|0.49|1.78|-0.87|-0.78|0.02
0.00|1.24|0.14|2.48|-1.85|-0.80|0.65|0.13|-0.56|-0.89|0.90|0.40|1.25|-0.79|-0.12|1.06|0.76|1.90|0.81|1.08|-0.31|0.14|1.01|-0.33|1.94|0.88|-0.06
------ Dim separator ------
-0.13|1.08|-0.51|0.14|-1.28|-0.57|-1.24|0.25|2.30|0.28|0.16|0.52|0.79|0.38|-0.51|-0.46|0.28|0.95|-1.02|0.64|-0.72|-0.89|-0.82|-1.17|1.80|-0.76|-0.30
-1.41|1.90|-1.08|0.25|-0.25|1.63|1.61|0.35|0.70|2.25|-1.02|0.02|-1.31|0.44|-1.15|0.81|0.80|0.23|0.74|0.14|0.08|0.68|0.59|-0.04|0.46|-0.12|-0.13
-0.42|-1.57|0.49|0.65|1.30|-2.23|-1.86|0.56|1.18|-1.15|0.92|-0.63|-0.17|0.58|-0.07|0.34|0.87|0.73|1.62|-0.93|-1.42|0.25|-0.76|0.14|0.40|0.64|-0.92
-1.15|1.24|0.37|-0.57|-0.31|0.83|-0.22|0.14|-0.20|0.26|-0.44|-1.58|0.70|1.07|0.44|0.40|-0.17|0.18|-1.28|-0.10|-0.04|2.08|1.69|1.85|0.04|-1.10|-0.11
-0.28|-0.00|-0.59|-0.59|1.58|1.76|-0.02|-1.27|0.44|0.19|-0.62|0.28|0.69|-0.68|1.11|-0.18|-0.50|-1.47|1.37|-1.57|-0.69|-0.51|-1.55|0.58|-0.47|-0.35|-0.04
------ Dim separator ------
0.52|0.83|0.88|-0.59|0.03|-0.16|-0.93|-0.07|-0.33|-1.96|0.08|0.35|-0.89|-0.80|-0.64|-0.56|-1.96|-0.90|2.07|-0.25|0.35|-0.41|1.21|0.77|0.50|0.81|0.45
1.85|-1.63|-1.31|0.81|1.38|1.26|-0.96|2.10|0.38|-0.36|-0.44|-0.91|1.47|0.99|-1.02|-0.53|0.05|0.35|-0.06|-0.71|-0.90|0.43|-1.51|-0.45|-0.04|-2.51|0.75
0.33|1.11|0.21|0.66|-0.29|-0.67|-0.56|-0.36|-1.55|-1.13|-0.49|-0.52|1.36|0.01|-0.40|0.19|0.17|-0.65|-1.09|1.68|-0.00|0.22|-0.12|-0.11|0.47|-0.37|-0.09
-0.77|-0.08|0.41|2.34|2.49|1.85|1.21|-1.54|-1.16|-1.14|0.19|-0.51|-0.68|0.08|-1.01|0.68|-0.68|-0.16|-0.07|-0.43|0.06|0.25|1.36|-0.22|-0.10|-0.98|0.66
-1.48|-2.01|0.58|1.40|-0.72|0.45|0.43|-0.79|-1.21|-0.93|0.73|-0.46|0.47|0.74|0.36|0.86|0.57|2.46|1.38|-1.66|-1.00|1.78|0.09|-0.98|-0.25|-2.20|0.10
