------ Dim separator ------
1.52|1.48|-0.57|3.91|-1.02|1.94|-3.40|-4.09|0.06|1.46|1.48|-2.69|-1.59|-1.56|2.20|0.56|0.06|1.84|-0.11|3.80|-2.84|0.22|-1.00|-1.68|0.23|-0.56|0.11
2.72|-2.45|-0.37|-1.98|3.22|-2.05|1.46|-0.69|2.58|3.32|1.78|-0.73|-1.05|2.53|-3.36|0.19|-0.79|-2.34|-1.96|-1.59|1.94|1.80|2.16|2.77|-3.00|2.58|0.81
1.98|2.21|2.95|2.11|-1.83|-1.14|-0.80|0.05|3.02|0.84|3.51|0.99|0.62|-0.87|-2.07|-1.31|0.85|0.85|-3.02|2.32|1.20|-0.40|-1.13|1.90|-1.54|2.79|-1.09
2.78|-1.79|2.79|1.57|2.66|1.23|1.56|2.44|-2.02|0.31|-2.01|0.31|0.17|0.28|-2.02|-3.31|2.47|0.24|1.35|1.61|-0.39|0.52|3.07|1.30|0.12|-1.67|1.74
-0.13|2.91|2.37|1.27|-3.26|1.93|2.81|-0.56|0.09|-1.53|-2.16|-1.27|-0.48|0.72|-1.51|0.07|1.00|0.45|0.91|0.15|-2.60|-2.64|-3.44|-0.99|-0.11|-0.29|-1.05
------ Dim separator ------
1.01|2.31|-0.15|-0.58|-0.81|3.17|0.37|-1.22|-0.47|-0.00|-0.58|-0.98|-3.04|3.38|1.92|0.01|0.15|0.90|0.05|0.44|-2.36|2.16|1.40|2.46|0.88|2.43|-2.39
0.32|-4.05|-2.76|0.83|0.52|0.63|-1.17|-0.79|0.14|1.42|3.32|0.35|-2.78|1.94|-0.97|0.33|-3.04|3.02|1.34|2.16|-2.43|1.96|1.03|0.80|-0.76|1.43|-0.92
-3.01|-1.42|-0.92|2.28|-0.80|-0.39|-1.25|-1.31|3.01|0.57|-0.89|-0.27|-2.10|1.14|-0.36|-0.39|0.35|-1.80|0.80|-1.53|-0.86|-1.90|-3.18|-1.64|2.34|1.58|2.99
4.30|2.28|-2.85|-1.98|-2.41|2.57|-0.43|3.27|0.70|2.08|0.19|-2.52|-0.11|-1.09|-0.73|-3.22|0.27|0.94|1.44|-0.92|-1.01|1.92|-2.41|1.24|1.14|-0.52|-3.54
-0.25|-2.33|1.87|-0.50|-2.59|-0.62|-3.38|0.98|-2.71|2.98|0.65|-1.88|-3.41|-0.01|1.28|3.43|-0.21|2.69|2.40|1.35|1.60|2.39|-1.63|1.15|1.39|1.91|1.65
------ Dim separator ------
-0.75|0.80|-3.34|0.61|2.40|-3.09|-1.14|0.99|0.16|-2.70|-2.26|-1.16|-0.47|0.19|-0.90|2.00|-1.06|-0.22|0.96|-1.75|-0.25|0.96|-2.63|-1.43|-3.14|-1.07|-1.65
-2.48|-0.14|2.63|0.55|1.09|-1.74|0.37|0.76|0.10|-1.98|-3.05|-1.49|2.89|1.38|-1.65|2.74|1.24|0.21|1.53|1.99|-1.82|0.73|2.21|1.41|0.73|-1.79|-1.52
0.90|2.21|-1.60|-2.58|-1.41|1.05|2.32|2.20|-1.18|-1.37|-0.38|0.10|-0.33|-0.11|-3.64|0.70|-1.65|1.00|2.66|0.99|-0.07|-0.01|2.62|-1.10|-2.28|0.04|1.91
-0.30|3.01|-2.85|0.66|1.24|-1.70|0.91|-1.66|0.20|0.37|-0.83|0.53|-0.64|-0.80|3.71|-3.18|-1.60|2.40|-1.65|2.55|2.81|0.37|0.01|-0.94|1.10|-1.05|-0.43
-3.14|2.00|0.09|0.57|1.88|-2.17|-0.67|0.98|0.98|2.22|-2.87|-0.33|1.19|-1.02|-0.38|1.69|-4.36|-0.67|-0.67|-3.19|-1.61|-0.89|1.22|-1.33|1.00|1.82|-2.46
------ Dim separator ------
2.22|-4.14|-1.05|0.23|-0.34|2.88|-0.51|2.25|-0.65|2.45|-1.42|0.14|-0.99|-2.87|-1.58|-0.66|0.26|0.06|-1.63|1.58|1.17|1.89|-2.56|0.86|-1.66|-0.64|0.37
0.83|-1.87|0.04|1.73|-2.52|-1.79|0.13|0.09|-1.78|-2.81|1.34|1.71|-0.02|3.16|2.49|0.11|0.56|-1.02|-0.50|-0.52|-0.12|-1.89|0.43|3.67|-1.59|-1.26|4.12
-1.08|0.44|-2.46|-2.95|1.30|0.01|-2.90|0.61|3.48|4.05|-2.49|-1.03|0.95|-1.00|-0.58|-1.83|-0.72|-1.00|-1.04|-0.53|1.88|3.08|-1.22|-1.38|2.35|-4.12|-0.89
-0.28|0.26|-0.12|-2.46|2.25|1.72|-1.53|-3.32|-2.91|-3.16|-1.85|-2.50|2.48|2.30|-1.67|1.44|1.58|2.08|-2.17|0.43|2.58|-0.70|-0.91|-1.93|-1.09|-2.49|0.24
0.29|-3.19|0.90|0.79|-1.46|0.06|0.51|-1.07|1.57|-2.28|-3.17|-1.52|-0.00|-1.50|-2.07|3.19|-1.08|2.69|-1.80|-0.38|-1.44|0.59|-1.57|2.91|-2.45|1.19|1.90
------ Dim separator ------
-3.83|-1.72|-2.11|-0.64|-3.90|-1.58|1.87|-0.42|-0.35|2.07|1.37|-3.22|0.89|-0.02|-0.18|-0.26|0.17|0.49|1.77|0.28|2.67|-1.26|1.57|1.84|-0.29|-0.79|-3.75
-0.56|-1.76|0.38|0.10|-1.62|-0.86|3.10|-1.10|-1.53|-0.20|3.59|-1.66|0.72|-0.97|-2.46|-1.22|-1.24|-1.62|-1.87|2.13|2.06|-1.16|-1.26|-2.17|0.95|1.55|0.33
0.98|-0.28|-2.07|-2.70|0.50|1.56|1.08|1.63|2.27|-2.00|2.75|3.02|-1.20|0.98|-0.59|3.41|2.72|-3.19|0.05|0.83|-1.58|2.26|3.79|-3.39|0.61|0.26|-3.65
2.46|-0.14|-3.39|-0.50|-1.26|-2.13|2.86|3.05|3.35|-0.32|-1.40|1.02|0.06|1.84|-0.91|1.84|-0.09|-1.14|-0.62|1.78|-1.83|4.15|-0.14|-0.13|-1.21|2.92|-1.15
-2.29|1.17|-0.92|-0.15|-1.04|0.61|1.44|2.52|-1.02|0.68|0.34|3.29|-1.78|1.70|-1.29|0.73|-0.26|1.12|-1.82|2.90|-2.42|-0.44|2.00|-3.03|-0.76|1.46|1.87
