------ Dim separator ------
0.42|1.05|2.43|0.30|0.81|0.24|-0.60|-0.55|-1.21|-0.27|-1.58|1.19|1.53|-0.06|0.33|-0.93|0.25|2.51|-0.49|0.41|-1.36|-1.35|-1.00|-1.03|0.22|-1.53|-0.86
0.30|-1.83|-2.19|0.06|0.73|-1.61|0.27|1.63|0.21|0.10|0.99|-1.11|-0.22|1.72|-0.59|0.44|-2.04|0.76|-0.72|-0.52|-0.26|1.01|-0.46|-0.50|-1.31|0.34|-1.73
0.55|0.80|1.07|1.26|-0.77|1.22|-1.11|1.50|-1.68|0.73|1.33|0.59|0.78|2.28|0.90|-0.41|1.44|2.58|-0.24|2.20|1.33|-0.04|-1.52|-0.43|-0.29|-1.27|-0.24
2.31|0.67|1.27|-0.06|-1.49|-1.81|0.80|-0.73|-0.25|1.64|-2.13|0.41|1.69|-1.48|-1.13|0.77|0.08|0.06|0.91|0.34|-2.18|-2.61|1.73|1.38|0.37|-0.36|-1.40
0.91|0.99|2.14|-1.02|-1.37|-0.12|0.21|0.40|-1.49|-0.06|0.85|1.67|-1.68|1.00|-0.23|-0.85|1.68|1.38|2.31|1.80|-0.45|-0.49|0.84|0.10|-1.83|-0.58|1.12
------ Dim separator ------
0.38|0.45|0.14|0.79|-2.31|-0.16|-1.27|0.50|-1.07|0.77|-0.87|-0.17|-1.47|-0.25|1.11|0.67|-0.75|0.03|-0.48|-0.40|-0.53|-0.02|-0.71|1.15|-0.63|1.32|-1.07
1.41|-1.02|-2.41|-2.04|2.62|0.61|0.17|-1.38|-0.46|1.64|-1.55|1.27|-1.73|0.18|-1.88|-1.15|-1.20|1.01|-1.25|-0.37|-0.98|-0.25|0.81|-1.22|-0.20|1.54|0.05
-1.09|0.63|0.43|0.92|-0.35|1.81|-1.85|-0.51|0.77|1.71|-2.46|0.66|-0.27|1.91|-0.33|-1.33|-0.59|-1.25|0.81|0.05|2.41|-1.13|-0.35|1.38|0.52|0.91|1.06
1.02|0.16|-0.32|-1.84|-1.55|0.81|0.93|-0.51|-1.05|-1.91|-0.12|0.66|-1.00|0.77|-0.66|-2.57|-1.82|-1.61|-1.43|-1.12|-0.06|0.21|0.47|0.22|0.85|1.07|-0.36
-0.10|-0.97|0.35|-1.01|-1.59|-1.37|1.13|0.93|0.12|-1.21|-0.15|-1.60|-0.61|0.85|-0.28|-0.78|-1.41|0.60|0.45|0.54|-0.63|-0.71|0.74|0.36|2.25|-1.04|-1.04
------ Dim separator ------
-0.33|2.16|-0.26|-0.97|0.68|-0.67|-0.29|0.41|1.94|0.41|-0.34|-0.23|2.25|2.36|0.00|-1.20|1.06|0.84|-0.69|0.76|0.37|0.95|0.29|-1.64|-1.07|-0.85|-1.58
-1.15|-1.75|-0.25|-0.12|-1.09|-1.12|-0.68|2.43|-0.63|-1.06|0.07|-1.28|0.34|2.22|-0.21|2.41|-1.49|0.17|2.54|0.81|0.77|0.79|-1.35|0.77|0.11|-1.03|-1.06
-2.15|0.14|0.11|1.55|-1.25|1.22|0.42|1.79|-1.56|-1.13|0.30|1.24|0.92|-1.95|1.35|0.11|-1.28|0.38|-0.54|-2.13|-0.72|0.29|1.32|-0.58|-0.17|1.54|-0.30
0.49|0.51|0.52|0.29|2.56|-0.03|0.71|-0.50|1.83|0.47|-2.04|0.23|0.20|0.65|1.80|0.66|-1.14|0.05|1.06|0.96|0.38|2.35|-0.29|-0.28|-0.07|-2.10|1.06
0.65|2.03|0.40|1.80|0.19|-1.92|-0.28|0.32|1.01|0.77|-0.44|0.66|0.46|-0.46|-1.22|0.85|0.61|0.16|0.22|-1.14|-0.69|-0.99|0.68|1.24|-1.90|1.54|-1.23
------ Dim separator ------
0.52|-0.75|-1.71|0.38|-0.76|-0.25|-1.77|-0.27|-0.14|-0.03|1.33|0.53|0.86|1.03|-0.09|-0.59|0.42|0.52|0.79|1.50|0.64|-0.23|-1.06|1.02|-0.76|-0.32|-2.06
1.20|-1.07|1.10|0.18|0.83|0.91|-1.76|1.40|-0.18|-1.06|-0.67|1.11|-0.72|0.33|0.03|0.41|0.09|-0.97|-1.18|1.60|-0.47|-0.75|0.58|0.51|0.65|-0.26|0.93
-1.20|-0.16|0.08|-1.83|0.20|-1.02|-0.24|0.98|0.71|0.62|-0.19|0.04|0.06|-1.11|-0.25|-0.53|-0.06|1.50|-0.46|0.96|-1.42|1.19|-0.35|0.36|1.06|-0.93|-2.72
-0.15|-1.20|-0.87|0.02|0.04|2.03|-0.60|-1.26|-1.78|-0.21|0.22|0.16|1.38|-0.49|0.47|0.12|0.78|0.52|1.71|-0.62|1.30|-0.24|-1.10|-0.14|0.06|-1.78|1.68
-1.04|0.35|-0.86|0.89|0.42|0.37|1.65|-0.20|-0.49|1.43|-1.63|0.17|-1.12|0.05|-0.35|0.70|1.04|0.02|0.75|-0.38|0.89|-1.18|1.58|0.08|-1.27|1.47|0.97
------ Dim separator ------
0.56|-1.46|-1.15|-1.28|-1.53|-0.83|1.18|-1.93|0.61|-0.21|2.16|-0.75|-1.45|1.01|0.99|0.16|0.28|0.08|-1.09|0.66|1.78|-0.07|-0.22|-0.91|-2.72|1.18|-1.11
0.14|-0.31|-0.18|-1.61|1.07|-1.42|-0.14|0.22|-0.68|-0.57|0.09|-0.21|1.17|-2.09|1.54|-1.51|-1.99|-0.71|-0.45|-0.43|-0.45|-0.76|-1.97|-0.99|-1.68|-1.19|0.74
0.19|-1.48|-1.34|0.49|-2.57|1.50|-0.07|0.84|-0.02|-0.58|1.90|-1.15|1.08|-0.72|-1.16|1.54|2.58|-1.17|-1.88|0.88|-0.35|1.01|0.98|-0.21|2.31|1.59|-0.08
1.13|1.20|-0.46|0.88|0.29|0.87|2.43|0.71|-1.00|0.03|0.68|-1.23|1.31|-0.42|-0.46|1.33|0.04|-1.58|0.89|-0.27|-0.72|-0.25|0.81|0.89|-0.36|1.51|-0.28
-1.20|0.02|0.87|0.07|0.07|-0.42|0.67|0.29|0.17|-0.97|-1.38|0.31|-2.16|-0.14|-1.38|-0.04|-0.97|0.14|1.46|2.59|-0.81|0.06|-0.28|-0.12|1.69|-2.45|0.19
