------ Dim separator ------
-0.52|1.03|0.30|-1.42|-0.16|0.12|0.76|0.22|-0.85|-1.18|0.36|-0.35|0.66|1.61|-2.20|-0.12|-1.02|-0.28|1.44|-0.87|0.45|1.62|0.99|0.88|-0.08|-1.63|-0.77
0.75|-0.29|0.80|0.14|-0.11|0.18|-0.79|-1.84|1.09|0.79|-0.53|0.45|0.49|-1.56|0.17|-0.94|1.32|-1.39|-0.87|-0.28|-0.44|-0.96|0.21|0.09|-0.21|-0.41|1.05
-0.57|-1.02|0.45|-0.38|-0.56|-0.50|0.96|0.66|1.36|-1.10|0.29|-1.00|0.17|0.93|0.33|0.27|-1.37|-0.62|0.20|-0.79|0.41|-0.23|0.03|-0.66|-1.19|-0.80|-0.43
-0.34|-0.25|0.41|-1.23|0.76|1.02|1.77|1.05|0.80|-0.13|-1.12|-0.24|0.74|1.95|0.14|-1.96|0.82|0.14|-1.86|-1.13|0.53|-0.34|-0.30|0.33|-1.86|0.84|1.96
0.39|-1.30|-0.45|0.27|1.17|-0.56|-0.39|-0.04|0.00|0.39|0.27|1.32|1.04|-0.37|0.84|-0.03|-0.81|-0.03|0.52|0.48|-0.03|-0.31|-0.06|-1.74|0.36|-1.14|0.43
------ Dim separator ------
-2.24|-1.15|0.58|0.37|0.33|0.72|-0.76|0.08|-0.04|1.28|0.78|1.69|0.96|0.87|0.70|-0.08|-0.13|0.03|-0.27|1.66|0.44|0.57|1.00|-0.52|-0.31|-0.56|-0.41
1.71|-0.24|-0.09|-1.20|-0.19|0.02|-1.17|0.99|-0.75|0.09|0.40|-1.34|1.17|-0.15|1.59|1.24|0.33|-1.05|1.26|0.42|0.57|-0.16|0.31|0.03|0.72|-0.66|-0.64
-0.39|0.04|-0.28|0.56|-0.18|0.91|1.19|0.14|-0.75|-0.28|0.91|-0.96|0.88|-0.47|-0.04|-1.00|0.97|-0.19|-0.71|0.61|0.10|0.21|0.53|-1.64|1.11|0.73|-0.31
-0.20|-0.28|-0.17|0.68|0.14|0.18|-0.56|-0.32|0.66|0.04|0.09|-1.26|0.16|-1.30|0.53|1.67|-0.29|0.42|-0.22|-1.12|-0.09|-1.56|-0.19|-1.98|-0.52|-0.59|-0.49
0.36|-0.52|1.24|-0.30|-0.06|1.05|-0.25|-0.73|1.08|0.42|-0.71|-0.57|-0.53|0.98|-1.21|0.08|-0.48|0.73|-0.24|-0.05|-0.74|-0.41|0.39|-0.39|0.54|0.11|1.20
------ Dim separator ------
-1.56|0.39|0.67|-0.75|0.67|-0.56|1.09|-1.08|-0.93|0.18|0.42|-0.80|0.08|0.27|0.88|0.43|-0.14|0.42|0.37|0.74|1.08|-0.04|0.31|-0.73|0.01|1.59|0.47
-0.42|0.14|-0.98|0.22|0.19|1.41|-0.38|-1.13|0.79|1.04|-0.55|-0.04|-1.08|-0.11|-0.48|-0.88|0.76|1.46|-0.65|-0.16|-0.94|-1.24|-0.92|-0.10|-0.46|-0.85|-0.15
0.58|0.36|-0.62|0.26|0.79|-0.87|-0.26|1.04|0.46|0.67|1.56|-1.24|0.47|-0.88|0.34|0.44|0.23|2.50|0.55|0.51|-1.46|-0.85|-0.48|0.65|-0.16|0.78|-0.91
2.06|1.65|0.42|0.58|0.31|0.56|-0.95|0.69|0.39|-0.30|-0.21|-0.04|1.08|-1.18|0.16|-0.52|-0.32|-0.16|-0.43|1.02|-1.41|0.02|-0.65|-0.19|-0.07|0.63|0.75
0.16|-1.13|-0.16|-1.23|-0.12|-0.68|-0.36|-0.27|-0.03|-0.93|-0.86|0.48|1.18|1.51|-0.30|0.59|0.86|-1.07|0.34|0.51|0.18|-1.61|-0.30|-0.30|-0.19|1.29|0.29
------ Dim separator ------
1.35|0.93|0.14|0.10|-0.75|0.02|0.08|0.58|-0.86|0.89|-0.78|0.71|0.64|-1.26|0.24|-0.54|-1.53|0.71|-0.08|-1.55|-0.33|1.01|-0.68|1.44|0.10|-0.43|-0.42
-0.21|-0.99|0.65|0.25|0.20|0.17|0.81|-0.66|-0.02|-0.05|-0.81|-1.27|1.71|0.43|0.49|0.08|-0.87|0.44|0.92|-0.57|-0.55|0.89|-0.16|-0.93|-0.56|0.31|-0.53
0.10|-0.00|0.06|1.14|-0.42|-0.24|0.71|0.01|-0.25|-0.19|0.36|0.77|0.76|-0.22|-1.14|0.25|1.43|-0.67|-1.37|-1.03|0.31|-0.13|0.30|0.77|-0.60|1.15|0.84
0.22|0.69|0.28|0.99|-1.34|-0.78|1.10|0.60|1.43|0.06|0.89|-0.43|-2.16|-1.14|0.51|0.63|1.77|-1.28|1.52|0.76|-0.32|0.20|0.76|-0.97|0.24|1.32|-1.34
1.36|1.41|0.76|1.28|-1.08|-2.14|-2.12|-2.04|0.41|0.28|0.52|0.67|-1.59|-0.45|-0.27|0.22|-0.93|-0.03|0.19|1.71|-0.26|0.62|-0.55|-0.25|0.90|-2.31|-0.32
------ Dim separator ------
0.55|0.38|0.39|0.45|-0.20|-0.57|2.12|-0.54|-0.13|0.29|-0.53|-0.09|-0.59|-0.81|-0.73|1.37|0.08|0.89|-0.04|-0.52|-0.67|-0.31|-0.07|0.09|0.79|-0.92|-1.13
-0.82|0.61|-0.61|0.61|0.56|-2.10|0.76|-0.44|-1.14|-0.53|-1.14|0.37|-0.95|-0.21|-0.58|0.11|-0.01|0.90|0.49|0.74|-0.58|-0.63|0.16|-0.51|0.85|0.74|-0.74
-0.18|1.03|0.40|0.13|0.45|-1.22|0.34|-0.67|0.60|0.48|0.65|-1.25|-0.94|0.30|-0.73|-0.74|0.86|1.25|-1.16|0.23|-1.16|-1.31|-0.48|0.29|-1.08|-0.11|0.54
-1.18|0.01|-0.87|-0.94|-0.86|-0.08|-0.03|-0.65|0.76|0.72|-0.56|-0.26|0.16|-0.86|0.91|-0.73|-0.34|-0.46|-0.39|-0.42|-0.64|-0.41|0.17|0.07|-0.19|0.01|-1.54
0.32|0.14|0.06|-1.12|1.12|1.45|0.12|-0.64|0.02|-0.70|1.06|0.35|-0.89|1.61|0.37|-0.78|-0.42|0.16|-0.23|-0.96|0.99|-0.94|-0.42|-0.12|0.43|0.41|-1.20
