------ Dim separator ------
0.13|-1.07|-0.46|0.48|0.76|-0.25|-0.47|0.82|-0.65|1.50|-0.73|-0.08|-0.38|-0.99|-0.88|0.92|-0.33|0.02|-0.86|0.62|0.43|0.40|-0.36|0.81|0.04|-0.19|0.36
1.11|0.10|1.61|-0.34|0.82|-1.13|-0.58|-1.37|0.10|-0.86|0.43|-0.59|0.04|-1.12|1.61|-1.06|0.09|0.20|1.74|-1.86|-0.21|-1.04|0.14|-0.94|-0.12|-0.48|0.45
0.71|0.46|-1.51|-2.39|0.61|-0.47|1.30|0.27|1.29|-0.77|0.40|1.76|1.99|-0.54|0.64|0.85|0.03|-1.31|0.65|-1.63|1.82|0.78|-0.31|0.13|0.42|-2.74|0.44
-0.50|0.62|0.09|-0.10|-1.38|-0.26|-0.87|0.68|0.48|0.09|0.13|0.85|-1.61|0.03|0.96|1.64|0.36|0.11|0.54|0.36|-0.43|0.92|0.30|-0.02|0.88|1.37|-0.64
0.11|0.28|0.52|-1.84|1.28|-1.03|-1.12|-1.31|-0.46|0.75|0.22|1.66|0.15|-0.53|0.06|-0.24|-0.33|-0.07|-1.10|-0.22|1.93|0.54|-1.28|0.20|-0.29|-1.42|0.95
------ Dim separator ------
0.15|0.51|-0.76|0.51|-1.12|-0.85|-0.64|-0.49|0.86|-0.26|0.21|0.50|-0.12|0.82|0.35|-0.32|-1.37|0.72|-1.15|0.17|1.20|-0.77|0.84|-0.46|-1.10|-0.14|0.61
-0.57|1.78|-0.70|1.50|-0.93|0.14|0.61|-0.36|-0.15|-2.24|-0.80|0.08|-0.65|0.45|-0.45|0.15|-0.59|-1.90|-0.30|-0.76|0.62|0.95|0.86|0.84|1.15|0.17|-1.46
-0.71|-0.44|1.82|-0.09|-0.81|-1.24|0.80|1.16|-0.25|0.99|1.24|0.05|-0.76|0.98|0.76|-1.14|-1.35|-0.29|-1.78|0.17|-0.49|0.46|-0.61|0.41|0.27|-1.56|0.74
0.78|0.97|1.07|1.27|1.43|-0.89|0.27|-0.64|-0.03|0.78|-0.69|-0.27|-1.38|-1.28|0.28|0.11|0.79|0.42|-0.42|-0.85|0.59|-0.74|0.55|-0.66|-1.19|1.38|-0.04
-0.63|0.32|1.02|-1.52|0.64|1.88|0.46|1.07|1.38|0.13|0.59|1.11|1.84|-0.58|-0.25|0.63|-0.12|-2.27|-0.35|-0.39|-1.64|-0.97|1.24|-0.91|-0.10|-0.66|1.28
------ Dim separator ------
0.60|0.09|-0.62|1.18|-0.22|1.16|-0.14|0.52|0.43|1.52|0.69|-0.15|0.46|0.23|-0.26|0.83|-0.71|-0.52|0.31|1.29|0.26|0.61|0.25|0.30|0.21|-0.21|-0.41
1.27|1.02|0.39|-0.84|-0.40|1.53|0.64|0.60|0.64|1.88|-0.80|0.51|0.25|0.80|-0.91|0.48|0.62|-0.22|-0.46|0.18|-0.85|-0.27|-0.03|0.40|1.20|0.11|0.99
-0.06|-0.76|1.23|-0.73|1.85|-0.71|-2.34|-0.05|0.00|0.09|-0.11|-0.15|-0.50|0.57|-0.25|-3.03|-2.90|-0.13|-1.74|-0.49|-0.00|1.43|0.94|0.04|1.84|1.68|-1.58
0.37|0.53|-0.24|0.13|-0.63|0.46|-1.09|0.13|0.87|0.87|0.20|1.17|0.92|1.42|-0.70|-0.53|0.70|-0.96|1.36|-1.50|-0.41|0.86|-0.35|-0.79|-0.19|-0.13|-1.00
0.92|-1.49|0.96|0.95|0.71|0.91|-0.56|-0.77|0.50|-1.97|0.83|1.26|1.91|0.86|-0.22|-1.07|0.91|0.18|0.53|0.51|0.82|-0.30|-1.58|1.07|-0.06|-1.13|0.37
------ Dim separator ------
-0.73|-0.06|1.18|1.44|-1.84|0.36|-0.40|0.25|-1.66|-0.15|0.55|-0.68|-1.65|0.25|0.17|-0.65|0.09|0.04|0.19|-0.05|0.29|0.44|0.97|-0.02|-0.93|0.17|-0.48
1.31|-0.44|0.63|0.00|-1.27|0.63|0.18|-0.75|-0.02|0.73|-0.25|-1.02|-0.65|-0.07|-0.21|-0.28|0.06|0.07|-1.43|0.35|0.65|-0.51|-1.40|-1.57|0.83|1.02|0.25
-1.00|-0.58|-0.41|-0.48|-1.79|0.79|0.47|1.68|-0.66|-0.13|-0.59|-0.48|-0.55|-0.89|0.48|0.81|0.10|-1.42|1.06|1.11|1.05|0.39|-0.86|-1.22|-1.03|0.19|0.02
1.33|-0.20|0.54|1.04|-0.64|1.57|1.79|0.80|0.32|-0.16|-2.61|0.35|-1.38|0.37|0.69|1.99|-0.21|-0.89|0.13|0.02|-1.15|-1.22|0.52|-0.75|-1.24|1.48|0.23
0.78|1.23|1.45|0.23|-2.13|0.18|1.30|-0.54|0.09|0.18|0.42|1.23|1.30|0.95|0.33|-0.67|1.54|0.95|-0.43|0.13|-0.48|0.55|-1.39|-1.31|1.70|0.93|0.11
------ Dim separator ------
0.48|-0.70|0.37|0.45|-0.29|1.06|1.60|1.23|0.06|-1.70|-0.36|-0.57|1.99|1.54|0.99|-0.44|0.01|-0.62|0.12|-0.23|0.60|-0.15|0.37|0.81|-1.16|0.37|0.29
0.20|-0.41|0.92|2.34|-0.98|1.43|0.57|-0.52|0.94|-0.28|0.80|-0.93|-0.22|-2.35|-1.30|-0.92|0.77|0.76|-0.55|-0.63|-2.28|-0.89|-0.05|-0.16|0.29|0.50|-0.80
0.78|0.03|0.73|-0.30|-0.50|-0.15|0.53|-0.07|-1.51|1.07|-1.56|-0.51|-0.45|-0.61|1.86|0.59|0.82|-0.35|-0.47|-1.16|-1.04|0.06|0.59|0.95|1.69|0.32|0.34
-0.72|-0.11|0.12|0.70|-0.94|-0.59|-1.10|-0.18|0.48|0.14|-0.48|-1.36|-0.76|-2.86|-0.02|-1.03|1.36|0.92|0.73|0.94|-0.95|-0.43|-1.69|1.67|0.66|0.60|-0.69
1.25|1.66|0.02|-1.07|1.39|1.65|0.63|0.46|1.97|0.82|0.35|0.69|-0.21|0.17|0.01|0.02|1.09|-1.53|-0.21|-0.82|-0.74|0.08|-1.21|0.60|-1.15|1.72|-0.98
