------ Dim separator ------
0.50|-1.66|-1.59|0.95|0.67|1.28|-0.21|-0.06|1.53|0.32|-0.44|-0.73|-1.60|0.24|0.27|0.66|1.59|0.79|-0.32|-0.07|0.21|-1.41|-1.13|0.76|0.03|1.51|-1.12
-0.55|0.90|0.42|-0.38|1.50|0.38|0.06|1.89|0.70|-0.44|0.22|-0.94|-0.27|-0.75|-0.96|1.89|1.98|1.73|0.73|0.97|0.78|1.46|0.63|1.08|0.71|0.74|-0.86
0.59|0.35|-1.85|-0.05|1.12|1.65|0.06|-0.01|0.50|0.43|-0.56|-0.80|-1.22|-2.04|-1.77|1.54|0.29|-1.08|-0.73|-1.21|-0.17|0.27|-0.12|-0.54|-1.31|-0.07|-1.45
-0.90|-0.23|0.68|0.06|0.25|-1.17|-0.49|1.21|1.51|0.22|-0.24|1.43|-0.74|-0.32|-1.27|0.38|0.14|1.11|-0.98|1.87|-0.55|0.54|1.62|-0.49|0.36|-1.32|-0.34
0.01|-0.08|-0.96|-0.84|-0.95|-2.23|0.01|-1.40|1.02|-0.53|0.40|0.99|1.26|-0.86|-1.43|0.88|-1.15|0.01|-0.84|-0.34|-1.40|0.90|1.20|1.15|0.08|-0.02|0.83
------ Dim separator ------
1.36|0.07|-1.16|-0.33|-0.58|0.77|1.07|-0.37|0.29|0.33|0.64|-0.37|0.02|-0.07|-0.61|0.87|-0.18|0.71|1.66|1.05|-1.41|-0.45|-0.72|1.34|-1.71|0.73|-0.23
-1.57|-0.82|-1.38|2.54|-0.17|-1.77|1.04|-1.39|-0.08|-0.70|1.29|-0.72|-1.30|-0.75|-1.07|1.27|-0.56|0.16|-0.06|0.72|-2.45|0.26|1.06|-0.71|-1.65|-0.61|0.64
-0.32|0.16|-0.20|2.08|1.21|-0.32|-0.17|1.61|0.04|0.88|1.14|0.07|-0.00|-0.54|0.86|-0.24|0.21|0.55|-0.88|-2.07|0.05|-1.11|0.27|-0.13|-0.66|-0.40|-0.18
-0.01|1.57|0.05|-0.85|-0.15|0.83|1.46|0.27|2.42|0.45|-0.26|1.47|1.08|1.11|-0.45|1.45|1.28|-0.05|1.11|0.08|-1.06|0.12|-1.78|2.38|-0.11|0.22|0.90
-1.43|0.01|-1.63|-0.98|2.41|0.32|-1.28|0.60|-0.56|-0.92|-0.71|-0.74|0.16|0.70|-0.11|0.17|-0.34|0.84|0.44|0.77|2.02|-0.24|-0.63|0.39|0.03|0.86|-0.60
------ Dim separator ------
-0.46|-0.80|-0.88|-1.11|-0.19|-0.44|0.53|0.95|-0.62|0.52|-0.88|0.59|-0.10|0.31|-1.23|0.16|-0.33|0.32|0.72|0.50|-0.42|-1.54|-1.26|-0.37|-0.58|0.02|0.44
-0.40|-0.65|1.88|0.38|1.36|0.42|1.28|-0.53|-0.39|-0.02|1.51|0.50|1.36|-1.58|-0.49|0.81|-0.32|1.00|-0.38|-0.10|0.22|-0.73|1.81|-1.04|3.07|-1.58|-1.62
-1.28|-0.15|-0.20|-0.72|-0.36|-0.17|-0.21|-1.00|1.15|-1.09|0.25|0.02|-0.18|1.57|0.38|0.78|0.88|-0.65|-0.53|-0.03|0.30|0.18|-0.13|0.13|-0.58|-0.38|-0.62
-0.80|0.12|0.30|0.31|1.82|-0.26|0.29|-0.71|-0.89|-0.50|-0.90|0.05|-0.47|-0.43|1.12|0.69|0.14|-1.16|-1.96|-1.17|0.48|-0.69|0.05|-0.85|0.65|0.30|0.22
-1.06|-0.82|-0.60|0.13|-1.65|0.80|1.04|0.07|-1.05|0.13|1.56|-0.53|0.98|0.69|-0.19|-0.33|0.42|-0.05|-1.31|-0.11|0.23|0.51|0.57|0.12|0.27|-0.32|1.06
------ Dim separator ------
-0.28|-1.34|-0.83|-1.37|2.33|1.53|0.13|-1.20|-0.57|-1.66|0.93|-0.56|-1.11|0.80|1.53|2.38|-0.47|1.31|-1.82|0.55|-0.42|0.19|0.90|-1.85|0.43|0.65|0.32
0.35|0.04|-0.99|-0.64|-0.99|0.21|-1.79|-0.57|-0.73|0.65|-0.46|-0.15|-1.46|-1.25|1.12|-0.91|0.51|-0.60|-0.76|-1.16|1.31|-0.94|-0.27|0.22|2.19|1.12|0.23
-0.98|0.63|3.26|-0.83|0.89|-1.17|-2.53|-0.31|-0.21|1.20|1.82|-1.84|-0.51|-0.48|0.54|0.17|0.37|-0.25|1.20|1.20|0.23|-0.34|-2.87|1.57|0.17|-0.84|-0.57
1.29|-2.99|-1.71|0.08|-0.24|1.20|0.02|-0.86|-0.60|-0.53|0.47|1.82|0.38|-0.68|0.87|1.22|-1.01|-0.22|-0.05|-1.30|-1.10|-2.78|0.45|1.53|-1.44|-0.48|0.08
-0.74|0.26|0.62|-0.20|0.14|0.25|-0.47|1.21|-1.29|1.03|-1.19|-0.76|1.02|1.26|1.38|-0.39|-1.09|0.41|-0.60|0.38|-0.67|0.55|-0.55|0.09|-0.08|0.58|0.87
------ Dim separator ------
0.08|0.42|-1.34|1.36|0.29|-2.85|-0.91|-0.24|-0.05|0.20|-0.01|0.52|-0.88|0.26|0.72|0.17|-1.37|1.02|-0.85|-0.71|-0.30|-0.16|1.45|1.47|-0.92|-0.09|0.92
-1.98|-0.84|0.64|0.85|-1.10|0.93|-1.03|0.89|1.64|-0.39|-0.71|0.35|0.58|-0.15|-0.47|-0.45|-0.88|-0.09|-1.43|-1.52|-1.82|-0.86|0.57|-0.26|0.51|0.62|0.27
-0.59|-1.17|-0.10|-1.61|0.45|1.19|0.07|1.69|-0.99|-0.65|0.01|-0.55|-1.19|-0.42|-0.20|-0.34|-0.61|0.60|0.18|0.10|-1.36|0.03|-0.10|-1.13|-0.55|-0.24|-0.45
-0.78|0.61|0.37|0.63|0.06|-1.51|-0.13|-1.11|-0.50|-1.65|1.09|-0.92|0.36|-0.41|-0.34|-1.04|1.26|-0.18|-1.75|0.16|-1.35|-1.16|0.82|1.13|-0.09|-0.18|-0.27
0.23|1.01|-2.08|0.06|0.44|-0.85|1.63|0.91|0.30|0.16|-0.82|1.31|0.88|1.26|-0.80|0.24|1.84|-0.50|0.01|0.40|1.11|0.39|-0.08|-0.98|1.20|0.68|-1.40
