------ Dim separator ------
1.04|-1.65|1.08|0.70|0.88|0.02|0.79|-0.05|1.44|-1.24|0.94|0.70|-0.62|-1.69|1.18|1.37|0.60|0.13|0.44|0.41|1.85|1.61|-0.88|-0.96|0.02|0.52|1.05
0.51|1.49|-0.94|0.18|-0.94|0.23|-1.18|0.62|0.29|-1.55|0.56|-1.80|-1.44|0.26|0.51|-0.18|1.23|0.22|-0.19|0.38|-0.50|-0.54|1.26|1.01|-0.36|-1.24|-0.16
0.08|0.26|-0.68|0.05|-1.19|0.68|-0.21|-1.90|-0.81|1.43|-0.31|1.00|-0.51|-0.07|-0.64|-1.45|-1.42|-0.24|0.76|-0.00|-2.13|0.35|-0.60|1.71|1.32|1.47|0.98
-1.78|0.22|-0.47|0.66|-0.42|0.28|-2.26|0.02|-1.07|1.63|1.60|-0.64|-0.45|-1.36|1.07|-0.94|1.63|0.31|0.21|-0.10|0.55|0.28|-1.19|-0.34|1.82|0.56|0.19
-0.52|0.16|-0.06|0.32|-0.36|1.24|-0.08|-0.04|0.65|0.43|-0.14|-1.07|-0.66|-0.95|-1.18|-0.97|0.21|-0.53|-1.43|0.04|0.75|-0.78|0.74|-0.51|0.17|2.25|0.54
------ Dim separator ------
-0.01|-0.24|-0.60|-0.45|0.19|1.22|0.77|0.67|-1.95|2.12|-0.01|-0.36|0.56|-0.78|-2.05|1.40|-0.19|0.78|1.46|-0.03|0.87|-0.13|-1.51|0.52|-1.03|0.23|0.05
-0.59|-0.31|0.64|1.68|-0.75|-0.26|-0.07|-0.08|0.56|-0.51|-0.31|0.32|0.10|-1.74|-0.72|1.44|0.73|0.98|-0.32|-1.45|-0.98|0.22|0.71|-0.05|1.02|-0.78|2.35
0.15|0.38|-0.29|-1.36|-0.31|-0.80|-1.12|0.54|0.37|-0.21|-1.45|1.70|-0.85|-1.25|0.20|2.48|0.99|-1.32|0.07|0.30|-1.92|-0.25|1.37|0.33|0.40|0.89|-1.50
-0.40|-0.23|0.46|0.43|0.77|0.16|-0.04|-0.99|0.64|-0.75|0.27|0.47|-0.20|0.13|-0.61|0.16|1.77|-1.58|-0.63|-0.55|0.69|-0.01|-0.64|0.43|-0.54|0.69|0.76
0.05|0.92|-0.60|-0.03|1.22|-0.76|0.96|0.54|-1.45|0.38|-1.70|-0.19|0.30|2.06|-0.68|-0.38|-0.26|-0.49|0.37|-0.22|0.22|1.15|-2.08|-0.21|-1.66|1.23|-0.47
------ Dim separator ------
-0.16|-1.24|1.30|0.78|1.23|0.64|0.16|1.20|-0.66|-0.35|-0.00|-1.45|-0.96|-0.42|-1.16|-0.45|-0.87|1.04|-0.36|-0.19|-0.62|-1.60|-0.57|-0.08|0.05|1.22|-0.51
0.54|1.01|0.27|-2.39|-1.24|0.62|0.64|-1.21|-0.71|0.27|0.93|-1.41|-1.13|-0.66|1.07|0.86|-0.98|1.26|-2.59|0.49|-0.23|3.06|0.19|0.66|-0.01|0.85|-0.77
2.83|-2.54|-0.48|-1.51|0.57|-0.40|-0.75|-0.37|-1.09|1.68|-0.46|0.19|-0.53|-1.05|1.31|-0.76|0.86|-1.25|-0.22|0.32|0.01|-0.98|-0.52|-0.34|0.02|-1.21|-0.30
-0.59|-0.36|1.05|0.83|-0.32|-1.65|-0.66|-0.45|-0.51|-1.37|-1.05|1.07|-0.23|0.90|-0.18|0.80|-0.66|-0.64|-0.08|-1.52|-0.86|0.77|1.58|0.18|-0.04|0.01|-0.32
-0.16|0.51|-1.02|0.24|-1.89|0.94|-1.15|0.84|0.31|0.31|0.63|0.78|-1.46|0.96|1.12|-0.60|-0.13|-0.73|-0.39|0.96|0.35|-0.02|-0.08|0.20|1.41|0.62|-1.31
------ Dim separator ------
-0.50|-0.82|1.29|-0.27|0.98|-1.28|1.08|-0.25|0.59|-0.25|1.31|0.19|-0.06|0.99|0.03|1.17|-0.27|0.21|0.62|-0.48|0.06|1.14|-0.70|0.44|1.18|0.26|1.49
-0.74|0.78|-0.04|0.49|0.16|-1.79|-0.82|0.09|0.09|-1.63|0.89|0.88|-1.28|-1.02|-1.26|-0.65|-0.44|-0.52|-1.04|0.14|-1.20|-0.29|-0.30|-0.83|-0.31|-0.34|-0.54
-0.38|-0.63|-0.18|-0.91|0.30|-0.39|0.38|-2.02|0.64|-0.38|1.87|-1.25|-0.66|-1.65|-0.76|-0.62|-1.23|-0.13|0.43|-0.41|-0.75|-1.00|-0.10|-0.95|1.19|-0.83|-0.92
-0.73|-0.24|0.19|0.83|-0.95|0.20|-0.60|0.32|-1.22|0.74|0.15|0.47|0.04|-0.40|0.77|-0.70|-1.41|0.45|-0.43|-0.39|0.43|-1.10|-0.11|-1.28|-0.69|0.03|0.68
0.21|-0.38|-1.26|-0.31|0.27|-0.42|0.34|0.11|-1.22|-0.51|-0.15|0.15|-0.31|1.21|0.32|0.45|0.28|-0.46|-1.24|-0.13|0.12|-1.31|-0.87|1.21|-0.08|0.15|-0.15
------ Dim separator ------
0.98|0.42|1.95|-0.02|-0.62|0.14|-1.52|-0.76|-0.20|1.45|0.26|0.46|-0.17|1.07|-1.21|-2.20|-1.96|-1.87|0.46|0.34|-0.14|-0.12|-1.21|1.75|-0.30|0.11|0.82
1.02|-0.26|-0.82|1.22|-1.13|1.54|0.15|-0.09|2.11|0.68|-0.59|1.01|1.89|0.56|1.68|-0.78|0.04|-0.91|-0.03|-2.09|0.09|0.25|1.64|-0.23|0.38|-0.61|-1.29
0.78|0.56|-0.09|1.40|-1.24|-0.56|-0.09|-0.68|-0.93|2.03|-0.49|-0.75|0.15|-1.73|-0.83|-0.59|-0.24|-0.53|-1.46|-0.21|2.43|0.07|-0.77|0.86|-0.51|0.32|1.02
1.51|1.41|-0.93|0.72|1.00|0.44|-0.70|-1.16|-1.02|1.34|0.06|0.54|-2.31|-0.37|-1.67|-1.42|-0.20|0.95|1.09|0.26|0.63|-0.44|-0.14|-0.31|-0.46|-1.07|1.85
0.18|-1.93|-1.79|0.05|-1.79|-0.89|0.76|0.30|-0.04|-0.49|-1.02|-1.27|1.49|-1.34|1.21|-2.11|-0.04|-0.85|1.56|0.42|0.17|-1.24|-0.06|0.73|0.12|-1.17|0.54
