------ Dim separator ------
1.65|0.94|-0.65|1.26|-0.47|0.38|-1.09|0.24|-0.67|2.47|0.60|-0.64|1.19|-0.88|0.10|0.28|1.58|-0.36|0.70|-0.73|0.99|-0.02|-1.21|0.35|0.45|-1.14|-0.18
1.25|-0.25|-0.17|0.40|1.81|1.64|-0.34|-1.42|0.10|0.90|-0.80|1.44|0.93|0.18|0.45|-1.03|-0.28|0.90|1.63|-1.99|-0.95|0.44|0.84|0.62|1.41|-1.11|1.24
2.15|2.26|1.31|-0.13|0.00|-0.78|0.62|0.10|-0.12|1.35|-1.29|-0.38|-0.89|-1.14|1.23|-0.04|1.30|1.45|0.16|-0.83|1.03|0.87|0.05|-0.10|-1.56|1.08|-0.53
-0.22|-2.08|-0.73|-1.03|-0.59|0.52|1.28|1.00|2.38|-1.79|0.15|1.79|-1.09|1.11|0.86|-0.19|-2.00|-0.43|-0.10|-0.78|-1.72|-0.05|-0.36|-0.62|-0.01|-1.62|-0.53
-0.34|1.81|-1.80|0.70|1.60|0.91|-1.71|0.88|1.58|2.30|-0.86|0.73|1.94|0.31|-1.61|-0.27|-0.26|-1.97|0.48|-1.62|0.97|1.45|-0.15|0.67|0.08|-1.12|2.61
------ Dim separator ------
-0.59|0.01|0.14|-0.80|-0.96|-1.51|0.78|-1.36|1.72|-1.70|-2.78|1.15|0.42|0.58|1.06|-1.75|1.49|2.21|-1.31|-0.09|-0.95|0.03|-0.64|-0.42|-0.93|-0.39|0.49
-0.66|0.74|-0.63|2.18|0.03|0.26|1.18|0.68|-0.27|-2.29|-0.53|-2.41|1.17|-0.10|-0.24|1.85|1.26|0.65|0.54|1.13|-0.48|-0.12|-0.01|1.33|0.81|-0.37|-1.68
2.27|1.00|0.40|1.15|-0.52|0.21|-0.65|1.43|-0.45|0.79|0.09|-0.46|0.46|-0.85|-1.18|0.04|0.57|0.67|-0.34|-1.32|0.53|0.31|-0.05|-0.69|-1.70|-1.20|0.83
1.15|0.66|0.53|1.11|0.25|-0.63|-2.73|0.84|-0.14|1.56|-0.08|-0.15|1.08|0.09|0.84|-0.70|0.43|1.77|1.53|-0.64|1.23|1.05|1.73|-1.11|-1.27|0.28|-0.44
0.31|1.00|-0.62|-1.00|-0.51|1.79|-0.58|-1.44|-0.29|-1.11|1.03|1.49|1.31|1.30|0.79|0.57|1.19|-1.62|0.28|-0.17|-1.18|-0.24|0.20|1.12|0.12|0.37|0.90
------ Dim separator ------
-0.20|0.48|-0.82|0.74|-1.58|0.08|0.89|-2.19|-1.33|-0.69|-0.10|0.27|-0.22|-2.66|0.15|-1.23|0.26|-0.67|1.22|-1.37|-0.13|-0.28|0.53|1.02|1.32|2.07|-0.14
-0.43|0.56|-0.12|0.65|-0.23|1.17|0.14|0.64|-1.69|0.93|-0.02|1.63|0.49|0.66|2.44|-0.11|2.02|0.85|0.93|0.94|-1.20|-0.19|0.64|-0.97|0.31|0.66|1.53
-0.12|-0.19|0.34|1.14|0.96|0.18|-1.71|-0.35|1.33|1.36|-0.91|-1.39|-3.09|-0.54|-0.89|0.05|1.01|-0.19|0.81|0.06|1.23|1.66|0.07|0.35|-1.22|0.55|-1.07
-0.72|-2.38|-1.87|-0.69|-1.09|1.14|-1.08|1.96|1.39|0.09|0.22|0.73|-2.70|-1.27|-0.27|0.45|-0.59|0.61|1.20|0.38|-0.56|1.08|-0.35|-0.83|-2.14|2.41|-1.07
-0.63|-0.36|-0.91|-0.21|2.01|1.60|-0.28|-2.21|0.24|-1.51|-1.16|-2.28|-1.22|0.72|-1.37|-2.38|-0.51|-0.15|-0.36|-0.40|-0.13|0.04|-0.76|0.50|0.32|-0.54|-1.09
------ Dim separator ------
-1.27|-0.19|-0.61|1.79|-0.46|1.38|1.11|2.53|-0.70|1.94|1.74|-2.96|-1.43|-0.16|-0.18|-0.52|-1.95|-2.70|1.14|1.32|-0.44|1.11|2.07|-0.46|-0.59|-1.90|-0.51
0.81|0.45|-0.01|-0.28|-0.71|0.96|-1.23|-1.49|0.91|-0.31|-0.44|0.10|-1.38|0.79|-0.86|0.63|-2.24|1.66|0.01|-0.52|1.82|-0.45|-1.29|-0.81|-0.77|0.03|0.03
0.83|0.71|0.25|-1.06|-0.68|1.58|0.43|0.37|-1.83|-0.59|-1.63|0.75|-1.05|-0.45|0.21|-0.88|0.15|-0.48|-0.00|1.34|1.52|-0.29|1.57|0.29|0.33|-0.83|-0.34
1.57|0.83|-0.16|-0.06|-0.71|-1.79|-0.84|0.78|0.46|-1.17|-0.07|-0.21|0.17|-0.57|-0.71|2.69|0.03|-0.86|1.42|-1.54|-0.30|0.73|-2.98|-0.04|-1.90|0.53|-0.61
-0.34|0.06|0.26|0.59|0.40|-0.09|1.30|-2.67|1.23|-0.47|1.41|0.61|-0.71|-0.53|0.41|-0.19|-0.22|1.04|-1.44|-0.02|2.05|0.77|0.88|-0.53|0.20|0.85|0.63
------ Dim separator ------
-1.35|-0.92|0.06|1.80|0.25|0.83|0.12|0.36|2.15|-1.33|-0.23|-0.88|0.46|-0.29|1.04|0.75|0.83|1.12|-2.72|-1.13|-0.43|-2.65|0.11|-1.01|1.02|-0.42|-0.15
-1.76|1.32|0.70|-1.21|0.02|-0.34|0.12|-0.39|0.21|-0.15|0.99|0.78|0.95|-1.07|-1.27|0.14|-0.73|-0.52|-0.04|0.70|-0.77|-0.57|0.86|-0.49|-0.24|-0.14|0.48
2.80|0.75|0.87|0.35|-0.68|-1.18|-0.86|-2.22|0.72|-1.71|0.38|0.30|-0.43|1.70|0.21|-0.34|0.25|1.84|1.10|0.11|0.38|0.26|0.65|0.07|-0.71|-1.63|-0.05
0.00|1.57|1.80|-2.47|1.83|-1.21|0.06|0.81|1.01|0.86|0.52|-1.67|0.13|1.08|1.92|-0.64|-0.29|0.08|-0.33|-1.43|0.78|-0.07|-2.50|-0.83|0.04|0.54|-2.00
2.14|-0.18|1.62|-2.02|1.41|-0.02|-0.16|0.42|0.14|2.98|-0.09|1.10|-1.54|0.96|1.52|-0.08|-0.54|-0.75|-1.10|0.27|-0.96|0.16|2.72|1.17|-1.39|1.03|-1.24
