------ Dim separator ------
1.04|-0.02|-0.53|-0.14|0.52|0.22|0.89|0.43|-0.72|-0.01|-2.67|1.01|0.79|0.72|-0.83|0.75|0.40|0.08|0.01|-0.22|0.91|-0.62|1.19|0.21|-0.99|1.12|1.22
0.78|0.00|0.31|1.86|-0.35|-0.82|-0.97|-0.52|-0.33|-0.09|-2.62|0.48|0.49|-0.63|0.33|-1.55|0.17|-0.17|0.64|-0.28|-1.67|-0.92|0.35|-0.56|0.47|-1.16|0.50
0.98|-1.12|-0.72|-0.37|0.55|0.73|1.22|-0.03|-0.41|-0.39|-0.55|0.21|-0.74|0.80|1.38|0.21|-0.21|0.52|-0.11|-0.15|-0.16|0.82|1.50|-0.40|-0.02|0.04|0.25
-0.15|-0.61|-0.50|0.64|0.31|0.03|-1.21|-0.25|-0.52|-1.52|0.02|1.49|-0.16|-0.88|0.61|-0.72|-1.16|-0.76|0.02|-1.20|0.13|-0.62|0.03|-0.96|0.61|0.74|0.40
0.10|0.15|-0.09|-0.20|1.21|-0.36|-0.98|-0.52|-0.35|0.12|-1.53|-0.19|-1.66|-2.04|-0.03|-1.42|-1.57|-0.60|-0.26|-1.17|0.96|0.35|-0.14|-0.59|-0.06|-0.46|0.40
------ Dim separator ------
-0.07|0.47|-0.24|-0.01|-0.54|0.23|0.06|0.06|-1.24|-1.77|-1.56|-0.96|-0.15|-1.22|0.59|-0.67|0.82|0.94|0.30|-0.33|0.03|0.63|-1.43|-0.87|0.13|-0.86|-0.21
-0.95|0.69|1.13|0.51|-0.90|0.23|2.25|0.74|0.75|-1.24|-0.63|0.37|0.89|-0.67|-0.40|0.33|-0.07|-0.25|-0.69|-1.91|-0.92|0.84|0.56|0.10|0.57|-1.33|0.41
0.21|-0.00|-0.42|-0.65|-1.89|-1.00|0.07|0.66|-0.54|-0.50|-0.10|-0.70|0.31|-0.56|-0.10|1.19|-1.40|-0.93|-0.61|-0.25|-0.24|2.05|-0.26|0.98|-0.65|-0.56|-0.71
-0.40|-0.67|1.11|-0.17|0.08|-0.66|0.51|-0.65|0.00|-0.74|0.61|0.11|-0.40|-0.61|0.22|-1.28|1.25|0.01|-0.03|0.29|0.60|-0.74|0.86|-0.91|-0.75|0.17|0.13
0.51|0.06|-1.14|-0.30|-0.41|-0.63|0.87|-0.43|0.88|-0.70|0.92|0.48|0.99|-0.48|1.71|1.34|-0.16|-0.25|-0.73|0.02|-0.98|-0.53|-1.03|-0.32|-0.32|0.31|0.97
------ Dim separator ------
0.35|0.23|0.62|0.20|-0.25|0.58|0.09|-0.83|-0.36|0.52|0.40|0.70|-0.23|0.10|-0.58|-0.82|0.44|-0.58|-0.47|0.14|-0.75|0.96|0.45|-0.15|-0.04|0.55|1.04
1.17|0.07|-0.76|-1.57|-0.53|-0.31|0.96|0.37|0.02|-0.06|0.76|0.52|-0.75|0.53|1.48|-0.21|-0.29|0.16|0.36|-0.13|0.40|0.99|-0.45|-0.79|-0.96|0.13|0.79
1.06|0.04|0.63|-0.64|-0.18|0.29|-1.25|-1.45|-0.03|0.14|-0.76|-0.22|0.50|0.63|0.50|0.09|-1.40|-2.32|-0.58|-0.07|0.31|0.90|0.23|-0.94|-0.17|-0.63|-0.27
-0.79|-0.75|-0.64|0.83|-0.79|0.70|0.08|0.94|0.50|0.06|-0.04|-0.70|-0.23|0.71|-0.56|0.96|0.54|-1.31|1.16|0.49|-0.98|0.17|-0.46|0.69|-1.01|0.30|-1.01
1.01|-0.06|0.58|0.14|0.55|0.87|1.11|-0.75|-0.28|-0.77|0.46|-1.18|-1.13|0.55|0.24|-1.14|-0.55|-0.41|0.00|1.34|-0.30|1.01|-0.22|0.63|-1.20|0.36|0.18
------ Dim separator ------
0.54|0.23|0.65|1.48|0.75|0.31|1.21|0.75|-0.13|-0.14|-0.12|-1.22|0.51|-1.08|1.14|-1.25|-0.08|-0.94|0.39|0.58|1.17|0.25|0.29|-0.83|-0.95|-0.72|2.34
0.06|0.64|-0.92|1.37|-0.67|-0.09|-0.28|-0.60|-0.05|-0.56|0.53|-0.55|-0.03|-1.41|-0.53|0.26|0.38|-0.78|-1.42|-1.60|1.19|1.08|-0.64|0.33|0.03|0.16|0.45
1.01|0.78|-0.29|-0.01|-1.03|-0.88|-0.36|-0.65|-0.56|-0.42|-0.24|0.57|-0.08|0.62|-0.52|1.03|0.70|-1.46|0.98|-0.47|0.18|-0.97|-0.17|0.54|1.13|-0.44|1.21
0.29|0.02|-0.53|0.91|-0.32|-1.18|-0.26|1.06|0.65|0.80|0.10|-0.41|-0.23|0.75|1.48|-0.99|0.19|0.00|-0.25|1.62|-0.58|-0.16|-0.07|-1.26|0.67|0.81|-0.01
-0.58|0.42|-0.41|0.94|0.84|0.04|0.65|0.27|-1.63|0.23|1.40|3.19|0.04|-0.25|0.31|-1.16|-0.72|0.39|-0.48|0.52|1.65|1.35|0.44|-0.34|0.71|0.97|-0.67
------ Dim separator ------
0.01|-0.74|0.60|1.41|0.47|0.73|0.63|-0.30|2.20|0.11|-1.54|0.18|1.22|0.86|-0.19|-1.34|1.64|-0.95|-1.09|-1.50|-0.29|0.63|-1.71|-0.53|0.77|1.55|0.75
-0.39|0.15|0.43|0.73|-0.73|0.18|-0.98|-0.20|0.49|1.75|-0.36|1.23|-0.48|0.90|1.40|0.58|0.78|0.01|0.98|0.42|1.45|0.32|0.13|-0.64|-0.04|1.21|-0.87
-0.09|0.85|1.66|1.23|-1.24|-1.72|-0.62|0.26|-0.35|0.97|0.19|-0.88|-0.84|0.91|-0.65|0.23|-0.09|0.21|0.65|-1.09|1.00|-0.88|-0.16|1.35|0.30|0.18|-0.14
-0.83|0.46|0.58|0.20|-1.01|-0.41|-0.33|-0.76|0.28|1.05|0.49|-0.49|-1.05|-0.25|-0.72|-1.17|0.79|-0.47|2.16|-1.79|1.14|0.31|0.10|1.00|1.57|-0.88|0.27
0.24|-0.72|0.75|-0.67|-0.03|-0.13|0.61|-0.29|0.93|0.56|-0.45|-0.65|-0.37|-1.01|0.43|0.45|-0.17|-0.08|0.37|-0.34|0.18|-1.92|0.51|1.59|0.40|0.02|-0.69
