------ Dim separator ------
-0.91|0.35|1.04|-0.58|1.17|-1.51|1.52|0.83|-0.43|0.02|-0.37|-1.16|-0.34|0.64|0.39|-0.06|0.34|-1.50|1.20|-0.03|-1.25|-0.17|0.02|0.77|-0.91|-0.67|-1.97
-1.92|0.43|0.80|-1.47|-0.30|2.11|-1.25|-1.17|0.32|0.85|0.56|3.23|-0.56|-0.88|-1.05|-0.60|0.22|0.29|0.49|-0.05|0.44|-0.28|-0.13|-0.56|-0.17|-0.35|0.42
-0.01|0.43|0.72|-0.79|1.12|1.12|2.33|0.24|1.14|-1.40|-0.46|-2.09|2.02|-0.04|0.73|-0.61|-0.51|-1.26|0.89|-0.51|-1.47|-1.30|0.22|-1.86|-0.65|-0.61|-1.05
-0.56|1.17|-0.40|-1.91|-0.79|0.65|-1.40|-2.15|-0.07|0.57|-0.75|1.41|1.92|2.47|-0.13|0.77|-0.35|0.47|-0.92|-0.51|-0.63|0.16|-0.91|-0.25|-2.01|0.34|1.51
1.23|-1.07|-0.25|-1.21|0.37|0.16|1.28|0.32|0.40|1.17|0.56|-0.63|0.84|0.52|1.37|2.18|-0.06|-1.46|0.69|0.39|0.00|-0.22|0.29|-1.00|1.33|0.97|-0.12
------ Dim separator ------
-1.89|-0.47|0.37|1.24|0.95|0.92|-1.13|0.80|1.63|1.23|-0.27|0.22|1.86|0.14|0.24|0.36|0.86|-0.58|-0.92|-1.14|-0.01|-1.33|1.24|-1.01|-1.24|-0.73|2.49
-0.68|-0.14|-0.03|-0.02|-0.54|0.75|0.90|0.97|-0.47|0.30|-0.42|-1.03|1.36|0.97|0.21|-0.01|1.10|0.29|1.84|-0.77|0.26|-0.46|1.34|-0.22|0.65|-0.08|-2.51
0.97|-1.32|-0.43|0.34|-0.41|2.59|0.00|-0.32|-1.30|-0.45|0.33|-0.34|1.80|-0.34|0.92|-2.09|0.83|1.49|0.65|1.02|1.43|0.09|0.35|-0.57|0.23|0.07|0.22
-0.20|-1.40|1.17|-1.91|0.36|-0.88|-1.70|0.29|-2.01|0.77|-0.91|0.25|2.08|0.07|0.88|0.63|-0.01|0.92|-0.69|-0.94|-0.30|-0.52|-0.21|-1.60|-0.23|-1.69|-0.60
1.11|1.80|0.37|1.94|-0.43|-0.67|0.97|-1.45|1.35|0.63|0.01|-0.00|-0.68|1.12|-0.35|1.95|-0.89|-1.75|0.99|-0.32|-0.45|-1.28|-0.16|-2.04|1.28|-0.96|0.01
------ Dim separator ------
0.13|0.29|-1.47|-0.24|0.75|0.51|0.32|-0.70|-0.17|-0.19|-0.57|-0.25|0.97|0.10|-0.92|1.61|-0.55|1.86|-1.66|0.01|0.18|0.50|-0.52|1.44|-0.61|0.23|-0.06
0.83|-0.03|-0.98|1.06|0.04|2.07|-1.77|-1.21|1.80|0.72|-1.55|0.53|-0.35|0.20|1.01|-0.74|0.50|0.35|-0.39|-0.01|-0.44|-0.33|0.70|0.39|-1.12|-1.25|0.32
-0.39|1.23|-0.81|0.05|0.89|2.10|-0.39|1.01|-1.33|0.27|0.96|-1.58|0.84|-0.13|-0.52|-0.23|0.94|0.30|0.25|0.38|-1.18|-0.51|-0.33|1.36|-0.21|0.65|-1.85
-0.15|0.68|0.33|2.62|0.19|1.30|-0.61|0.88|-0.17|-1.56|0.85|0.77|-0.29|0.37|-0.59|0.39|0.27|0.14|-1.43|0.25|0.95|-1.38|-0.09|-2.09|-0.58|-0.95|0.42
-1.31|-1.88|-0.10|-1.83|0.36|0.53|0.27|-0.88|0.63|0.63|0.05|0.75|-0.52|1.22|-1.62|0.05|0.42|-1.70|0.72|-0.20|0.07|-0.74|-1.03|-1.24|0.24|0.15|-0.79
------ Dim separator ------
0.75|1.05|0.41|0.37|-0.12|0.04|-0.54|-1.65|-1.71|0.06|-1.83|0.38|-0.94|0.83|0.72|-0.12|-0.99|-0.63|-1.08|-0.07|1.77|0.60|-0.67|-0.62|-0.11|-0.04|-0.48
-0.48|-0.59|1.13|-1.35|0.99|0.26|0.69|0.35|1.71|-0.07|-1.12|0.11|1.94|-1.08|-0.37|0.41|0.26|1.72|0.05|-0.42|1.02|0.26|1.08|-0.11|-0.94|-1.29|-0.62
-0.57|1.48|-1.62|0.14|-2.16|0.11|0.57|0.12|-0.01|-0.31|0.66|1.67|1.35|-1.71|0.69|1.12|0.26|0.39|-0.94|-0.83|0.07|0.50|-0.23|-0.86|-1.17|0.50|-0.56
0.06|0.04|-2.02|-0.61|-0.23|-1.01|0.84|1.37|1.46|-0.25|-0.69|0.53|0.11|0.01|0.09|-1.95|0.74|-0.34|0.57|1.06|0.60|0.40|1.80|-1.42|1.61|0.22|-1.49
0.43|-0.64|2.30|1.08|-0.16|-1.75|-1.78|0.88|-0.15|-0.53|-0.61|0.83|0.99|-1.51|-2.37|-0.10|-0.31|0.19|1.96|-0.20|1.76|0.01|-0.33|-1.19|0.78|0.48|-1.90
------ Dim separator ------
0.10|0.89|1.53|0.90|1.73|-0.59|1.25|0.38|-0.22|0.16|0.01|0.96|0.61|0.18|-1.36|0.44|-1.13|0.87|0.44|0.55|-0.09|-0.92|-1.37|-2.03|-0.10|-1.50|0.05
0.95|0.55|0.28|0.31|-0.01|-2.01|0.77|-0.42|0.47|0.64|-0.21|1.17|-2.24|0.38|-0.78|0.18|1.39|1.69|0.63|0.68|0.03|0.67|-1.89|0.93|1.40|0.82|-0.12
-0.37|-0.32|2.06|1.34|-0.17|0.12|-2.42|-0.36|1.95|0.15|-0.37|0.17|0.09|-0.48|0.59|-0.86|0.49|0.55|0.26|0.15|-1.93|-0.82|0.08|-1.08|0.35|-0.99|-0.74
1.02|-0.71|-0.86|0.94|-1.78|-1.87|-0.07|0.31|0.33|-0.26|1.59|1.53|0.48|-0.40|2.24|0.85|-0.26|0.14|0.25|-0.45|-0.30|0.27|0.19|-1.35|0.71|0.50|1.59
-0.92|-0.70|1.29|-0.69|-0.49|-0.32|-1.11|-2.33|-0.87|-0.28|0.75|-1.42|0.08|1.33|1.20|-1.22|-1.59|-0.83|-0.38|-0.78|-1.05|0.71|-1.90|-1.78|2.28|-0.62|-1.23
