------ Dim separator ------
-1.45|-0.76|-0.22|-0.24|-1.11|0.20|-0.31|0.09|-0.75|1.52|0.27|0.61|1.00|-0.13|0.18|0.76|-0.45|0.57|-1.00|0.22|0.57|0.55|0.31|-0.11|0.55|0.62|0.04
-0.01|0.13|1.86|-0.49|0.18|-0.03|-0.05|-0.39|0.44|-0.61|0.60|0.08|0.54|-1.24|0.10|0.31|-1.02|-0.58|-0.50|1.34|0.67|-1.10|-1.46|-0.54|0.28|-0.60|-0.16
-0.65|-0.01|-0.86|-0.03|1.87|-0.30|-0.40|-1.00|-1.68|-1.30|-0.74|-0.30|0.20|-0.02|-0.10|0.49|-1.53|0.07|1.32|-0.40|-0.15|0.42|0.90|0.45|0.65|0.16|0.09
-0.11|0.82|-0.59|-0.78|0.30|0.28|1.65|-0.81|1.24|0.59|0.47|-0.16|-0.40|-0.62|0.48|0.57|0.18|0.52|-0.82|-0.34|0.74|0.32|0.47|-0.52|-0.17|-0.77|0.52
0.52|-1.09|-0.91|-0.57|-0.05|0.59|0.24|-1.54|-0.61|0.53|1.98|-0.20|-0.19|0.82|-0.17|0.45|-0.02|0.59|0.05|0.48|-0.08|1.07|-0.12|0.48|0.96|0.52|1.25
------ Dim separator ------
0.11|0.21|0.63|0.25|0.81|-0.92|-0.07|0.89|0.94|-1.70|0.14|0.52|0.63|0.45|-0.75|-0.69|0.06|0.69|1.00|-0.03|-0.03|0.35|0.60|-0.27|-0.11|0.01|0.75
0.24|0.28|0.01|-0.15|-0.10|-0.50|1.11|-0.98|0.77|-1.13|-0.20|0.41|-0.50|-1.01|1.04|-1.46|0.27|-1.45|0.30|-1.06|0.80|-0.64|-1.00|0.06|-0.10|-0.02|-0.96
-0.36|0.91|0.33|-1.58|-0.44|-1.15|-0.16|0.19|-0.22|-0.27|0.61|-1.80|-1.66|-0.17|0.79|-0.64|0.14|0.28|-0.44|0.11|-0.39|0.02|-0.01|0.91|1.40|-0.09|0.27
-0.74|-0.46|0.25|-0.86|0.62|-0.44|-0.00|-0.48|-0.46|-2.19|-0.88|1.17|-1.08|1.46|0.33|-1.01|-0.56|-1.43|-0.79|0.49|-0.41|-1.01|0.34|-0.72|0.68|-0.20|0.16
-0.55|0.61|-0.90|1.19|0.27|-0.02|0.62|-1.05|0.14|0.48|-1.06|-0.93|0.74|-1.02|0.10|-1.21|-0.20|-0.90|0.08|-1.37|-1.11|-0.36|-0.23|1.01|0.62|0.65|0.78
------ Dim separator ------
-0.45|-0.38|0.81|0.52|-0.15|0.47|-0.56|-0.94|-0.11|-0.70|0.44|-0.80|0.71|0.83|2.15|0.47|-0.23|0.10|0.64|0.52|0.64|0.47|-0.78|-0.94|1.18|0.34|0.39
0.33|-0.83|-0.50|0.75|-0.62|0.82|-0.87|-0.94|0.87|-0.10|-0.23|1.19|-0.05|0.18|0.62|-0.42|-0.97|-1.27|0.59|1.13|-0.42|0.14|-0.76|0.66|-0.68|0.40|0.78
-0.21|1.10|0.16|0.80|0.24|0.63|-0.07|0.19|0.98|-0.40|0.00|0.49|-0.27|-1.70|0.49|-0.71|-0.31|-0.39|0.82|-1.05|-0.31|0.14|-1.27|-0.29|2.10|-0.63|0.17
1.19|0.19|-0.83|-0.92|-0.06|-0.09|-0.70|-0.29|0.87|0.44|1.41|0.50|1.93|2.11|-1.14|-1.37|1.56|-0.58|0.78|0.62|-0.84|-0.46|-0.60|1.42|-0.09|-1.17|0.34
0.95|0.24|0.31|-0.84|1.06|0.97|-0.42|0.58|0.33|0.76|-0.33|-0.99|1.63|0.72|0.94|0.25|0.22|0.94|1.10|0.64|-1.06|-0.09|-0.74|-0.38|-0.38|-1.08|0.39
------ Dim separator ------
0.42|0.76|-0.17|-0.63|-0.17|-0.51|-0.51|0.61|-0.54|-0.39|-0.42|0.94|-0.57|-0.36|-0.22|-0.45|0.96|-0.50|-0.27|-1.07|-0.89|-1.09|1.11|0.36|-0.33|1.58|0.06
-0.97|0.73|-0.43|-0.30|1.01|-0.16|1.18|-0.53|-0.59|-0.47|0.05|-1.08|-0.63|0.15|-0.34|0.20|-0.25|-1.14|0.34|0.07|-0.79|1.30|-0.48|0.28|0.62|0.09|-0.13
0.35|1.08|0.40|1.24|-0.77|-0.34|0.34|1.08|-0.76|-1.49|0.21|-0.27|-0.32|0.53|0.70|0.85|0.36|-0.05|0.62|-0.07|-0.74|-1.22|0.27|0.19|0.36|0.49|-1.07
1.68|-0.52|1.83|-0.34|1.10|-0.66|0.96|0.41|0.33|0.60|1.05|-0.82|-0.93|-0.33|1.77|-0.95|-0.04|-1.06|-0.26|-2.24|-0.52|0.24|0.34|0.37|0.28|0.98|-0.18
-0.25|-0.35|-0.41|-0.31|-0.97|-1.19|-0.48|1.75|-1.13|2.28|-0.20|-1.26|0.27|-0.56|1.20|-0.34|0.73|0.08|-0.18|0.18|0.32|0.17|0.40|-1.05|0.14|-0.64|-0.60
------ Dim separator ------
0.71|0.66|-1.07|0.72|0.31|0.66|-0.45|-0.33|-1.03|-0.84|-0.90|1.25|1.16|0.30|1.33|-0.83|-0.31|-0.66|0.34|0.50|-0.16|0.60|-1.10|-0.79|0.77|0.09|-0.38
0.07|0.60|-0.29|-0.05|-0.16|0.66|0.69|-2.05|0.28|-1.71|-0.14|-0.30|0.06|-1.12|0.04|0.29|0.61|-0.93|-0.23|-0.79|-1.03|-0.39|-0.87|0.13|-1.48|-0.67|0.24
-0.47|0.66|-0.03|1.04|0.14|0.34|-0.46|-0.29|0.32|0.57|1.03|-0.51|0.52|0.86|2.52|-1.17|-1.68|-0.05|0.37|0.13|-0.16|0.35|-0.13|0.90|1.34|0.95|0.72
0.44|-1.74|0.60|-0.04|0.19|0.44|-0.69|0.06|0.12|-0.48|-1.34|0.49|0.48|-0.82|0.26|0.11|0.22|0.75|-0.98|0.19|1.27|0.08|0.04|0.16|1.08|-0.57|-0.47
-0.67|-0.26|-0.96|0.31|-0.73|-0.04|-0.73|-0.05|0.01|0.01|-0.81|-0.17|0.36|-0.71|-0.03|0.71|-0.19|-1.16|0.61|-0.46|-0.16|-0.29|-0.99|1.16|-1.02|-0.15|-0.14
