------ Dim separator ------
-2.42|0.51|0.10|-0.71|-0.35|0.29|-0.51|0.21|-1.78|-0.24|0.27|1.14|0.14|-1.23|-2.17|0.96|0.22|1.47|-0.26|-0.49|-0.75|-0.88|-0.73|1.23|1.25|1.02|0.87
0.08|-0.62|-0.43|1.34|-1.11|-0.04|-0.50|0.85|-0.63|-0.15|-1.40|-0.66|0.33|0.03|-0.28|-0.08|0.13|-0.67|0.08|0.68|-0.44|-0.38|-1.48|0.54|0.23|0.02|0.89
-0.04|-0.58|-0.62|0.85|-1.05|1.22|0.85|1.55|-0.87|-0.08|-1.34|0.24|0.04|0.28|-0.78|0.30|-1.13|-0.58|-0.16|-0.75|-0.36|0.86|0.40|-0.13|0.22|0.19|-0.35
-0.65|0.06|-0.60|-0.74|0.61|-0.55|1.07|0.74|-1.55|-0.37|-0.75|-0.08|0.41|1.38|0.85|0.57|1.02|-1.12|0.08|-1.49|-0.24|-1.61|1.04|-0.66|-1.93|-0.06|-0.67
-0.62|-0.22|-0.50|0.81|0.89|-1.09|-0.14|0.41|-0.41|-0.83|-0.04|0.04|-1.14|-1.39|0.21|0.21|0.15|-0.70|-0.26|0.20|0.22|0.56|-0.02|-0.59|0.69|0.31|0.34
------ Dim separator ------
-1.25|-0.12|-0.26|0.16|1.16|-0.03|0.26|-0.71|0.25|0.67|0.67|0.53|0.00|0.87|0.26|0.63|1.24|1.42|0.90|-0.38|0.56|1.30|-0.20|0.51|0.02|-1.62|-0.68
-1.52|0.76|0.72|0.49|0.64|0.46|0.54|0.52|1.04|-0.55|-0.33|0.37|1.11|-1.00|0.72|-0.73|-0.69|-0.89|0.44|-0.51|0.86|0.32|-0.33|0.72|0.66|-1.21|0.46
0.51|0.16|-0.16|-0.42|0.07|0.35|0.82|-0.13|-0.39|0.57|0.87|-0.27|1.01|-0.96|1.38|-0.51|-0.29|0.68|-0.70|0.19|-0.88|-0.22|1.12|0.18|0.04|0.90|0.20
-0.36|-0.92|0.49|0.73|-0.40|0.75|-0.66|-1.43|0.49|0.92|0.25|-0.69|-0.05|-1.03|0.16|0.49|0.16|-0.07|-0.25|0.01|0.61|0.32|0.21|0.52|-1.00|0.23|1.17
0.48|-0.24|-0.22|-0.73|1.03|-0.18|-0.40|-0.42|-1.14|0.99|1.82|-0.87|0.74|1.19|-0.57|0.52|-0.60|0.22|-0.24|-0.89|0.40|-0.22|-0.63|1.19|-0.35|0.17|-0.19
------ Dim separator ------
-2.00|-0.83|0.16|0.49|1.67|0.39|1.48|-0.38|-0.40|0.89|-0.58|0.49|-0.03|-1.07|-0.20|-0.73|0.89|-1.26|-1.01|1.99|-0.52|0.46|0.07|-0.44|0.31|0.18|1.66
1.39|0.54|-0.97|0.82|1.46|-0.96|0.13|-0.78|0.33|0.51|-0.06|1.02|-0.26|-1.16|-0.49|-1.18|-0.80|-0.04|0.03|-0.13|0.69|0.22|0.49|1.12|1.02|-0.70|-0.30
-1.10|-0.95|0.92|-0.31|-0.60|-0.66|-0.19|-0.04|0.42|-0.92|1.01|0.15|-0.25|0.85|1.41|-0.47|0.43|0.13|-0.76|2.02|-0.12|-0.83|-1.59|0.26|0.07|-0.46|-1.11
0.54|0.62|0.17|0.59|0.28|0.29|0.42|0.33|-0.57|0.26|1.25|-0.66|1.27|-0.06|0.45|0.29|0.95|0.38|1.13|0.49|0.62|-0.17|2.07|0.86|0.12|0.79|-0.90
1.01|-0.86|0.99|-0.12|0.26|0.03|1.27|0.41|1.02|-0.59|1.57|0.86|0.48|0.57|0.29|-0.08|0.28|0.08|-1.34|0.41|2.47|-1.45|-0.36|-1.89|-1.17|-0.01|1.61
------ Dim separator ------
1.00|1.41|0.76|-0.82|0.39|0.46|-0.41|0.43|-0.35|-0.41|-0.91|-0.64|-0.31|-0.35|0.84|-0.82|0.27|0.89|-0.51|-0.33|0.21|-0.98|0.50|-1.09|0.63|-1.33|-1.31
-0.43|0.00|0.38|0.44|1.35|1.19|0.31|0.41|-0.44|0.02|-1.02|-0.21|1.69|-0.86|-1.40|-0.40|1.48|-0.83|-0.24|0.97|0.13|-0.03|0.58|-0.30|0.09|0.92|-0.60
0.58|0.49|-0.17|0.84|0.56|0.50|-0.14|0.76|-0.10|-0.50|0.43|0.92|0.53|0.92|0.49|0.98|0.29|0.59|-0.54|-0.31|-0.68|-0.23|0.41|0.66|0.82|0.05|2.09
-0.51|-1.25|-0.54|0.24|-0.19|-0.06|1.26|0.70|-0.23|0.07|1.17|1.68|-0.38|-0.88|-0.25|0.43|-0.52|-0.24|-0.82|0.02|0.12|0.09|0.09|1.54|0.53|1.08|-0.46
-0.08|0.83|0.13|-0.91|-1.25|0.22|-0.47|0.89|0.12|-0.64|1.17|0.64|-0.64|1.03|-0.40|-1.16|0.18|-1.25|0.46|0.49|0.63|-0.22|0.44|-0.40|1.32|-0.89|-0.45
------ Dim separator ------
0.01|-0.72|0.00|-0.57|0.06|-0.16|-0.25|0.52|0.29|-0.96|-1.05|0.58|0.16|-1.97|-0.69|1.84|0.11|-1.22|0.54|1.28|-0.75|0.54|0.42|0.31|0.86|-0.57|-0.07
-0.61|0.13|-1.04|0.70|0.08|-0.04|-0.90|-0.58|0.57|0.60|0.30|-0.65|-0.67|0.31|-0.64|1.24|0.06|-1.08|0.94|0.12|-0.75|1.00|0.68|0.51|1.20|-0.88|0.31
-1.67|-0.64|0.54|-0.21|0.47|0.76|-1.07|-0.65|-0.44|-0.69|0.22|-0.55|0.11|-0.15|-0.22|-0.51|-0.28|0.69|0.51|-0.22|-0.24|-0.91|-0.03|-0.08|-0.64|-1.34|1.29
-1.36|0.24|0.14|1.20|-0.93|-0.15|-0.38|-0.05|0.27|-0.39|-0.64|1.40|-0.41|0.21|0.77|0.28|0.04|0.62|0.56|-0.68|1.62|-0.87|0.93|1.34|-0.51|-0.23|0.43
1.22|-0.24|-0.22|1.96|-0.62|-0.34|-0.43|-0.33|1.42|-0.52|-0.12|-0.70|0.82|-0.96|0.09|0.70|0.89|0.14|-0.06|-0.87|1.67|-0.80|0.06|1.21|-1.25|-0.09|0.22
