------ Dim separator ------
-0.05|-0.01|0.01|-0.00|-0.02|0.01|-0.00|-0.00|0.00|-0.00|-0.01|-0.03|0.03|-0.03|-0.00|-0.02|0.02|0.02|0.00|-0.02|0.01|-0.01|0.01|-0.02|-0.00|-0.00|0.01
0.02|0.01|-0.01|0.01|-0.01|0.01|0.01|0.00|0.04|-0.00|-0.02|0.01|0.01|0.01|0.00|-0.00|0.03|0.02|0.01|-0.01|0.02|0.01|0.01|-0.03|0.03|0.01|-0.02
-0.02|0.01|0.00|-0.01|-0.00|-0.02|0.03|-0.01|-0.05|0.02|-0.01|-0.03|-0.01|0.00|-0.02|0.00|-0.01|-0.02|-0.01|0.02|-0.02|-0.00|-0.01|0.01|-0.01|0.00|-0.03
-0.02|-0.02|0.03|-0.01|-0.02|-0.02|-0.02|0.00|0.01|0.02|-0.02|-0.02|0.03|0.00|-0.02|-0.01|0.05|-0.04|-0.00|0.01|0.02|0.02|0.07|0.05|-0.03|0.00|-0.03
0.00|-0.01|0.00|-0.01|0.02|-0.01|-0.02|0.00|0.01|0.01|-0.00|0.00|0.03|0.01|-0.01|0.01|-0.01|-0.03|-0.01|-0.02|0.01|0.03|-0.00|0.01|-0.01|-0.02|-0.01
------ Dim separator ------
-0.02|-0.01|-0.01|0.00|-0.01|0.02|-0.04|0.06|0.03|0.02|0.01|0.01|-0.00|-0.01|0.02|0.02|-0.01|-0.01|0.01|-0.00|0.01|0.01|0.03|0.01|-0.00|0.01|-0.00
-0.01|0.04|0.01|-0.01|0.01|0.03|0.01|0.00|0.01|0.00|0.03|0.04|-0.01|0.01|-0.01|0.00|-0.03|-0.01|-0.00|0.00|0.01|-0.04|0.00|0.01|-0.04|-0.06|0.02
0.01|0.04|-0.01|0.01|0.01|0.01|-0.01|-0.01|-0.03|-0.01|0.00|-0.02|0.01|0.02|-0.03|0.02|0.04|-0.02|0.03|-0.01|0.00|0.00|-0.01|-0.01|0.02|0.00|0.01
0.00|0.00|-0.00|0.00|-0.01|-0.00|-0.01|-0.01|0.02|-0.03|-0.04|0.00|0.02|-0.01|0.00|0.03|0.03|0.03|-0.01|-0.01|0.00|-0.05|0.01|0.01|0.00|-0.00|-0.03
0.02|-0.00|-0.00|-0.00|0.03|-0.01|-0.02|-0.00|-0.01|0.02|-0.00|-0.04|0.02|0.04|-0.00|0.00|-0.01|-0.01|0.02|0.01|-0.01|0.01|-0.03|0.02|-0.01|0.01|0.01
------ Dim separator ------
-0.06|0.02|-0.02|0.06|-0.01|-0.02|0.02|-0.03|0.03|-0.01|0.03|0.01|-0.01|-0.02|0.00|0.01|0.03|0.02|0.01|-0.04|-0.03|0.00|-0.02|0.01|0.01|-0.03|-0.02
-0.02|0.01|0.02|-0.02|0.02|0.01|-0.00|0.01|-0.00|-0.00|-0.01|0.05|-0.00|-0.04|0.01|-0.00|-0.01|0.02|0.00|0.02|0.02|0.00|-0.01|0.01|0.02|0.03|-0.03
0.01|-0.01|0.01|0.02|0.03|-0.05|-0.02|0.01|0.02|-0.01|0.00|0.02|0.01|-0.01|0.01|-0.03|0.01|-0.02|0.01|-0.01|-0.00|-0.01|-0.02|0.00|0.04|0.03|0.01
-0.01|-0.03|-0.00|0.04|-0.03|0.00|0.03|0.02|0.00|0.00|0.00|0.02|0.00|-0.00|-0.01|-0.00|0.02|0.02|0.02|0.02|-0.01|0.05|0.01|-0.01|0.00|0.01|-0.00
-0.03|0.02|-0.06|0.00|-0.05|-0.01|0.01|-0.01|0.01|0.03|0.00|0.02|-0.01|0.01|0.03|-0.01|0.01|-0.01|0.04|0.00|-0.02|0.00|0.05|-0.03|-0.01|-0.02|-0.01
------ Dim separator ------
0.01|0.00|-0.03|-0.02|0.00|-0.03|-0.02|0.00|0.00|-0.02|-0.01|-0.02|-0.01|-0.01|0.02|0.02|-0.00|-0.02|0.00|0.00|0.01|0.00|-0.03|-0.01|0.02|0.01|-0.03
-0.03|-0.01|0.05|-0.01|-0.03|0.02|0.03|-0.02|-0.02|0.00|-0.01|-0.00|-0.02|0.01|-0.03|-0.04|0.00|-0.00|0.02|-0.01|0.01|-0.04|0.04|0.01|0.03|-0.00|-0.00
0.03|0.01|0.01|0.01|0.02|-0.03|-0.02|-0.01|-0.01|-0.01|-0.03|-0.04|0.03|-0.03|-0.02|-0.01|0.00|-0.01|0.03|-0.00|-0.02|-0.02|0.01|0.01|-0.00|-0.00|0.01
-0.02|-0.01|-0.02|-0.00|0.01|-0.00|-0.03|0.04|-0.00|-0.00|-0.02|0.02|-0.02|-0.03|-0.01|-0.01|-0.03|0.02|0.02|-0.00|0.00|-0.04|-0.03|-0.01|-0.06|0.01|-0.02
0.02|-0.00|-0.02|-0.01|-0.01|0.01|-0.02|-0.05|0.01|-0.05|0.00|-0.04|0.01|-0.01|0.02|-0.03|-0.03|-0.02|-0.00|0.01|-0.00|-0.05|0.02|0.00|0.00|-0.03|0.04
------ Dim separator ------
-0.02|0.00|0.02|0.02|-0.02|0.02|-0.01|-0.01|-0.02|0.01|0.02|0.03|0.01|0.03|0.01|0.03|0.01|-0.03|0.01|0.02|0.02|-0.05|0.01|-0.01|-0.02|0.01|0.00
-0.06|-0.01|0.02|-0.04|-0.01|0.02|-0.00|0.00|-0.04|-0.03|-0.00|0.01|0.02|0.01|-0.03|-0.01|-0.00|0.03|-0.01|0.02|0.05|0.02|-0.00|-0.03|0.01|0.02|0.02
-0.03|0.01|-0.00|-0.02|0.01|-0.02|0.01|0.01|-0.04|0.01|-0.04|-0.03|0.01|-0.05|-0.03|-0.03|0.00|0.02|0.01|-0.02|0.01|0.01|-0.01|-0.02|-0.01|0.01|0.01
-0.02|0.03|-0.01|-0.02|0.04|-0.01|-0.02|-0.00|0.03|0.03|-0.01|0.01|-0.03|-0.01|-0.03|-0.02|-0.04|-0.00|-0.02|0.01|0.05|0.01|0.00|0.02|0.01|0.01|-0.02
-0.01|0.00|-0.01|-0.02|-0.02|0.01|0.04|0.02|-0.00|0.02|0.01|-0.00|0.01|0.03|-0.03|0.01|-0.02|-0.02|-0.00|0.01|0.00|0.01|0.03|-0.02|0.00|0.01|-0.01
