------ Dim separator ------
0.59|-2.36|1.94|-0.82|-2.04|-1.81|-0.99|0.69|-2.02|0.04|0.58|-0.54|-1.26|-0.16|0.45|1.11|0.11|-0.66|1.33|-0.12|-0.94|0.90|2.21|2.47|-2.03|-0.39|1.16
0.55|-2.32|-0.65|-0.94|-0.45|-1.63|0.06|0.86|0.73|1.12|0.78|-1.18|1.03|0.46|1.91|1.79|0.29|-0.16|1.52|0.67|0.42|-2.41|-1.29|0.37|-1.09|-0.10|-1.89
0.06|-0.44|-1.06|-0.56|-0.79|0.95|0.19|0.92|-1.22|-0.98|1.08|-0.11|1.84|0.80|2.36|0.29|1.74|1.18|2.41|1.52|-0.17|0.61|1.07|-0.70|-2.32|-1.82|-1.44
0.24|1.41|-0.18|-1.61|1.27|-1.22|-0.20|-1.33|-0.95|1.36|-0.77|-1.29|-0.99|-0.83|0.01|0.08|1.48|-1.62|0.06|2.46|0.16|0.97|2.08|-1.43|1.31|-2.50|-0.41
-1.43|0.15|-0.71|-1.15|-1.17|1.37|-0.52|-0.81|-1.75|0.27|0.60|-0.66|0.63|0.41|-1.39|-0.38|-0.86|0.75|-2.95|1.44|-0.47|0.29|-0.74|1.09|-0.41|-1.35|0.65
------ Dim separator ------
2.33|-1.36|4.06|1.61|-1.26|-0.99|0.55|1.77|0.90|-1.53|0.35|0.39|0.59|-2.44|0.41|-1.97|0.54|-0.24|-1.88|-2.09|1.10|-1.12|-0.30|0.12|-0.05|0.84|-0.97
-1.19|-1.27|-0.52|-0.26|0.94|1.14|0.82|-0.67|0.88|0.38|-0.20|-0.57|0.14|-1.46|-1.72|-0.44|-0.00|-1.36|-0.76|0.32|-0.83|-1.93|-0.52|1.99|0.17|0.98|1.28
0.31|-1.34|-0.42|1.24|-0.47|0.06|-1.74|1.19|1.41|2.10|-1.36|-1.22|-1.20|3.12|2.34|0.87|-2.04|1.36|-0.82|0.89|0.30|0.66|-1.74|0.22|0.47|1.18|2.36
-0.03|2.10|0.25|0.38|-0.09|-3.06|-0.53|1.87|-0.12|-1.45|0.55|1.19|-0.54|1.14|1.39|0.95|-0.73|-0.05|-1.74|-1.87|0.20|1.76|0.56|-0.55|-0.98|2.23|0.70
0.63|2.18|2.18|-1.55|-1.88|-1.05|-1.02|1.76|1.06|1.45|-2.13|1.19|-1.01|1.00|-2.17|-0.15|-2.37|0.47|4.01|0.85|0.90|-0.59|0.20|1.07|1.00|-2.12|-1.07
------ Dim separator ------
2.54|1.80|-0.41|-0.06|0.42|1.92|-0.84|-1.00|1.91|-0.60|-1.89|2.91|1.73|-0.61|-0.44|-0.45|-2.42|-0.20|-1.19|-1.93|-0.91|0.46|0.88|0.38|1.09|0.80|-1.39
-0.43|-1.86|0.95|0.97|-1.78|0.66|0.66|-1.30|-0.59|1.12|-0.01|-0.73|1.73|2.19|0.82|0.16|-0.18|-0.82|-0.03|-1.05|1.83|-0.68|1.75|-1.32|1.47|-1.99|0.27
-2.08|0.21|2.14|-1.65|1.78|0.08|1.12|1.01|1.33|-2.06|-1.41|-0.50|0.91|1.19|-1.70|2.71|0.74|-0.93|1.52|-1.53|1.18|1.07|2.20|0.96|0.19|1.93|-0.44
0.04|0.29|0.68|0.48|0.49|-1.92|-1.55|-1.05|3.01|3.34|-1.96|-0.51|-0.27|0.43|-0.59|-0.41|-0.87|-0.37|0.73|-1.11|1.05|-2.26|-3.07|-0.48|1.07|-1.61|0.31
-0.89|0.06|-1.35|-0.54|-1.23|-0.21|1.88|-2.68|2.32|1.56|-0.21|-0.29|-0.93|-1.88|-1.81|1.59|-0.52|-0.25|-1.13|-0.65|0.67|-0.21|-1.25|-0.21|1.30|-2.69|0.49
------ Dim separator ------
-0.44|-0.10|-2.60|0.80|-0.84|1.87|-2.03|-0.88|0.47|1.92|1.04|-0.52|0.44|0.20|-0.42|0.44|-0.85|-1.89|-0.61|0.78|2.00|-0.76|-0.68|1.70|-2.46|2.24|1.58
0.92|-0.72|0.82|-3.35|-0.37|0.39|1.58|-1.05|1.45|0.31|-1.66|0.11|0.20|-0.24|-1.11|-0.74|0.57|2.16|-1.26|1.89|-2.50|-1.40|1.35|-0.72|-1.59|-3.38|1.03
-0.84|-0.13|0.65|0.07|1.47|1.12|0.68|-1.46|-1.22|-0.04|-2.01|-0.71|-3.88|0.13|3.40|0.51|-0.89|1.12|-1.99|2.23|-1.33|1.36|1.56|-0.19|-0.25|-1.03|0.37
0.29|0.20|1.87|-1.94|2.24|-0.49|0.08|0.36|1.52|-1.80|1.52|-0.16|-0.94|-2.98|-0.11|0.46|0.98|2.02|2.09|-1.14|-1.83|0.68|-0.65|-0.97|-0.61|-0.12|-1.42
-1.53|0.80|-2.19|3.15|-0.52|-1.56|-0.03|-0.30|-0.71|0.48|-0.15|-0.45|-1.07|2.61|1.67|2.52|-1.76|2.63|0.07|1.18|-0.22|1.80|-1.21|-2.00|0.25|-0.27|2.73
------ Dim separator ------
1.86|0.73|-0.93|-0.70|-1.75|1.32|1.20|-1.94|-1.76|0.96|1.96|-1.35|0.11|-0.38|0.88|-0.39|1.17|0.18|-0.01|-0.08|1.07|0.82|0.50|-0.22|-0.66|1.02|0.45
0.92|-0.41|1.98|-0.72|-0.38|0.24|1.83|0.44|0.36|-1.40|0.26|0.14|-2.46|-0.97|1.48|-2.27|-2.94|0.19|-0.31|-0.18|-1.44|-1.64|2.06|-2.33|-1.10|2.63|0.37
-0.46|-0.67|-0.93|-0.14|-1.19|-0.83|-1.72|0.70|0.09|0.14|-2.18|-1.70|1.73|-1.14|0.49|0.06|1.74|0.36|-0.03|-2.87|0.10|-0.31|-0.33|-0.93|1.00|0.04|-0.50
0.91|1.24|0.64|-2.52|1.89|1.29|-2.21|1.01|0.41|-1.44|1.99|-0.73|1.64|-0.10|-1.07|0.69|-2.24|3.69|1.30|1.33|-0.78|-0.45|-0.68|1.05|-0.58|0.55|0.72
-1.42|0.91|0.79|-2.24|1.07|1.25|0.84|2.08|-2.03|-1.21|-0.24|-0.39|-0.01|-0.26|0.42|-1.48|-1.49|-0.67|1.57|0.11|-1.49|0.64|-0.95|0.33|1.34|0.25|-0.46
