------ Dim separator ------
1.53|1.15|-0.86|-0.17|-0.33|-2.48|-1.08|-1.74|0.00|0.08|1.21|-1.10|-0.39|-1.75|0.45|-0.75|-0.55|-0.45|3.08|1.14|-0.10|-1.16|-1.09|-0.39|-0.13|0.11|-0.23
0.63|0.45|-2.29|-0.73|-1.22|-1.36|1.18|1.37|-1.64|-0.89|0.64|1.00|-0.15|1.68|0.40|0.12|-0.88|0.16|0.09|1.44|-0.30|1.15|-0.19|0.81|-0.97|-0.66|0.12
-1.00|-0.12|0.43|1.61|-0.57|-0.76|-0.80|-0.71|0.48|1.81|0.25|1.93|0.31|0.23|-0.91|-0.27|1.28|1.35|-1.05|0.84|0.25|1.99|0.65|-0.61|-0.03|0.86|0.21
0.64|1.37|-0.05|-1.13|0.98|-0.39|-0.26|-0.82|-0.82|-1.12|-1.19|-1.29|0.76|0.42|-1.11|-0.06|-0.08|1.99|-1.32|0.23|0.05|2.18|0.12|-0.41|1.39|0.76|-2.02
-3.02|1.17|0.51|-2.11|-0.94|1.22|0.78|0.02|-0.40|-0.79|-1.55|-0.60|0.64|0.42|2.95|-0.81|2.48|0.51|0.91|0.49|0.66|-0.78|-0.27|1.86|-2.06|-0.37|-0.94
------ Dim separator ------
0.48|-0.38|-0.02|1.06|0.15|1.56|0.72|0.89|-1.84|1.68|-1.30|0.80|-0.50|0.02|-2.23|2.16|-0.31|-1.99|-0.14|0.01|-0.32|1.36|-0.14|0.18|0.83|2.02|-0.14
0.82|-0.85|0.48|-0.84|0.14|2.34|1.82|0.60|-1.04|0.77|-1.97|0.99|-0.12|-0.40|1.04|0.53|0.85|-1.44|-2.91|1.60|-1.13|-0.70|-1.11|-0.54|-2.40|2.15|-1.08
-1.20|-0.84|-0.34|-0.41|2.09|-0.42|-0.63|-0.98|1.49|-0.15|-1.85|0.75|-1.02|0.64|-2.23|-1.28|2.48|-1.32|0.19|1.26|-2.57|-1.35|2.48|-1.36|0.44|0.58|0.33
-0.49|0.06|-1.26|-0.37|-1.76|1.03|1.02|0.76|0.79|0.33|3.55|0.56|-0.08|-1.33|-2.07|0.31|1.35|-0.29|-0.38|1.44|-0.83|2.50|-0.86|0.57|-0.94|-0.30|0.38
-2.56|-0.08|0.02|0.08|-0.32|-1.32|-0.15|-0.82|1.39|1.27|-1.44|-0.49|0.30|-0.49|-1.68|-0.14|0.82|-0.18|-0.44|0.96|1.47|-0.17|-0.28|0.92|-0.72|0.51|-0.22
------ Dim separator ------
2.03|1.04|0.36|0.68|1.20|0.68|1.36|0.75|1.91|-2.10|-1.18|1.64|-0.82|-0.31|-0.31|-2.29|2.15|1.44|2.65|-1.19|-1.65|0.86|-2.18|0.13|-0.98|-2.51|-1.16
-2.73|-1.18|-0.12|-0.47|-1.70|-1.42|-1.64|0.72|-0.16|-0.36|-0.32|-0.59|0.04|-0.59|0.55|0.93|0.44|0.29|0.35|-0.40|1.21|0.46|0.05|0.21|-2.10|0.70|-0.94
0.95|-0.12|0.29|-0.00|1.20|-0.58|1.81|1.54|-0.01|2.18|-1.72|-1.76|-1.50|0.13|-0.56|1.16|1.60|-0.87|-0.94|-1.54|-0.95|-1.68|0.72|0.73|0.17|-1.11|2.03
-1.67|0.55|-0.20|-0.69|-0.27|1.71|1.41|-2.08|0.28|0.86|-1.55|1.42|1.02|0.78|0.71|2.11|-1.64|0.06|-0.02|0.50|-0.58|0.84|1.26|-1.95|1.62|1.27|1.84
1.23|-0.03|0.33|1.18|-0.16|-2.23|-0.60|1.18|0.04|1.19|-1.05|-0.82|0.55|-2.46|-0.56|1.81|-1.69|1.77|1.67|1.90|-2.25|-1.13|2.39|-1.62|1.04|1.00|-0.76
------ Dim separator ------
-0.72|1.08|-1.47|-1.06|-0.16|-0.80|0.15|-0.70|2.29|-0.46|1.10|0.17|-1.47|-0.85|-0.90|2.56|0.35|1.00|-1.71|0.68|0.48|0.23|-0.78|1.54|-0.78|-0.89|1.17
-0.80|-1.75|-1.98|0.21|-0.83|-0.18|1.68|-0.16|1.18|1.59|1.53|1.34|0.64|1.14|1.42|-2.22|0.31|-0.33|0.02|1.24|-0.46|-0.16|2.69|-1.04|0.39|-0.62|0.18
0.21|-1.68|-0.71|-1.16|0.79|-1.02|-1.12|-2.06|1.75|1.36|-1.15|-2.26|0.41|1.99|-2.06|-1.77|-1.07|0.43|0.46|-2.38|-1.06|-2.14|0.23|1.16|-1.92|1.80|1.53
-2.00|-0.51|1.43|0.48|1.83|2.24|-0.72|0.25|-1.31|-1.40|-0.27|0.02|1.92|1.43|-1.32|0.18|-0.80|0.40|0.01|2.70|0.42|-0.01|0.82|-1.11|1.97|-1.75|2.29
0.36|-1.35|0.45|-0.69|-0.05|-0.05|0.01|0.91|1.14|-1.37|-1.40|0.05|-0.48|1.46|-2.19|0.17|0.33|0.01|0.27|-1.99|-2.05|-2.61|0.19|1.02|-1.53|2.36|1.02
------ Dim separator ------
0.28|-2.59|-0.66|1.33|-0.91|-0.02|-1.81|-0.17|-0.03|-1.14|1.41|1.52|-0.03|2.17|0.52|-1.85|-0.43|0.16|-0.37|-2.24|-0.52|1.07|-1.06|0.40|-1.32|2.45|0.20
1.04|1.65|0.28|-0.51|-1.48|1.21|-1.21|-1.86|-0.29|-1.28|0.75|0.23|-0.08|-0.55|-0.16|-1.64|-0.15|-0.43|-2.24|1.95|0.72|2.53|1.29|-0.35|-0.35|0.64|2.27
2.41|-1.17|-3.04|0.48|0.09|2.60|0.04|0.35|-0.24|-0.27|-1.50|1.85|0.74|0.81|-0.54|1.59|0.91|-0.89|2.31|-0.94|-1.00|-0.39|1.67|-0.56|1.04|1.00|-1.35
1.88|1.35|1.15|-0.07|1.16|1.08|-0.52|-0.83|-0.58|0.67|0.59|0.78|1.28|1.00|-1.92|1.41|2.48|-0.15|0.46|-0.54|0.01|-0.08|-0.97|-0.92|-0.91|0.16|0.37
-1.83|-1.24|-1.30|0.59|-1.25|-1.80|0.26|1.90|-1.20|-0.90|-0.27|1.96|-0.72|-0.26|-2.47|-0.67|1.75|1.80|-1.02|0.87|1.23|-0.20|-0.68|-0.65|-0.40|0.24|1.54
