------ Dim separator ------
-0.81|-0.82|-0.30|0.29|-0.84|0.79|1.04|-0.10|1.10|0.01|-1.94|-0.54|0.25|0.44|0.81|-0.23|-1.11|-1.95|-0.03|1.29|-0.10|-0.20|0.57|-0.46|0.41|-0.18|-0.70
0.57|0.46|0.55|-0.72|-0.51|0.49|-1.42|-1.21|1.13|-0.62|-0.99|0.50|1.37|-1.36|1.85|-0.50|-0.05|-0.33|-1.21|-0.85|-0.24|-0.63|0.89|1.24|-0.18|-0.06|1.13
0.35|0.68|0.16|-1.90|1.39|-0.03|0.32|0.21|0.42|1.29|-0.91|-0.61|-0.58|-0.59|-0.07|-0.91|0.04|-1.28|0.74|-0.69|-1.32|1.46|0.78|0.98|0.02|0.18|1.46
-0.98|2.02|-0.46|0.39|1.36|-1.36|1.18|-1.64|0.54|0.33|0.78|0.28|-0.58|1.14|1.29|-0.11|-1.06|0.30|1.06|-0.06|0.50|-0.25|-0.43|-0.12|0.53|0.07|0.07
-0.85|0.62|0.21|0.67|0.09|-0.16|0.10|1.71|1.60|0.08|0.78|-1.61|0.78|1.70|-0.24|-2.13|-0.13|0.46|-0.33|-1.42|1.28|0.64|0.72|-0.15|0.91|-0.19|0.44
------ Dim separator ------
-0.30|-2.08|-0.23|-0.32|0.06|-1.16|0.34|0.82|0.70|0.04|0.30|-0.99|1.68|0.41|-0.08|-0.72|-1.80|0.06|0.82|-0.06|-0.05|-0.68|-1.55|-1.57|-2.01|0.25|1.37
0.55|0.27|1.72|0.13|-1.98|-0.34|-0.29|0.67|-2.24|-0.55|0.08|-0.37|0.82|0.72|1.75|-0.73|-0.02|-0.49|-0.34|0.24|0.48|1.76|0.28|0.68|0.96|-0.76|-0.27
1.06|0.27|1.32|-0.77|-0.26|-0.64|1.07|-1.18|-0.24|-0.88|-0.46|0.91|0.43|-1.03|-0.92|1.40|1.09|-0.97|-1.63|0.09|0.12|1.06|-0.19|1.15|0.19|0.07|-0.71
-1.06|-1.29|1.39|0.25|0.89|-0.92|-1.22|0.36|-1.04|-0.12|-0.87|-1.69|-0.33|-1.70|-0.95|-0.61|1.27|0.62|-0.06|0.46|0.51|-0.18|1.27|-0.22|0.92|0.76|0.28
-0.09|-0.44|0.12|1.03|0.97|0.99|-1.16|0.20|-0.19|-1.17|1.08|0.90|0.32|0.17|1.67|0.52|0.73|-0.40|-0.20|-1.67|0.38|0.48|-0.08|-0.35|-0.65|1.00|-0.09
------ Dim separator ------
-0.04|-1.25|-0.13|0.23|0.38|-0.42|0.61|-1.06|-1.34|0.92|1.91|-0.51|0.07|0.07|-0.15|0.79|-0.22|0.26|0.26|0.07|0.69|-0.59|0.61|-0.13|1.72|0.07|-0.71
1.67|0.88|-0.79|-0.45|-0.93|-0.12|-0.29|-0.75|0.91|0.42|-0.32|0.25|-0.43|0.33|0.38|-0.57|0.43|-0.70|-1.15|-1.03|-0.93|0.34|0.23|-1.33|0.42|0.82|0.38
1.00|-0.13|-0.60|-0.21|0.57|-0.22|-0.97|-1.07|-1.15|-0.13|0.54|0.04|0.27|-1.78|-0.52|-0.57|-0.67|1.02|1.69|1.43|1.63|1.47|-1.12|-1.45|0.21|-0.01|0.54
-0.80|-0.65|-0.07|-0.40|-1.33|0.57|-1.17|-0.36|0.14|-0.62|1.07|0.82|-1.36|-1.73|-0.06|-0.56|-0.76|-0.33|0.02|0.15|0.63|-0.86|-1.54|0.92|0.09|-0.48|-0.30
-0.65|-0.82|0.24|-1.72|1.14|0.83|0.11|0.51|-1.49|0.30|-0.41|1.45|0.04|0.68|0.90|-0.47|-0.84|-0.75|-0.11|1.47|1.71|1.02|-0.26|0.50|0.58|1.13|0.47
------ Dim separator ------
-0.15|0.54|-0.19|1.18|-0.39|-0.89|0.32|0.28|0.35|0.10|-0.19|-0.91|0.74|-0.76|-0.08|0.85|-0.32|-1.33|0.26|-2.14|-0.05|-0.42|0.82|0.40|-0.10|-0.12|0.70
-0.89|2.66|-0.70|0.19|-0.32|0.34|-0.46|0.71|0.37|-0.39|1.04|-0.09|-0.45|0.71|-0.59|-0.26|0.50|1.37|-0.10|-1.21|-0.18|0.84|-0.93|0.25|-0.19|-0.17|-0.51
-0.88|0.53|-0.49|0.51|-0.27|-0.86|0.58|0.32|-0.80|-0.11|0.65|0.43|-0.61|1.08|-0.98|-0.58|0.86|-0.64|0.26|0.25|-0.08|0.12|0.30|-0.49|-0.76|0.48|0.36
-1.00|2.47|0.17|1.59|1.75|-0.46|0.59|0.11|0.34|0.92|0.23|0.97|0.58|0.04|0.20|-0.73|0.76|-1.78|-0.52|1.23|-1.00|-0.38|0.18|1.46|-0.10|0.57|0.68
-0.75|1.01|-0.08|1.59|-0.57|0.04|-0.70|-0.92|-1.72|0.56|0.62|-0.55|-0.70|-0.66|0.33|-0.90|-1.32|0.49|-0.37|0.85|0.04|-0.81|-0.68|-0.09|0.25|-0.93|-0.50
------ Dim separator ------
0.50|0.52|1.54|-0.78|0.98|2.39|0.60|0.18|1.84|0.83|0.68|-0.31|1.04|1.22|-1.03|0.00|0.23|0.46|0.69|0.60|0.18|-0.89|-1.44|-1.35|2.26|0.58|1.03
-0.69|1.96|-0.87|0.40|-0.49|-0.75|2.17|0.34|1.12|-0.05|-0.93|1.78|0.13|1.81|1.04|1.49|0.19|-0.79|0.26|0.11|-1.12|1.82|0.47|0.06|-0.53|0.51|-1.78
0.88|1.25|-0.06|0.31|0.85|-0.48|-0.16|0.03|-1.21|1.84|-0.35|-0.32|-0.34|-0.10|-0.82|-0.43|-1.10|-0.44|0.31|0.08|1.46|-1.61|-0.39|1.57|-1.02|0.43|0.46
-1.36|-1.79|0.67|-0.72|-0.17|0.64|-0.70|0.47|-0.80|-0.45|-0.52|1.19|-0.76|-0.94|0.32|-0.27|-0.56|0.64|1.59|-1.58|0.00|0.97|0.05|0.11|0.02|-0.66|0.85
0.66|0.00|0.72|-1.27|0.20|0.65|-0.58|0.10|-0.05|1.53|-1.03|-0.33|1.14|-0.86|-0.23|0.93|0.07|-0.18|-0.47|-0.61|-1.28|-1.00|-0.53|0.86|-0.72|0.59|-0.01
