------ Dim separator ------
0.19|-0.21|0.48|-1.00|-0.18|0.29|0.27|0.71|1.22|-1.14|-0.30|-0.39|0.80|1.84|1.85|0.27|-0.21|-1.84|0.87|0.22|2.48|0.38|-0.47|-0.74|-0.16|-2.04|0.67
-0.41|1.18|-0.57|1.84|-1.77|-0.52|-0.19|0.27|-0.11|-1.51|0.05|-0.84|-0.78|0.66|0.56|1.51|2.53|-0.73|0.04|0.26|0.48|0.62|0.04|0.02|0.37|-0.37|0.44
-0.00|0.12|0.10|0.69|-0.55|1.51|-1.13|1.81|-0.33|0.55|-0.67|-1.31|-0.34|0.28|0.25|1.32|-0.03|-0.69|0.06|-0.17|-0.51|-1.12|-0.19|-1.34|0.49|0.41|1.55
-0.97|-0.42|-0.56|2.09|-0.57|-1.18|-0.30|-0.48|-0.55|-0.84|-0.01|-0.42|0.93|1.36|-0.77|0.82|0.13|-0.62|1.20|-1.21|-0.29|1.04|-0.57|0.09|0.71|1.28|-0.29
0.24|-0.51|0.94|-0.06|-0.47|-1.26|0.43|1.41|-0.85|-0.36|-0.17|-0.28|1.79|0.50|-0.68|-1.56|0.59|0.50|-0.43|0.60|-0.39|0.23|1.01|0.20|-0.09|0.41|-0.64
------ Dim separator ------
-0.33|-3.10|-1.38|-0.36|0.72|0.62|0.00|0.51|-0.06|-0.02|-0.65|-1.20|0.08|-1.69|-1.72|-0.10|0.10|-0.07|0.29|-0.61|2.44|-2.09|0.78|1.43|0.53|0.83|0.12
0.24|-0.16|0.18|-1.35|2.70|0.71|-0.44|2.01|0.60|1.48|-0.83|1.35|-0.02|-1.71|0.13|0.84|0.75|0.80|-1.70|0.91|0.22|-0.77|-0.35|-0.26|-1.40|-1.08|0.90
-0.33|0.95|0.40|-0.23|2.17|1.42|0.04|-0.59|-0.37|-0.62|-0.76|2.20|1.62|-1.36|-1.31|-0.48|1.47|-1.53|0.98|-0.35|1.04|0.24|0.43|0.35|-0.36|1.41|-1.06
-0.85|-0.86|-0.24|0.32|1.00|0.90|1.11|-0.36|-0.05|0.09|-0.20|-0.05|0.46|-1.20|-1.10|1.08|-1.08|-0.33|-1.24|0.29|-0.57|0.33|0.72|-0.17|0.27|-1.34|1.90
-0.17|-0.07|-0.26|1.07|0.70|-0.59|1.62|-0.31|-1.14|1.26|-0.97|1.26|0.95|-1.45|0.19|0.56|-0.41|0.32|-0.20|0.33|1.65|0.46|1.64|0.50|-0.73|-0.11|-0.84
------ Dim separator ------
0.31|-0.37|1.74|-1.75|-0.56|-0.60|-1.78|1.62|-0.32|-0.63|0.86|0.25|0.11|-0.47|-0.95|0.17|0.55|-0.85|-0.39|-1.84|2.83|0.67|0.01|0.79|0.11|-0.51|-1.08
0.05|0.41|-0.42|-1.81|0.16|-1.24|-1.00|1.10|-0.22|-0.48|0.69|-1.33|-0.51|-1.35|0.19|-0.49|-1.23|1.31|-0.87|-1.79|-0.01|-1.86|0.24|0.32|0.56|0.35|-0.32
-0.86|-0.32|-0.85|0.54|0.45|0.05|0.62|-0.70|0.71|0.83|0.49|1.24|-0.55|-0.52|0.21|-0.33|0.69|-0.65|0.42|1.06|-1.01|-1.26|-0.34|0.41|-1.10|-1.11|0.49
-1.45|-0.98|2.67|1.06|-0.15|-2.57|-0.33|-0.71|-0.65|-0.95|-0.38|-1.71|0.39|-0.49|-0.24|-0.09|1.67|1.15|-0.59|-1.53|0.58|0.58|0.81|0.07|1.21|-0.63|1.14
0.82|-0.31|2.09|0.14|-0.39|0.79|-1.10|-0.35|-2.18|-1.08|0.80|-0.49|-0.04|-0.64|1.63|0.58|-0.03|2.43|-1.20|0.73|-0.83|1.51|-0.27|2.25|0.01|0.61|-0.29
------ Dim separator ------
-1.67|-0.12|0.75|-0.53|-0.31|0.32|0.21|-1.29|1.03|-0.42|-0.16|-1.63|1.55|0.55|1.68|-0.97|-0.24|0.09|-0.82|-2.00|-0.56|-1.28|-0.51|0.06|0.32|-0.30|0.49
-1.16|0.04|-0.15|2.73|-0.28|-1.78|-0.19|1.13|-1.29|1.30|-0.55|-1.23|-0.82|-0.90|0.83|1.03|0.77|-0.47|-0.25|-0.81|-0.67|-0.77|-0.29|-0.18|1.42|-0.04|0.15
-0.41|0.75|-0.65|0.42|1.00|1.77|0.14|-1.28|0.87|-0.66|-0.13|-1.03|-0.32|0.34|-2.20|-0.43|0.62|0.13|0.62|-0.95|-0.18|-0.36|0.62|-0.90|1.06|0.28|0.23
-0.26|-0.10|-2.06|0.70|-1.10|0.19|0.33|-0.91|-0.52|1.42|-1.00|-0.99|-0.05|1.03|-0.00|0.97|-0.17|1.48|0.59|0.73|0.61|-0.20|0.25|-0.01|0.54|-0.51|0.58
-1.00|-1.84|-1.04|-0.70|1.42|0.83|1.01|0.63|-0.74|-0.95|-0.42|0.40|1.00|0.92|-0.03|0.21|1.77|0.37|1.23|-0.35|-0.90|0.40|0.12|0.53|0.42|1.04|-1.25
------ Dim separator ------
0.97|0.08|-0.43|-0.37|-0.04|-0.38|-1.48|2.24|-0.25|-0.03|-1.79|1.39|0.40|0.89|0.77|0.49|1.23|-1.78|-0.86|1.60|-1.07|-0.46|1.55|0.38|-0.32|0.66|0.69
0.71|0.43|1.86|0.12|-0.48|0.51|-1.45|0.70|0.61|-1.08|-1.06|0.64|0.87|0.25|-1.36|-0.36|0.95|-0.70|0.52|-0.99|0.34|0.08|-0.69|-0.80|1.54|0.27|-0.16
1.13|-1.41|0.36|-1.67|-1.15|-0.61|0.36|1.26|-0.43|-1.26|-0.31|0.11|-1.59|0.29|-0.08|-0.41|-0.70|0.51|-1.10|-0.15|0.18|-0.44|-0.68|0.32|0.06|-0.58|0.68
-1.12|-0.06|-0.83|-0.27|-0.91|0.61|-0.93|-1.88|0.19|0.90|-0.10|0.06|-2.08|-0.30|-0.08|-0.48|-0.99|0.91|0.47|1.09|0.30|-0.51|-1.13|0.74|0.42|-0.30|1.46
0.23|-1.79|-0.80|0.86|0.47|-0.68|0.84|0.46|-0.32|-0.02|1.16|0.73|1.49|-1.12|0.32|1.24|0.14|-0.97|-0.04|0.18|0.06|-0.01|0.17|0.17|0.83|-0.69|0.14
