------ Dim separator ------
-0.11|-0.89|1.07|0.27|-0.11|0.58|0.87|0.99|0.83|2.04|0.61|1.26|-0.55|-1.28|-0.16|0.07|-0.26|0.84|-1.44|-0.26|-1.02|-1.26|0.92|1.13|0.24|-0.79|-0.45
-0.00|0.24|0.63|0.16|-0.05|-0.14|0.04|0.17|1.45|0.61|0.27|-0.60|-2.05|-0.86|0.83|1.03|-0.55|0.65|1.11|0.85|-0.50|-0.13|0.38|0.88|-0.26|1.16|0.79
-0.80|0.37|-1.28|-0.45|-0.02|0.30|0.49|-1.50|-0.11|0.98|0.41|1.26|-1.06|1.16|-0.63|0.15|-0.01|-0.91|-0.60|-0.62|0.16|0.08|-0.37|0.97|1.42|0.00|0.16
0.06|-0.39|0.38|0.88|-1.32|-0.34|0.52|-0.04|-0.82|0.55|1.34|-0.86|-0.87|-0.99|0.42|0.58|0.34|0.44|-0.56|0.30|-0.38|0.94|-0.54|0.61|0.33|0.67|-0.05
1.65|-0.65|0.18|-0.27|-0.28|0.23|0.83|0.51|-1.96|-0.50|2.07|-0.99|-1.42|-0.75|-0.69|0.91|-0.60|0.67|-1.32|-0.11|-0.07|0.87|-1.41|0.91|-0.36|2.00|2.04
------ Dim separator ------
0.43|-0.94|-1.00|-0.23|-0.62|-2.19|-0.45|0.37|0.71|0.19|1.27|0.88|-0.62|-0.05|-0.71|0.35|-0.92|-0.60|1.83|1.04|0.25|-0.76|-0.64|-0.33|0.11|-0.42|-0.09
0.65|0.94|-0.23|-0.14|-0.03|-0.37|-0.60|-0.06|1.39|-0.55|-0.71|2.18|-0.59|0.92|0.06|-0.54|-0.01|-0.19|0.88|-1.14|0.47|-0.46|1.17|0.02|-0.17|0.19|0.54
0.05|-0.41|1.11|-0.49|0.56|0.39|0.08|-1.03|0.36|-0.29|1.26|0.08|0.83|0.88|0.63|0.42|-0.11|0.40|-1.00|0.54|-0.03|-0.62|-0.42|0.69|-1.25|1.09|-0.18
-0.20|-0.10|0.13|0.31|0.52|0.46|-0.27|-0.33|0.57|-0.16|-0.28|0.96|-1.15|0.14|-1.70|-0.21|-0.31|-0.35|0.14|0.03|-0.01|-0.23|0.01|-0.49|-0.80|0.40|-0.56
-0.82|-0.62|-0.05|-0.02|0.47|-0.08|-0.47|-0.52|-0.38|-1.57|0.83|-0.81|-0.43|-0.26|-1.23|-0.54|0.72|-0.06|-0.12|-0.44|0.17|-0.42|-0.03|-0.22|-0.29|-0.19|-0.22
------ Dim separator ------
-0.23|0.17|0.53|-1.12|-1.49|-0.36|-0.90|-0.09|0.17|0.69|0.30|-0.14|0.65|-0.44|0.20|-1.06|0.08|0.52|0.35|0.23|0.62|-1.60|0.01|0.04|-0.12|0.19|1.04
0.32|-0.96|1.27|-1.31|0.00|0.77|0.71|-0.25|1.54|-0.36|0.16|-1.13|-0.08|-0.67|0.79|-0.80|-1.07|1.91|-0.48|-0.23|0.25|1.19|-0.33|-1.03|-0.10|-0.74|1.76
-0.04|-0.97|0.67|-0.40|0.79|0.66|1.05|0.22|0.23|-1.21|-0.82|-0.46|0.25|-0.73|0.14|-0.33|-0.70|-1.11|1.01|-0.53|-0.67|-0.16|-0.58|0.25|0.55|-1.08|0.19
0.16|0.87|-0.48|0.47|0.94|-0.96|-0.49|-0.36|0.15|-0.36|0.24|0.08|0.40|0.83|0.08|-0.45|0.43|1.08|0.87|-1.14|0.16|-0.08|-0.36|-1.11|-1.18|-0.65|-1.67
0.44|0.58|1.38|-0.34|-0.09|0.60|0.13|-0.17|0.40|1.15|0.44|-0.00|0.04|0.76|1.78|-1.03|0.27|0.32|-1.51|-0.66|-0.91|0.81|-0.39|1.81|-0.24|-0.71|0.74
------ Dim separator ------
-0.15|0.12|0.51|0.89|2.33|-1.78|-0.70|0.16|-0.73|0.26|0.48|-0.52|-0.43|0.06|0.95|0.89|1.18|0.35|0.08|0.29|-0.56|0.56|0.25|1.12|0.35|0.28|-0.58
-0.71|-0.31|-0.24|0.12|0.70|-0.97|-0.98|-0.01|0.64|-0.45|0.27|-1.18|-0.61|-1.12|-0.97|0.47|-0.08|-1.37|-0.94|-0.89|0.33|0.44|-0.60|-0.43|-0.61|0.38|-0.37
-2.00|0.12|-0.23|-0.51|-0.35|0.75|0.27|0.68|0.14|-0.04|0.10|0.31|-1.35|0.11|0.12|-0.07|1.26|0.62|0.85|0.44|-1.07|0.09|-0.04|-1.65|0.36|0.27|0.13
-0.33|-0.56|0.01|-0.55|0.33|0.48|-0.06|0.03|-0.25|0.36|0.39|0.22|-0.20|-0.52|1.31|0.21|-1.47|-1.32|0.44|-0.97|-0.65|-1.22|0.91|0.98|-0.84|0.44|-0.30
0.33|-0.51|-0.49|-1.84|-0.44|-0.52|-0.61|0.53|-0.99|0.32|0.01|-0.12|2.33|1.57|0.02|0.16|1.31|-1.39|-0.85|1.69|-1.23|-0.70|0.47|-0.47|0.72|-0.80|-0.05
------ Dim separator ------
-0.57|0.15|0.66|-0.70|0.55|0.14|0.28|0.21|-0.06|-0.48|0.20|0.33|-0.20|0.07|0.19|0.06|0.57|0.71|0.07|0.35|-0.30|0.55|-1.76|-0.07|-0.53|-0.84|1.51
0.64|-0.74|-1.06|0.52|0.68|-0.57|0.14|-0.12|0.61|-1.14|-0.42|0.76|0.59|-0.08|-0.32|-0.52|0.45|0.75|-0.42|-1.41|-0.24|-0.72|-0.20|1.18|-0.95|-0.72|-0.57
-0.20|-0.24|0.13|-0.09|0.83|2.00|1.44|1.43|0.17|1.19|-0.52|-0.04|-0.86|0.18|0.80|0.25|-0.31|-0.55|-0.21|-0.77|0.65|0.44|0.19|1.05|0.97|0.92|0.42
-0.54|1.17|-0.12|1.49|-0.67|-1.19|-0.71|-0.31|-1.03|0.32|-0.86|-1.12|-1.24|-1.02|1.06|-0.56|-1.11|-0.97|-0.76|1.20|0.57|-0.82|-0.11|0.80|-1.03|0.37|0.75
-0.41|-0.30|0.69|-0.28|-0.96|1.00|1.24|0.54|0.04|-0.77|0.47|-0.38|0.95|-1.50|-0.74|0.08|1.18|-0.70|-0.32|-0.92|-0.95|0.24|-1.14|0.52|0.80|0.60|-0.43
