------ Dim separator ------
-1.78|-0.53|1.21|-1.30|-0.27|-0.83|0.22|0.18|-0.40|-1.27|-0.86|1.52|0.44|1.86|-0.21|0.64|-0.31|-0.15|-0.33|-0.62|-0.02|0.02|0.04|1.32|1.39|-0.11|-0.94
-0.44|1.01|0.96|0.86|-0.07|-0.73|0.43|0.84|0.01|-0.40|0.51|0.46|0.16|0.04|0.87|0.47|-0.09|0.18|-0.09|0.92|0.23|-0.02|0.61|-1.17|0.89|0.23|-0.79
-0.14|0.37|-1.37|0.46|0.99|-1.01|0.01|0.47|-0.82|1.13|-0.19|0.59|-0.46|-0.79|1.62|-0.67|-1.24|0.24|-0.14|0.21|-0.59|-0.58|-0.29|-0.51|0.18|0.03|0.25
-0.21|-0.79|1.03|1.07|-0.94|-2.06|-0.19|0.14|0.57|-0.14|-0.18|0.08|-0.93|0.36|-1.75|0.03|0.11|-0.50|0.58|-1.09|-1.15|0.95|0.51|0.02|-0.16|-0.95|-0.09
0.71|-1.33|-0.49|0.95|-0.32|-0.36|0.59|0.07|-0.27|-0.74|0.48|-1.30|-0.63|-0.01|-0.16|0.56|-0.77|-0.92|-1.42|0.51|-1.02|-0.12|0.23|0.32|-0.32|0.30|-0.12
------ Dim separator ------
0.59|-0.24|1.68|0.63|-0.16|0.06|-1.58|0.30|-0.30|1.00|0.50|-0.43|-1.36|-0.25|0.01|-0.19|-1.68|0.12|1.72|-0.40|0.22|-1.07|-0.54|-0.46|-0.74|-0.02|-0.67
1.74|-0.18|0.79|-0.14|-0.05|-0.20|-0.04|-0.53|0.62|-0.30|-0.76|-0.10|-0.32|0.98|1.23|-0.47|-0.13|0.39|-0.22|0.51|0.69|0.29|0.59|-0.13|0.81|-0.76|-0.01
-1.16|-0.26|-2.11|-0.70|1.35|-0.56|-0.11|-0.08|-0.14|-2.00|0.98|-1.35|-0.03|-0.14|0.83|0.53|-1.14|1.49|0.88|0.34|0.74|1.41|-1.40|0.77|-0.58|-0.50|-0.41
-0.08|-0.41|0.38|-0.57|0.46|-0.31|-0.51|-1.94|0.84|-0.12|-0.02|1.01|-0.02|-0.87|-0.33|0.57|-1.41|-1.19|0.21|-1.55|1.52|-0.38|2.02|-1.01|-0.14|0.23|0.46
1.32|-0.92|0.40|-0.22|-0.72|-0.45|0.60|0.67|0.39|-0.58|-0.35|-0.10|0.73|-0.40|0.09|-1.17|-0.27|0.09|-0.28|-0.33|-0.13|-0.00|0.31|-0.57|1.05|-0.84|0.17
------ Dim separator ------
-0.05|-0.23|0.35|-0.83|-0.16|-1.03|-0.90|0.31|0.69|0.11|-0.14|0.50|0.65|0.24|-0.20|0.48|-0.44|2.00|-0.84|1.33|-0.60|-0.29|1.75|-0.22|0.85|-0.13|0.38
0.99|-0.97|-0.28|0.71|-1.08|0.12|1.63|-0.59|0.85|-0.13|0.98|0.70|0.13|0.90|-0.04|0.17|-0.84|-0.63|0.39|-0.36|-0.01|-0.59|-1.05|-0.86|-0.46|-1.00|-0.49
-0.52|0.00|-0.40|0.37|0.18|-0.41|0.27|0.96|1.16|0.27|0.88|0.73|1.19|-0.56|0.71|-1.21|0.67|-0.47|-0.08|-0.48|-0.30|0.71|-0.00|-0.36|0.80|-0.89|-1.40
1.55|0.02|0.64|-1.68|-0.24|-1.04|-1.21|-0.51|0.82|-0.39|-0.78|0.77|-0.32|-0.61|-1.22|0.34|-1.43|-0.61|0.61|1.41|0.02|-1.71|-0.88|0.14|0.02|-0.79|0.66
-0.66|0.64|0.50|-0.55|0.49|0.39|-0.17|-1.66|-0.32|0.42|1.16|1.82|0.27|-0.20|1.64|0.73|-0.35|0.50|0.11|-0.77|-0.31|0.56|0.00|0.10|0.07|-1.53|0.37
------ Dim separator ------
1.58|0.34|0.30|0.03|1.62|-0.06|-1.15|-0.22|0.00|0.84|0.27|0.82|0.22|0.50|0.08|-0.03|1.82|1.14|-0.90|-0.12|-0.85|-0.85|0.27|-0.13|0.12|0.71|0.48
-0.85|-1.30|0.24|-0.26|0.13|-0.23|-0.48|-2.12|1.51|-0.35|-0.46|-0.21|0.29|0.86|-0.89|0.59|-0.10|0.05|-0.70|-0.88|-0.97|0.38|-0.37|0.36|-0.28|-0.00|-0.88
1.27|-0.91|1.14|-0.37|-0.23|-0.41|1.76|0.22|0.21|-0.72|0.52|1.89|-0.07|0.35|0.35|2.57|0.65|1.00|-0.23|-0.65|0.07|-1.73|-0.76|-0.30|-0.59|-0.09|-0.06
-0.82|-1.07|0.39|1.00|1.09|-0.42|1.13|-0.41|-1.29|0.88|-0.12|-0.67|-1.35|-0.11|0.89|-1.31|-1.12|0.73|-0.64|0.05|-1.37|-0.67|0.17|1.11|0.06|0.09|-1.14
-0.80|-0.20|-0.16|-0.31|1.34|-0.24|-0.66|-0.72|-1.12|0.79|0.12|-1.40|-1.21|0.55|0.68|0.34|0.65|0.18|1.35|1.46|0.01|-0.16|-0.47|-1.87|0.26|-0.74|-0.28
------ Dim separator ------
-0.29|0.94|0.30|0.02|0.56|0.38|0.02|0.14|1.32|-0.44|1.19|0.28|0.00|-1.25|1.04|0.16|0.55|-1.16|-0.08|-1.40|-1.00|1.43|1.05|-1.35|-0.45|0.38|-0.04
1.36|-0.82|-0.16|0.94|-0.53|0.34|-0.38|0.64|1.15|0.23|0.36|-0.62|1.08|-0.30|0.10|-0.92|-1.05|-0.09|-0.18|-0.48|0.30|0.69|0.05|-0.57|0.62|0.56|0.73
-0.68|-0.14|0.31|0.15|0.89|0.54|-0.45|0.61|-0.46|0.50|0.58|-1.47|-0.20|-0.82|-0.69|-0.57|0.32|-0.59|0.76|1.09|0.64|0.47|-0.15|1.08|-0.04|0.31|0.32
-0.40|0.50|0.57|0.13|-0.71|0.81|-0.37|-0.35|0.36|0.45|0.05|-0.87|-0.18|-0.60|-0.61|-0.51|-1.15|0.72|-0.95|-0.16|1.04|-0.74|0.81|1.18|-1.22|-0.61|0.53
0.30|0.67|0.02|-1.16|0.73|1.43|-0.13|0.31|-0.26|0.22|-0.51|-0.40|0.29|-0.60|-0.44|-0.29|0.80|-0.35|0.11|0.16|0.54|0.96|-1.11|1.06|0.70|-1.33|-0.21
