------ Dim separator ------
0.21|-0.26|0.15|-0.32|-0.17|-0.12|-0.40|-0.11|-0.38|-0.23|-0.09|0.02|0.04|-0.02|-0.01|0.35|-0.23|0.37|-0.25|0.51|-0.79|0.22|0.12|0.48|0.70|-0.04|-0.81
0.12|0.38|0.06|0.15|-0.09|-0.01|0.11|-0.32|0.21|-0.45|-0.64|-0.90|-0.02|0.05|0.01|0.05|-0.37|0.73|0.54|0.40|0.55|-0.46|0.04|0.31|0.40|0.21|-0.15
0.83|-0.54|-0.29|0.65|-0.01|-0.19|-0.25|0.05|-0.12|-0.15|0.13|0.23|0.19|0.01|0.03|-0.15|-0.01|0.06|1.00|0.63|0.10|-0.49|-0.06|0.37|-0.03|-0.64|-0.26
0.01|0.77|0.54|-0.06|0.34|0.05|0.16|-0.12|-0.13|-0.29|-0.42|0.80|-0.02|0.02|0.02|-0.40|0.13|0.08|-0.38|0.01|-0.08|0.10|0.21|-0.31|-0.79|0.56|1.14
0.35|-0.12|-0.41|-0.22|0.61|0.23|-0.02|-0.21|0.13|-0.47|0.49|0.24|-0.01|-0.04|-0.05|0.49|-0.11|0.45|-0.29|-0.16|-0.29|0.39|-0.04|-0.88|0.90|0.28|-0.17
------ Dim separator ------
0.63|-0.03|0.24|0.29|0.08|-0.13|0.50|0.51|0.08|-0.07|-0.14|-0.13|-0.08|-0.02|0.10|0.65|0.06|0.14|-0.71|-0.24|1.04|-0.01|-0.52|-0.36|0.41|0.10|0.43
0.74|-0.54|0.25|-0.44|0.02|-0.34|0.03|-0.15|-0.22|-0.17|-0.25|-0.16|0.00|0.07|0.04|0.00|-0.39|0.56|-0.32|-0.73|0.54|-0.09|-0.49|0.29|-0.36|0.08|0.46
0.21|-0.34|-0.21|0.82|-0.11|0.22|0.46|-0.24|-0.24|-0.37|0.59|-0.87|0.24|-0.02|0.03|0.19|-0.09|-0.08|0.88|-0.06|0.00|-0.13|0.67|-0.38|-0.17|0.76|0.09
0.60|0.40|0.36|0.11|0.91|-0.21|0.62|0.51|-0.16|0.27|-0.28|0.52|0.39|0.04|0.05|-0.05|0.00|-0.08|1.07|-0.24|-0.19|-0.17|-0.22|0.31|-0.29|0.93|0.62
-0.26|0.50|1.03|0.35|0.17|-0.77|-0.21|-0.19|-0.42|-0.26|0.19|-0.43|-0.01|0.02|-0.04|-0.12|-0.12|-0.08|-0.36|-1.05|-0.52|-0.01|0.41|0.17|-0.12|0.03|-0.26
------ Dim separator ------
0.25|-0.52|-0.65|0.69|0.09|0.12|0.00|-0.53|-0.52|-0.22|0.34|0.18|0.02|-0.03|-0.04|0.08|-0.30|-0.40|-0.34|0.28|-0.04|0.18|0.27|-0.38|-1.07|0.02|-0.39
0.31|-0.05|-0.38|-0.32|-0.23|-0.27|0.39|0.01|0.35|-0.15|0.40|-0.48|0.03|-0.02|0.07|0.79|0.59|0.20|-0.24|-0.29|0.10|-0.06|0.01|0.10|0.21|-0.43|-0.66
-0.05|0.22|0.48|0.70|0.19|0.39|-0.05|0.32|-0.12|-0.18|-0.04|0.07|0.01|-0.04|-0.08|0.28|-0.40|0.54|0.34|-0.39|0.75|-0.37|0.67|0.67|0.22|-0.35|0.28
-1.10|0.45|0.22|0.07|-0.29|0.63|0.45|0.05|0.15|0.43|-0.39|0.38|0.02|0.03|-0.05|0.12|-0.67|-0.28|-0.43|-0.70|-0.72|-0.30|0.08|0.14|0.54|-0.18|-0.12
0.33|-0.28|0.22|-0.84|0.91|0.40|-0.07|-0.78|-0.07|0.72|0.11|-0.72|0.01|-0.01|-0.02|-0.38|-0.81|0.21|-0.13|-0.08|0.33|0.17|-0.60|0.37|0.09|0.69|0.28
------ Dim separator ------
0.32|-0.16|-0.42|-1.17|0.71|0.37|0.25|-0.18|-0.19|0.39|-0.16|0.13|0.05|0.09|0.02|-0.29|-0.24|-0.57|-1.00|0.35|-0.40|-0.06|0.84|-0.55|0.17|0.46|0.01
-0.09|0.20|-0.31|0.32|-0.49|-0.54|-0.17|-0.08|-0.38|0.19|-0.17|-0.27|-0.07|0.00|0.02|-0.09|0.18|0.27|-0.07|-0.16|0.36|-0.11|0.39|0.11|-0.03|1.05|0.09
0.48|0.18|-0.31|0.83|0.37|0.21|0.28|0.22|0.07|-0.15|0.14|-0.04|0.47|-0.01|-0.03|-0.05|0.04|0.01|0.96|0.56|-0.56|0.08|0.18|0.63|0.13|-0.36|-0.11
0.83|0.08|-0.13|-0.22|0.39|-0.10|0.55|-0.25|0.20|-0.34|-0.18|0.14|-0.06|0.05|0.03|0.66|-0.20|0.19|0.57|-0.10|0.03|-0.22|-0.29|-0.12|-0.13|0.00|-0.35
1.08|-0.23|-0.80|-0.86|0.04|0.74|-0.27|0.46|-0.06|-0.55|0.90|0.28|-0.02|-0.02|-0.03|0.63|-0.17|-0.17|-0.91|0.11|0.44|-0.74|0.15|0.07|1.04|-0.16|0.16
------ Dim separator ------
-0.50|0.84|0.20|0.23|0.13|-0.90|0.61|0.47|-0.20|-0.27|0.53|-0.04|-0.03|0.05|-0.06|-0.27|0.16|-0.02|-0.35|-0.43|-0.16|-0.26|-0.04|-0.99|0.68|-0.32|0.19
-0.63|-0.19|-0.88|0.19|0.03|-0.04|0.72|0.05|0.21|0.42|-0.62|-0.47|0.02|-0.01|-0.01|0.01|0.32|0.45|-0.04|-0.19|-0.62|-0.44|-0.61|-0.48|-0.30|0.13|0.01
0.44|0.08|-0.00|0.71|-0.30|-0.19|-0.14|-0.22|-0.48|-0.19|0.93|0.09|0.59|-0.06|-0.07|-0.05|0.19|-0.01|0.71|-0.08|-0.28|0.27|0.58|0.02|1.09|-0.10|0.07
0.68|0.45|0.09|0.25|0.09|0.02|-0.55|-0.07|-0.81|0.30|-0.10|0.05|0.45|0.03|-0.05|0.07|0.03|0.10|0.90|0.29|0.22|-0.13|0.05|0.64|-1.04|0.17|1.06
0.73|0.29|0.30|-0.39|-0.06|-0.32|0.30|-0.77|0.23|-0.26|-0.54|0.65|0.04|-0.11|0.00|-0.80|-0.50|-0.50|-0.08|-0.24|0.28|0.09|-0.60|-0.29|0.38|0.23|-0.37
