------ Dim separator ------
0.32|-0.32|-0.14|-0.31|-0.17|-0.15|-0.54|-0.06|-0.33|-0.07|-0.11|0.22|-0.06|0.03|0.01|0.29|-0.39|0.44|-0.45|0.61|-0.80|0.15|0.01|0.36|0.81|0.12|-0.83
0.03|0.49|-0.01|0.34|-0.06|-0.07|0.07|-0.15|0.23|-0.49|-0.64|-0.83|0.06|-0.03|-0.11|-0.13|-0.29|0.64|0.64|0.41|0.65|-0.53|-0.12|0.43|0.27|0.19|0.09
0.95|-0.50|-0.29|0.57|-0.06|-0.22|-0.33|-0.09|-0.21|-0.29|0.14|0.23|0.16|0.03|0.00|-0.10|0.16|0.19|1.09|0.61|0.17|-0.59|-0.26|0.37|-0.04|-0.41|-0.12
0.02|0.70|0.49|-0.19|0.29|0.04|0.21|0.09|-0.05|-0.29|-0.48|0.87|0.05|-0.01|0.02|-0.62|0.08|-0.07|-0.58|-0.16|-0.17|0.09|0.23|-0.35|-0.81|0.48|1.24
0.21|-0.07|-0.34|-0.17|0.80|0.31|-0.30|-0.07|0.09|-0.49|0.52|0.14|-0.11|-0.03|0.10|0.46|-0.36|0.50|-0.32|-0.22|-0.23|0.60|-0.13|-1.07|1.09|0.20|-0.19
------ Dim separator ------
0.65|-0.05|0.46|0.32|0.22|-0.22|0.53|0.42|0.03|-0.12|-0.20|-0.39|-0.03|-0.05|-0.07|0.55|0.04|0.22|-0.65|-0.24|0.88|0.15|-0.54|-0.21|0.43|0.00|0.56
0.69|-0.52|0.25|-0.44|-0.13|-0.56|0.00|-0.18|-0.21|-0.20|-0.33|-0.05|-0.04|-0.02|0.01|-0.10|-0.45|0.58|-0.41|-0.66|0.35|-0.07|-0.56|0.12|-0.23|0.17|0.54
0.20|-0.47|-0.25|0.92|-0.10|0.19|0.48|-0.41|-0.33|-0.18|0.53|-1.00|0.72|-0.02|0.00|-0.01|0.01|0.02|1.00|-0.15|0.04|-0.11|0.78|-0.08|-0.28|0.66|0.05
0.14|0.36|0.50|0.36|0.89|-0.08|0.48|0.49|-0.15|0.32|-0.17|0.50|0.80|0.01|0.02|0.01|-0.02|-0.01|1.02|-0.19|0.03|-0.12|-0.28|0.05|-0.41|1.10|0.71
-0.19|0.20|1.10|0.45|0.50|-0.65|-0.26|-0.15|-0.31|-0.24|0.03|-0.43|-0.05|-0.01|0.07|-0.24|-0.06|-0.31|-0.35|-1.36|-0.30|-0.16|0.49|0.39|0.02|0.13|-0.31
------ Dim separator ------
0.34|-0.72|-0.67|0.80|-0.07|-0.10|0.22|-0.52|-0.44|-0.24|0.48|0.22|-0.11|-0.01|-0.02|0.13|-0.36|-0.39|-0.33|0.36|-0.11|0.11|0.36|-0.37|-0.88|-0.05|-0.38
0.25|-0.20|-0.37|-0.40|-0.31|-0.63|0.37|-0.01|0.25|-0.29|0.36|-0.53|-0.03|0.01|-0.05|0.80|0.41|0.32|-0.31|-0.19|0.12|-0.31|-0.10|0.23|0.17|-0.44|-0.79
0.06|0.26|0.70|0.61|0.23|0.43|-0.14|0.25|-0.33|-0.24|-0.02|0.07|-0.05|0.03|0.09|0.13|-0.24|0.66|0.20|-0.39|0.72|-0.35|0.62|0.62|0.06|-0.36|0.32
-1.12|0.58|0.43|0.17|-0.44|0.81|0.53|0.11|0.32|0.37|-0.51|0.41|-0.00|-0.01|-0.06|0.14|-0.72|-0.04|-0.37|-0.66|-0.83|-0.42|0.40|-0.03|0.73|-0.22|-0.03
0.26|-0.44|0.25|-0.81|0.84|0.33|-0.09|-0.92|-0.16|0.69|0.23|-0.56|0.01|0.21|-0.02|-0.35|-0.71|0.39|-0.23|-0.02|0.45|0.38|-0.66|0.36|0.15|0.80|0.47
------ Dim separator ------
0.35|-0.19|-0.42|-1.26|0.80|0.32|0.29|-0.09|-0.05|0.30|-0.30|0.14|-0.11|0.05|-0.08|-0.20|-0.29|-0.51|-1.23|0.37|-0.26|-0.16|0.67|-0.56|0.26|0.49|-0.07
-0.08|0.03|-0.35|0.23|-0.32|-0.66|-0.19|-0.07|-0.41|0.22|0.07|-0.26|0.10|-0.07|0.00|-0.03|0.20|0.35|-0.07|-0.23|0.46|-0.17|0.49|0.22|-0.17|0.90|0.14
0.26|0.08|-0.34|0.75|0.33|0.19|0.29|0.31|-0.01|-0.12|0.22|0.12|0.88|-0.05|-0.10|-0.02|0.04|-0.03|0.98|0.59|-0.58|0.25|0.28|0.65|0.21|-0.42|-0.07
0.93|0.21|-0.22|-0.15|0.40|-0.13|0.44|-0.44|0.24|-0.28|-0.30|0.38|0.11|0.09|-0.08|0.67|-0.09|0.06|0.67|-0.03|-0.04|-0.35|-0.13|-0.07|-0.07|0.10|-0.38
1.23|-0.29|-0.82|-0.81|-0.09|0.45|-0.24|0.49|0.05|-0.55|0.86|0.22|0.02|0.10|0.03|0.58|-0.28|-0.40|-1.15|0.07|0.37|-0.87|0.12|-0.05|1.06|-0.15|0.24
------ Dim separator ------
-0.22|0.99|0.32|0.30|0.00|-1.01|0.63|0.33|-0.26|-0.44|0.42|0.04|-0.09|-0.00|0.03|-0.22|0.09|-0.08|-0.23|-0.46|0.02|-0.07|-0.20|-1.03|0.70|-0.34|0.30
-0.66|-0.20|-1.03|-0.05|0.04|0.14|0.73|0.07|0.19|0.52|-0.55|-0.62|0.03|-0.08|-0.05|0.22|0.09|0.54|0.06|-0.26|-0.57|-0.35|-0.57|-0.62|-0.41|-0.08|0.03
0.62|0.06|0.09|0.76|-0.39|-0.04|-0.26|-0.16|-0.49|-0.14|1.09|0.24|0.80|0.03|0.08|0.06|0.16|0.06|0.86|-0.01|-0.18|0.24|0.67|-0.07|0.99|-0.05|-0.05
0.26|0.49|0.33|0.07|0.25|-0.04|-0.57|-0.13|-1.01|0.34|-0.12|0.08|0.81|0.04|-0.08|0.02|-0.04|0.10|1.06|0.27|0.18|-0.27|0.08|0.72|-1.04|0.23|1.16
0.74|0.34|0.27|-0.52|0.03|-0.31|0.19|-0.98|0.20|-0.42|-0.44|0.62|-0.02|0.08|0.09|-0.70|-0.51|-0.50|-0.02|-0.44|0.33|0.23|-0.63|-0.22|0.53|0.31|-0.34
