------ Dim separator ------
0.17|-0.31|0.10|-0.42|-0.16|-0.06|-0.35|-0.06|-0.39|-0.30|-0.07|0.07|0.02|0.03|-0.00|0.33|-0.35|0.27|-0.24|0.42|-0.78|0.09|-0.06|0.48|0.73|-0.13|-0.74
0.02|0.31|0.06|0.23|-0.05|-0.07|0.11|-0.34|0.16|-0.65|-0.58|-0.88|0.06|-0.03|0.12|0.05|-0.37|0.71|0.55|0.36|0.53|-0.52|0.06|0.28|0.43|0.19|-0.14
0.79|-0.40|-0.34|0.72|-0.18|-0.27|-0.28|0.15|-0.08|-0.11|0.06|0.22|0.25|0.03|-0.08|-0.04|0.12|-0.05|1.04|0.63|0.09|-0.55|-0.00|0.26|0.04|-0.72|-0.29
0.07|0.66|0.62|-0.05|0.43|0.04|0.07|-0.15|0.03|-0.32|-0.27|0.90|-0.02|-0.05|-0.09|-0.52|0.13|-0.01|-0.27|0.06|-0.02|-0.01|0.11|-0.25|-0.81|0.55|1.06
0.25|-0.19|-0.31|-0.16|0.62|0.31|-0.04|-0.29|0.20|-0.42|0.52|0.35|0.09|0.06|-0.05|0.42|-0.04|0.44|-0.36|-0.08|-0.44|0.34|0.16|-0.85|0.90|0.37|-0.23
------ Dim separator ------
0.63|-0.01|0.22|0.34|0.14|-0.12|0.40|0.59|0.07|-0.09|-0.21|-0.05|0.06|0.02|-0.06|0.73|0.21|0.33|-0.70|-0.22|1.07|-0.06|-0.56|-0.32|0.52|-0.09|0.31
0.76|-0.40|0.35|-0.42|0.06|-0.40|-0.01|-0.11|-0.17|-0.18|-0.32|-0.25|0.02|0.03|0.05|0.05|-0.43|0.45|-0.21|-0.75|0.50|-0.04|-0.35|0.38|-0.46|0.16|0.41
0.08|-0.40|-0.23|0.67|-0.07|0.30|0.58|-0.21|-0.27|-0.54|0.64|-0.87|0.09|-0.02|-0.04|0.23|-0.16|0.09|0.94|0.10|-0.04|-0.03|0.60|-0.41|-0.03|0.84|0.07
0.66|0.22|0.38|0.04|0.86|-0.22|0.63|0.32|-0.27|0.24|-0.26|0.58|0.37|0.07|-0.08|-0.03|0.01|0.03|0.87|-0.28|-0.22|-0.22|-0.23|0.30|-0.26|0.92|0.45
-0.26|0.55|0.91|0.27|0.06|-0.85|-0.38|-0.07|-0.46|-0.22|0.25|-0.42|0.01|0.08|-0.02|-0.13|-0.21|-0.03|-0.31|-1.09|-0.57|-0.09|0.35|0.04|-0.19|-0.02|-0.33
------ Dim separator ------
0.25|-0.50|-0.62|0.80|0.08|0.09|0.05|-0.37|-0.62|-0.22|0.40|0.13|0.07|-0.07|-0.02|-0.08|-0.12|-0.34|-0.37|0.27|-0.08|0.10|0.37|-0.14|-1.08|-0.00|-0.38
0.26|-0.02|-0.39|-0.39|-0.36|-0.25|0.24|0.00|0.41|-0.08|0.33|-0.42|-0.06|0.12|0.14|0.78|0.58|0.12|-0.14|-0.34|0.20|-0.16|0.05|0.25|0.18|-0.48|-0.62
-0.01|0.24|0.44|0.67|0.18|0.33|-0.10|0.14|-0.11|-0.12|-0.02|0.19|0.04|0.02|0.04|0.16|-0.36|0.52|0.30|-0.41|0.90|-0.36|0.59|0.67|0.26|-0.31|0.22
-1.17|0.52|0.15|0.14|-0.31|0.57|0.40|0.02|0.10|0.42|-0.51|0.48|-0.03|-0.05|0.03|0.20|-0.59|-0.29|-0.40|-0.73|-0.59|-0.32|0.04|0.24|0.52|-0.13|-0.04
0.28|-0.42|0.22|-1.01|1.16|0.37|-0.03|-0.82|-0.01|0.65|0.19|-0.78|-0.01|-0.11|0.07|-0.35|-0.85|0.16|-0.18|-0.08|0.30|0.14|-0.66|0.42|0.14|0.71|0.20
------ Dim separator ------
0.36|-0.31|-0.66|-1.16|0.71|0.41|0.22|-0.27|-0.36|0.27|-0.15|0.17|-0.06|0.00|0.02|-0.33|-0.33|-0.60|-0.99|0.20|-0.26|-0.09|0.91|-0.63|0.23|0.43|0.04
-0.01|0.28|-0.29|0.42|-0.42|-0.40|-0.23|-0.10|-0.39|0.13|-0.28|-0.37|0.02|0.04|0.02|-0.04|0.15|0.17|-0.04|-0.17|0.24|-0.11|0.43|0.15|-0.17|1.08|-0.04
0.48|0.18|-0.37|0.86|0.24|0.15|0.41|0.36|0.20|-0.26|0.18|-0.09|0.40|0.03|0.06|0.16|0.01|0.08|1.04|0.63|-0.56|0.13|0.15|0.60|0.23|-0.38|-0.17
0.77|0.01|0.02|-0.25|0.44|-0.17|0.62|-0.25|0.23|-0.27|-0.26|0.07|-0.03|-0.09|0.01|0.66|-0.23|0.28|0.52|-0.03|0.12|-0.21|-0.31|-0.04|0.11|-0.05|-0.28
1.07|-0.19|-0.72|-0.95|0.19|0.71|-0.27|0.46|-0.05|-0.68|0.90|0.32|0.05|0.05|0.09|0.62|-0.06|-0.26|-0.91|0.10|0.48|-0.78|0.21|0.10|1.09|-0.09|0.28
------ Dim separator ------
-0.32|0.95|0.34|0.30|0.21|-1.00|0.54|0.47|-0.21|-0.28|0.61|-0.01|0.06|-0.03|0.11|-0.06|0.20|0.08|-0.37|-0.41|-0.12|-0.37|0.07|-1.04|0.77|-0.24|0.14
-0.72|-0.09|-0.86|0.20|-0.00|0.11|0.62|0.21|0.14|0.43|-0.67|-0.52|0.10|0.05|0.00|0.02|0.38|0.43|0.05|-0.18|-0.60|-0.45|-0.65|-0.49|-0.30|0.30|0.15
0.55|0.06|0.07|0.78|-0.23|-0.19|-0.09|-0.23|-0.49|-0.14|0.76|0.11|0.88|0.06|-0.00|-0.04|0.57|-0.00|0.43|-0.04|-0.41|0.16|0.57|0.04|1.06|-0.18|0.20
0.81|0.49|0.04|0.31|-0.01|0.06|-0.45|-0.21|-0.72|0.38|-0.14|0.11|0.44|-0.00|0.06|0.11|0.09|-0.04|1.02|0.29|0.28|-0.21|-0.00|0.52|-1.07|0.07|1.05
0.71|0.39|0.18|-0.35|-0.05|-0.29|0.34|-0.66|0.20|-0.22|-0.50|0.71|0.03|-0.06|-0.12|-0.81|-0.55|-0.54|-0.15|-0.32|0.24|0.06|-0.58|-0.35|0.43|0.34|-0.43
