------ Dim separator ------
0.28|-0.03|0.13|-0.35|-0.16|-0.08|-0.50|-0.11|-0.33|-0.27|-0.07|0.10|0.02|-0.04|0.01|0.45|-0.24|0.21|-0.24|0.52|-0.67|0.13|-0.06|0.44|0.74|-0.05|-0.78
0.17|0.36|-0.01|0.26|0.00|0.00|0.04|-0.24|0.26|-0.46|-0.71|-0.83|-0.08|-0.03|-0.04|0.07|-0.32|0.63|0.63|0.30|0.61|-0.48|-0.03|0.45|0.44|0.30|-0.09
0.80|-0.41|-0.25|0.74|-0.06|-0.17|-0.26|0.06|-0.03|-0.11|0.15|0.18|0.45|-0.05|0.03|-0.05|-0.00|0.02|0.98|0.55|0.09|-0.58|-0.01|0.35|-0.04|-0.61|-0.14
-0.03|0.77|0.47|-0.03|0.36|0.17|0.14|0.04|-0.06|-0.27|-0.27|0.76|-0.02|0.00|-0.01|-0.49|0.13|0.09|-0.30|0.12|0.01|0.11|0.17|-0.37|-0.94|0.70|0.90
0.24|-0.07|-0.35|-0.24|0.67|0.24|-0.03|-0.28|0.18|-0.35|0.54|0.31|0.07|0.03|-0.03|0.41|-0.06|0.39|-0.22|-0.18|-0.41|0.37|0.14|-0.72|0.80|0.48|-0.15
------ Dim separator ------
0.60|-0.03|0.15|0.48|0.13|-0.19|0.38|0.55|0.08|-0.04|-0.08|-0.14|0.00|0.01|0.01|0.67|0.19|0.15|-0.72|-0.22|0.91|0.03|-0.45|-0.36|0.47|0.11|0.36
0.66|-0.49|0.29|-0.45|0.04|-0.37|-0.02|-0.22|-0.27|-0.13|-0.34|-0.18|0.00|-0.01|-0.04|-0.03|-0.45|0.53|-0.32|-0.64|0.57|-0.03|-0.44|0.45|-0.36|0.06|0.46
0.20|-0.41|-0.25|0.70|-0.15|0.33|0.41|-0.23|-0.21|-0.44|0.59|-0.87|0.13|0.03|0.01|0.22|-0.10|-0.13|0.80|0.01|0.09|-0.09|0.68|-0.42|-0.05|0.85|-0.01
0.68|0.36|0.33|0.08|0.81|-0.28|0.70|0.50|-0.14|0.26|-0.31|0.44|0.56|-0.05|0.06|-0.02|-0.03|-0.03|0.98|-0.17|-0.31|-0.15|-0.19|0.37|-0.23|0.99|0.52
-0.12|0.53|1.08|0.31|0.21|-0.76|-0.32|-0.15|-0.33|-0.28|0.15|-0.55|0.04|-0.01|-0.02|-0.15|-0.09|-0.05|-0.45|-1.15|-0.55|-0.01|0.36|0.15|-0.19|0.05|-0.37
------ Dim separator ------
0.27|-0.56|-0.73|0.63|0.03|0.16|0.00|-0.45|-0.47|-0.10|0.38|0.11|0.03|0.03|0.03|-0.04|-0.10|-0.39|-0.30|0.28|-0.04|0.16|0.35|-0.35|-1.00|-0.04|-0.22
0.36|-0.09|-0.38|-0.25|-0.31|-0.19|0.28|-0.01|0.43|-0.04|0.30|-0.36|0.07|-0.08|-0.05|0.76|0.57|0.20|-0.24|-0.31|0.19|-0.11|0.06|0.07|0.26|-0.39|-0.58
-0.13|0.19|0.39|0.69|0.20|0.30|-0.00|0.21|-0.10|-0.21|-0.08|0.09|-0.01|0.01|-0.04|0.34|-0.32|0.47|0.38|-0.33|0.81|-0.38|0.67|0.63|0.22|-0.20|0.40
-1.12|0.53|0.24|0.11|-0.34|0.59|0.40|0.06|0.06|0.42|-0.43|0.54|0.01|0.07|0.03|0.19|-0.69|-0.27|-0.32|-0.70|-0.60|-0.30|0.03|0.01|0.48|-0.16|-0.02
0.30|-0.29|0.16|-0.95|0.88|0.30|-0.15|-0.79|0.04|0.73|0.20|-0.62|0.00|-0.08|0.03|-0.40|-0.88|0.17|-0.12|0.05|0.28|0.00|-0.63|0.38|0.20|0.70|0.30
------ Dim separator ------
0.19|-0.16|-0.48|-1.13|0.62|0.36|0.14|-0.20|-0.23|0.36|-0.18|0.12|0.10|-0.04|0.07|-0.27|-0.28|-0.64|-1.00|0.34|-0.35|-0.12|0.81|-0.70|0.07|0.54|0.06
-0.08|0.31|-0.21|0.35|-0.42|-0.54|-0.06|0.06|-0.42|0.17|-0.15|-0.25|-0.04|0.04|-0.05|-0.11|0.12|0.24|-0.15|-0.13|0.38|-0.09|0.40|0.08|-0.08|1.09|0.03
0.58|0.15|-0.30|0.84|0.37|0.05|0.37|0.39|-0.01|-0.19|0.16|-0.03|0.44|0.05|0.03|0.04|-0.00|0.06|1.01|0.63|-0.59|0.11|0.07|0.60|0.17|-0.42|-0.10
0.72|0.14|-0.16|-0.19|0.48|-0.12|0.54|-0.36|0.22|-0.31|-0.20|0.10|-0.04|-0.01|0.05|0.63|-0.19|0.29|0.52|-0.04|0.03|-0.22|-0.34|-0.18|0.02|-0.04|-0.30
1.11|-0.17|-0.84|-0.87|0.06|0.73|-0.35|0.53|0.07|-0.59|0.85|0.36|-0.01|-0.07|-0.05|0.61|-0.14|-0.22|-0.96|0.15|0.38|-0.62|0.04|0.09|1.05|-0.05|0.23
------ Dim separator ------
-0.40|0.79|0.27|0.20|0.17|-1.05|0.61|0.38|-0.18|-0.24|0.50|-0.10|0.02|-0.01|-0.07|-0.30|0.24|0.10|-0.33|-0.48|-0.20|-0.39|0.07|-1.03|0.58|-0.21|0.14
-0.62|-0.03|-0.96|0.17|-0.02|0.02|0.57|0.04|0.16|0.46|-0.60|-0.42|-0.11|0.06|0.00|-0.01|0.39|0.40|0.01|-0.25|-0.62|-0.32|-0.59|-0.42|-0.23|0.18|0.04
0.45|0.13|0.03|0.72|-0.21|-0.09|-0.22|-0.23|-0.52|-0.12|0.87|0.14|0.66|0.01|0.04|0.06|0.22|-0.06|0.66|-0.12|-0.34|0.15|0.64|0.06|1.05|-0.06|0.14
0.92|0.49|0.06|0.34|0.05|0.14|-0.56|-0.17|-0.68|0.37|-0.14|-0.01|0.51|-0.05|0.05|-0.05|0.05|-0.10|0.95|0.31|0.18|-0.16|0.01|0.50|-1.13|0.11|1.06
0.66|0.18|0.30|-0.32|-0.03|-0.38|0.36|-0.63|0.26|-0.34|-0.62|0.73|-0.01|0.02|-0.00|-0.77|-0.54|-0.56|-0.13|-0.17|0.23|0.05|-0.63|-0.33|0.56|0.22|-0.38
