------ Dim separator ------
0.30|-0.09|0.15|-0.37|-0.21|-0.07|-0.44|-0.08|-0.34|-0.30|-0.05|0.05|0.02|-0.03|-0.04|0.44|-0.25|0.13|-0.21|0.49|-0.69|0.10|-0.09|0.46|0.72|-0.04|-0.78
0.16|0.35|-0.06|0.21|-0.03|0.02|0.02|-0.27|0.27|-0.45|-0.72|-0.84|-0.06|0.01|0.04|0.07|-0.28|0.64|0.61|0.28|0.57|-0.46|0.01|0.41|0.43|0.32|-0.09
0.74|-0.41|-0.26|0.75|-0.11|-0.19|-0.30|0.13|-0.04|-0.18|0.12|0.17|0.48|-0.02|0.05|-0.01|-0.00|0.01|0.98|0.58|0.07|-0.57|-0.05|0.34|-0.03|-0.62|-0.16
0.01|0.73|0.46|0.02|0.34|0.18|0.13|0.03|-0.03|-0.30|-0.31|0.70|0.02|0.04|0.01|-0.48|0.10|0.13|-0.30|0.11|-0.02|0.12|0.16|-0.35|-0.95|0.67|0.88
0.28|-0.05|-0.37|-0.21|0.67|0.27|0.00|-0.28|0.21|-0.34|0.53|0.29|0.04|0.02|-0.06|0.40|-0.06|0.40|-0.25|-0.18|-0.41|0.37|0.14|-0.72|0.86|0.44|-0.15
------ Dim separator ------
0.63|-0.01|0.15|0.45|0.17|-0.14|0.32|0.55|0.05|0.00|-0.03|-0.10|0.07|0.02|0.04|0.67|0.21|0.15|-0.73|-0.19|0.91|0.02|-0.44|-0.38|0.46|0.10|0.33
0.64|-0.46|0.26|-0.46|0.01|-0.34|-0.08|-0.22|-0.23|-0.10|-0.36|-0.15|0.04|-0.04|-0.03|-0.06|-0.45|0.49|-0.31|-0.65|0.55|-0.04|-0.43|0.46|-0.40|0.08|0.42
0.17|-0.41|-0.21|0.69|-0.13|0.31|0.45|-0.16|-0.28|-0.50|0.62|-0.83|0.10|0.04|-0.01|0.21|-0.15|-0.10|0.82|0.06|0.09|-0.04|0.71|-0.41|-0.10|0.83|-0.00
0.72|0.35|0.30|0.06|0.79|-0.28|0.68|0.48|-0.13|0.27|-0.24|0.46|0.56|-0.02|0.00|-0.02|-0.00|-0.00|0.99|-0.19|-0.32|-0.13|-0.23|0.40|-0.23|0.98|0.45
-0.22|0.54|1.10|0.33|0.15|-0.75|-0.38|-0.15|-0.32|-0.27|0.20|-0.52|0.04|-0.08|-0.05|-0.14|-0.15|-0.04|-0.41|-1.12|-0.55|-0.03|0.37|0.10|-0.20|0.02|-0.35
------ Dim separator ------
0.28|-0.59|-0.75|0.61|-0.00|0.15|0.02|-0.44|-0.48|-0.05|0.41|0.12|0.06|0.04|0.01|-0.05|-0.09|-0.40|-0.30|0.26|-0.06|0.11|0.38|-0.31|-1.02|0.01|-0.27
0.34|-0.07|-0.33|-0.20|-0.31|-0.20|0.27|-0.06|0.46|-0.07|0.31|-0.38|0.02|-0.04|-0.08|0.77|0.59|0.15|-0.17|-0.38|0.15|-0.06|0.05|0.09|0.28|-0.38|-0.55
-0.11|0.23|0.37|0.63|0.20|0.28|-0.04|0.21|-0.09|-0.19|-0.10|0.08|0.00|-0.02|-0.04|0.36|-0.36|0.47|0.37|-0.32|0.83|-0.37|0.70|0.64|0.28|-0.25|0.35
-1.21|0.52|0.21|0.12|-0.36|0.60|0.44|0.05|0.06|0.42|-0.42|0.55|-0.01|0.06|0.02|0.16|-0.59|-0.26|-0.33|-0.71|-0.61|-0.31|0.01|0.04|0.47|-0.17|-0.00
0.25|-0.29|0.15|-0.96|0.88|0.30|-0.17|-0.73|0.04|0.68|0.21|-0.65|-0.02|-0.07|0.03|-0.43|-0.83|0.16|-0.10|0.08|0.33|0.03|-0.63|0.44|0.21|0.70|0.30
------ Dim separator ------
0.26|-0.11|-0.43|-1.12|0.65|0.39|0.21|-0.24|-0.28|0.35|-0.22|0.13|0.11|-0.06|0.05|-0.25|-0.34|-0.64|-0.99|0.30|-0.37|-0.14|0.84|-0.63|0.07|0.52|0.05
-0.05|0.29|-0.21|0.37|-0.41|-0.50|-0.09|0.02|-0.37|0.15|-0.16|-0.30|0.01|0.02|0.00|-0.11|0.10|0.22|-0.13|-0.11|0.34|-0.05|0.42|0.09|-0.06|1.09|-0.01
0.60|0.21|-0.31|0.77|0.37|0.09|0.40|0.37|-0.00|-0.18|0.18|-0.03|0.43|0.01|0.03|0.01|-0.03|0.04|1.05|0.62|-0.61|0.09|0.09|0.62|0.21|-0.38|-0.11
0.71|0.03|-0.13|-0.16|0.48|-0.10|0.59|-0.34|0.17|-0.28|-0.23|0.11|-0.05|-0.02|0.07|0.60|-0.19|0.30|0.48|-0.03|0.06|-0.22|-0.32|-0.16|0.07|-0.04|-0.35
1.08|-0.16|-0.78|-0.91|0.08|0.74|-0.35|0.57|0.06|-0.54|0.92|0.40|-0.03|-0.07|-0.04|0.58|-0.16|-0.24|-0.94|0.11|0.40|-0.65|0.07|0.04|1.07|-0.03|0.22
------ Dim separator ------
-0.37|0.87|0.29|0.17|0.14|-1.00|0.62|0.40|-0.19|-0.28|0.55|-0.10|0.04|0.01|-0.06|-0.24|0.22|0.14|-0.40|-0.47|-0.17|-0.42|0.06|-1.01|0.60|-0.19|0.11
-0.59|-0.06|-0.91|0.18|-0.07|0.07|0.55|0.08|0.20|0.46|-0.58|-0.39|-0.11|0.01|0.03|-0.03|0.41|0.46|-0.01|-0.21|-0.67|-0.35|-0.65|-0.42|-0.24|0.15|0.03
0.49|0.13|0.01|0.70|-0.21|-0.10|-0.23|-0.19|-0.53|-0.14|0.87|0.12|0.71|-0.03|0.00|-0.00|0.23|-0.06|0.69|-0.08|-0.36|0.22|0.66|0.03|1.08|-0.03|0.16
0.91|0.45|0.03|0.30|-0.02|0.09|-0.51|-0.12|-0.66|0.35|-0.12|0.00|0.49|-0.02|0.03|-0.04|0.00|-0.07|0.97|0.29|0.23|-0.12|0.03|0.48|-1.12|0.12|1.06
0.66|0.20|0.35|-0.32|-0.02|-0.37|0.34|-0.60|0.27|-0.32|-0.59|0.68|-0.02|0.03|0.01|-0.74|-0.48|-0.59|-0.11|-0.21|0.18|0.05|-0.66|-0.35|0.54|0.22|-0.38
