------ Dim separator ------
0.35|-0.31|-0.15|-0.30|-0.15|-0.15|-0.60|-0.09|-0.35|-0.06|-0.15|0.28|-0.06|0.04|0.01|0.29|-0.37|0.49|-0.47|0.66|-0.82|0.17|0.01|0.33|0.86|0.18|-0.87
0.02|0.52|0.00|0.32|-0.10|-0.10|0.05|-0.17|0.23|-0.49|-0.64|-0.84|0.05|-0.05|-0.09|-0.16|-0.31|0.68|0.66|0.44|0.67|-0.56|-0.13|0.45|0.22|0.18|0.13
0.92|-0.54|-0.35|0.61|-0.06|-0.20|-0.35|-0.10|-0.25|-0.32|0.11|0.26|0.11|0.03|-0.00|-0.11|0.12|0.21|1.11|0.63|0.20|-0.59|-0.28|0.39|-0.03|-0.43|-0.13
-0.02|0.75|0.49|-0.22|0.27|0.06|0.22|0.09|-0.05|-0.30|-0.51|0.95|0.04|-0.03|0.02|-0.64|0.09|-0.07|-0.62|-0.18|-0.22|0.12|0.24|-0.33|-0.85|0.49|1.32
0.20|-0.06|-0.35|-0.17|0.86|0.36|-0.34|-0.10|0.09|-0.49|0.51|0.14|-0.10|-0.01|0.13|0.48|-0.41|0.53|-0.25|-0.24|-0.23|0.59|-0.13|-1.12|1.16|0.17|-0.17
------ Dim separator ------
0.73|-0.01|0.51|0.40|0.22|-0.23|0.54|0.43|0.02|-0.12|-0.29|-0.42|-0.03|-0.02|-0.08|0.53|0.07|0.23|-0.66|-0.28|0.89|0.18|-0.56|-0.18|0.44|-0.04|0.61
0.69|-0.53|0.18|-0.43|-0.13|-0.66|0.03|-0.18|-0.25|-0.20|-0.32|-0.00|-0.01|-0.00|0.01|-0.14|-0.44|0.61|-0.41|-0.69|0.32|-0.01|-0.60|0.06|-0.23|0.17|0.60
0.21|-0.48|-0.28|0.93|-0.07|0.17|0.47|-0.41|-0.30|-0.17|0.53|-1.03|0.83|-0.01|0.00|-0.01|-0.01|0.02|0.98|-0.14|0.03|-0.19|0.87|-0.03|-0.30|0.64|0.03
0.15|0.32|0.52|0.36|0.95|-0.04|0.45|0.45|-0.15|0.33|-0.18|0.50|0.86|-0.01|0.01|0.02|-0.03|-0.00|1.00|-0.21|0.09|-0.12|-0.28|0.02|-0.46|1.15|0.78
-0.23|0.17|1.12|0.44|0.60|-0.63|-0.26|-0.15|-0.32|-0.22|-0.00|-0.42|-0.03|0.01|0.05|-0.29|0.00|-0.32|-0.33|-1.45|-0.29|-0.17|0.50|0.47|0.02|0.15|-0.34
------ Dim separator ------
0.36|-0.71|-0.70|0.82|-0.08|-0.15|0.26|-0.50|-0.50|-0.24|0.47|0.26|-0.09|-0.01|-0.03|0.16|-0.37|-0.41|-0.32|0.37|-0.13|0.11|0.34|-0.42|-0.92|-0.04|-0.43
0.27|-0.21|-0.37|-0.45|-0.25|-0.69|0.35|-0.01|0.30|-0.25|0.36|-0.53|-0.02|-0.02|-0.06|0.80|0.40|0.30|-0.37|-0.15|0.13|-0.32|-0.10|0.25|0.14|-0.49|-0.83
0.07|0.30|0.72|0.62|0.26|0.44|-0.10|0.24|-0.35|-0.24|-0.01|0.10|-0.06|0.03|0.08|0.15|-0.22|0.67|0.20|-0.38|0.72|-0.36|0.63|0.62|0.06|-0.34|0.28
-1.14|0.64|0.50|0.17|-0.48|0.84|0.56|0.16|0.35|0.29|-0.54|0.36|-0.02|-0.00|-0.05|0.15|-0.72|-0.04|-0.37|-0.69|-0.87|-0.42|0.52|-0.01|0.76|-0.23|-0.05
0.22|-0.43|0.26|-0.79|0.85|0.35|-0.13|-0.97|-0.15|0.70|0.24|-0.54|0.01|0.18|-0.04|-0.34|-0.65|0.42|-0.25|-0.03|0.49|0.44|-0.70|0.38|0.14|0.84|0.51
------ Dim separator ------
0.35|-0.24|-0.42|-1.25|0.83|0.28|0.32|-0.08|-0.01|0.34|-0.31|0.20|-0.12|0.02|-0.10|-0.20|-0.25|-0.50|-1.26|0.36|-0.16|-0.17|0.67|-0.58|0.25|0.52|-0.07
-0.12|0.01|-0.39|0.25|-0.27|-0.71|-0.19|-0.07|-0.37|0.24|0.08|-0.23|0.07|-0.04|-0.00|-0.02|0.29|0.36|-0.02|-0.29|0.49|-0.16|0.46|0.21|-0.14|0.91|0.14
0.25|0.07|-0.29|0.75|0.36|0.16|0.28|0.28|-0.02|-0.12|0.21|0.12|0.93|-0.04|-0.09|-0.00|0.03|-0.03|0.98|0.57|-0.60|0.26|0.27|0.67|0.22|-0.37|-0.13
0.98|0.19|-0.22|-0.16|0.43|-0.14|0.49|-0.49|0.27|-0.26|-0.37|0.35|0.11|0.09|-0.12|0.73|-0.08|0.01|0.69|-0.03|-0.04|-0.35|-0.13|-0.13|-0.12|0.11|-0.41
1.25|-0.30|-0.94|-0.75|-0.13|0.43|-0.23|0.51|0.04|-0.55|0.83|0.20|0.01|0.06|0.04|0.57|-0.32|-0.41|-1.24|0.09|0.35|-0.90|0.10|0.02|1.12|-0.19|0.26
------ Dim separator ------
-0.21|0.99|0.31|0.32|-0.00|-1.03|0.70|0.36|-0.32|-0.48|0.40|0.04|-0.09|0.01|0.01|-0.21|0.12|-0.14|-0.21|-0.50|0.02|-0.03|-0.23|-1.09|0.69|-0.37|0.34
-0.64|-0.20|-1.06|-0.09|0.12|0.16|0.75|0.06|0.18|0.57|-0.57|-0.63|0.02|-0.06|-0.02|0.27|0.08|0.56|0.08|-0.31|-0.63|-0.37|-0.58|-0.64|-0.44|-0.10|-0.01
0.62|0.08|0.06|0.76|-0.45|0.00|-0.25|-0.21|-0.51|-0.13|1.12|0.23|0.86|0.02|0.08|0.03|0.09|0.05|0.93|-0.02|-0.15|0.32|0.73|-0.08|1.01|-0.02|-0.04
0.24|0.49|0.39|0.06|0.27|-0.04|-0.57|-0.12|-1.05|0.34|-0.14|0.07|0.89|0.03|-0.09|0.02|-0.03|0.08|1.03|0.26|0.19|-0.29|0.05|0.78|-1.06|0.22|1.19
0.75|0.33|0.28|-0.57|0.01|-0.29|0.18|-1.02|0.20|-0.46|-0.49|0.66|0.01|0.10|0.09|-0.72|-0.55|-0.49|0.01|-0.45|0.37|0.27|-0.65|-0.20|0.54|0.32|-0.36
