------ Dim separator ------
0.31|-0.02|0.13|-0.34|-0.13|-0.09|-0.51|-0.13|-0.34|-0.27|-0.07|0.12|0.02|-0.04|0.02|0.45|-0.20|0.24|-0.25|0.54|-0.67|0.14|-0.06|0.46|0.78|-0.02|-0.82
0.18|0.38|0.02|0.22|-0.00|-0.00|0.07|-0.28|0.24|-0.44|-0.71|-0.86|-0.06|-0.02|-0.06|0.08|-0.34|0.66|0.62|0.32|0.60|-0.49|-0.06|0.43|0.41|0.28|-0.10
0.79|-0.44|-0.27|0.73|-0.04|-0.15|-0.25|0.05|-0.03|-0.10|0.15|0.15|0.45|-0.07|0.04|-0.04|-0.01|0.03|0.99|0.57|0.07|-0.59|0.01|0.36|-0.08|-0.66|-0.13
-0.04|0.79|0.49|-0.06|0.34|0.20|0.14|0.03|-0.06|-0.27|-0.27|0.78|-0.01|-0.01|0.01|-0.51|0.12|0.10|-0.31|0.15|-0.01|0.13|0.18|-0.35|-0.95|0.71|0.92
0.21|-0.09|-0.35|-0.23|0.70|0.25|-0.05|-0.31|0.20|-0.37|0.54|0.35|0.04|0.01|-0.00|0.43|-0.05|0.40|-0.18|-0.19|-0.43|0.36|0.14|-0.71|0.82|0.47|-0.13
------ Dim separator ------
0.63|-0.00|0.15|0.50|0.13|-0.17|0.38|0.56|0.07|-0.03|-0.09|-0.14|-0.03|0.01|0.01|0.65|0.23|0.16|-0.72|-0.21|0.92|0.03|-0.44|-0.37|0.47|0.11|0.39
0.69|-0.46|0.26|-0.44|0.01|-0.42|0.00|-0.25|-0.27|-0.14|-0.33|-0.19|0.01|-0.03|-0.04|-0.05|-0.45|0.53|-0.31|-0.69|0.57|-0.02|-0.47|0.42|-0.36|0.04|0.48
0.23|-0.39|-0.26|0.72|-0.11|0.31|0.44|-0.20|-0.19|-0.47|0.59|-0.87|0.08|0.03|0.01|0.23|-0.14|-0.18|0.77|0.01|0.07|-0.11|0.71|-0.40|-0.05|0.86|-0.01
0.68|0.34|0.31|0.07|0.83|-0.28|0.69|0.51|-0.13|0.26|-0.34|0.45|0.54|-0.07|0.05|-0.02|-0.03|-0.02|0.98|-0.19|-0.29|-0.15|-0.22|0.37|-0.24|1.02|0.57
-0.13|0.51|1.09|0.30|0.27|-0.76|-0.33|-0.15|-0.32|-0.27|0.15|-0.54|0.05|-0.02|-0.00|-0.17|-0.07|-0.05|-0.44|-1.19|-0.56|-0.03|0.37|0.17|-0.20|0.07|-0.37
------ Dim separator ------
0.29|-0.54|-0.72|0.68|0.03|0.13|0.02|-0.46|-0.49|-0.09|0.37|0.09|0.02|0.03|0.03|-0.06|-0.12|-0.41|-0.29|0.29|-0.04|0.15|0.33|-0.36|-1.03|-0.06|-0.23
0.38|-0.12|-0.37|-0.27|-0.28|-0.17|0.29|-0.01|0.45|0.01|0.32|-0.36|0.07|-0.08|-0.07|0.77|0.57|0.17|-0.27|-0.30|0.15|-0.11|0.05|0.06|0.24|-0.40|-0.61
-0.13|0.20|0.42|0.69|0.24|0.30|0.05|0.22|-0.10|-0.22|-0.04|0.13|-0.01|0.01|-0.04|0.39|-0.30|0.49|0.39|-0.32|0.85|-0.40|0.67|0.62|0.22|-0.19|0.37
-1.14|0.54|0.24|0.12|-0.34|0.58|0.42|0.06|0.09|0.40|-0.45|0.53|0.01|0.06|0.04|0.18|-0.69|-0.29|-0.34|-0.72|-0.60|-0.30|0.04|0.01|0.49|-0.17|-0.04
0.27|-0.28|0.17|-0.96|0.90|0.32|-0.17|-0.83|0.04|0.76|0.18|-0.62|0.01|-0.07|0.01|-0.40|-0.87|0.18|-0.13|0.03|0.30|0.02|-0.66|0.38|0.20|0.70|0.29
------ Dim separator ------
0.17|-0.18|-0.45|-1.14|0.64|0.34|0.14|-0.16|-0.23|0.36|-0.19|0.15|0.08|-0.04|0.05|-0.26|-0.28|-0.66|-1.02|0.32|-0.30|-0.11|0.84|-0.73|0.07|0.54|0.08
-0.09|0.31|-0.21|0.37|-0.42|-0.55|-0.04|0.08|-0.41|0.19|-0.18|-0.20|-0.04|0.04|-0.04|-0.11|0.16|0.28|-0.13|-0.17|0.39|-0.10|0.39|0.06|-0.04|1.07|0.02
0.56|0.13|-0.27|0.86|0.41|0.02|0.34|0.37|-0.02|-0.19|0.15|-0.02|0.44|0.06|0.03|0.03|0.01|0.05|0.97|0.63|-0.61|0.14|0.07|0.60|0.16|-0.42|-0.10
0.73|0.14|-0.15|-0.19|0.47|-0.12|0.56|-0.37|0.21|-0.34|-0.21|0.08|-0.02|-0.02|0.03|0.67|-0.20|0.26|0.51|-0.05|0.02|-0.20|-0.35|-0.22|0.01|-0.07|-0.29
1.12|-0.18|-0.88|-0.87|0.03|0.76|-0.35|0.55|0.05|-0.57|0.85|0.35|-0.01|-0.07|-0.04|0.61|-0.12|-0.20|-0.98|0.18|0.38|-0.62|0.04|0.12|1.08|-0.06|0.24
------ Dim separator ------
-0.46|0.77|0.27|0.21|0.18|-1.05|0.65|0.39|-0.21|-0.24|0.51|-0.08|0.01|-0.01|-0.06|-0.32|0.27|0.02|-0.33|-0.50|-0.22|-0.37|0.04|-1.06|0.56|-0.20|0.16
-0.63|-0.04|-0.96|0.17|0.02|-0.00|0.59|0.03|0.16|0.47|-0.62|-0.44|-0.10|0.06|-0.00|-0.02|0.41|0.39|0.02|-0.29|-0.64|-0.33|-0.62|-0.41|-0.24|0.19|0.03
0.43|0.13|-0.02|0.72|-0.24|-0.08|-0.24|-0.23|-0.52|-0.12|0.88|0.11|0.62|-0.00|0.03|0.05|0.21|-0.06|0.69|-0.10|-0.34|0.18|0.66|0.05|1.06|-0.04|0.14
0.91|0.50|0.07|0.33|0.04|0.13|-0.55|-0.17|-0.72|0.36|-0.13|0.01|0.52|-0.05|0.06|-0.03|0.05|-0.07|0.96|0.31|0.16|-0.16|-0.02|0.52|-1.13|0.11|1.07
0.65|0.17|0.32|-0.34|-0.07|-0.40|0.36|-0.65|0.28|-0.36|-0.65|0.74|-0.00|0.02|0.01|-0.79|-0.56|-0.57|-0.14|-0.15|0.25|0.07|-0.63|-0.31|0.53|0.22|-0.42
