------ Dim separator ------
0.20|-0.34|0.11|-0.43|-0.15|-0.06|-0.35|-0.07|-0.43|-0.35|-0.08|0.07|0.01|0.05|0.00|0.32|-0.33|0.30|-0.23|0.40|-0.78|0.08|-0.08|0.49|0.77|-0.12|-0.76
-0.00|0.33|0.09|0.21|-0.08|-0.09|0.14|-0.39|0.12|-0.68|-0.58|-0.91|0.07|-0.03|0.12|0.06|-0.40|0.77|0.53|0.38|0.54|-0.55|0.09|0.27|0.40|0.16|-0.14
0.78|-0.42|-0.36|0.74|-0.19|-0.29|-0.27|0.17|-0.09|-0.07|0.05|0.21|0.21|0.03|-0.10|-0.03|0.14|-0.06|1.06|0.67|0.10|-0.55|0.02|0.28|0.04|-0.79|-0.32
0.04|0.68|0.66|-0.08|0.44|0.05|0.02|-0.19|0.04|-0.32|-0.29|0.92|-0.03|-0.04|-0.10|-0.52|0.11|-0.00|-0.26|0.06|-0.03|-0.01|0.09|-0.20|-0.80|0.55|1.09
0.25|-0.25|-0.30|-0.13|0.63|0.34|-0.05|-0.32|0.22|-0.46|0.51|0.40|0.06|0.06|-0.07|0.46|-0.03|0.46|-0.36|-0.05|-0.46|0.31|0.15|-0.86|0.91|0.37|-0.22
------ Dim separator ------
0.68|0.00|0.22|0.35|0.12|-0.11|0.41|0.60|0.05|-0.11|-0.23|-0.03|0.05|0.02|-0.08|0.72|0.27|0.36|-0.72|-0.24|1.10|-0.08|-0.60|-0.30|0.55|-0.13|0.28
0.82|-0.38|0.34|-0.42|0.06|-0.45|0.00|-0.09|-0.17|-0.19|-0.31|-0.28|0.01|0.02|0.04|0.07|-0.42|0.43|-0.18|-0.81|0.51|-0.02|-0.32|0.33|-0.48|0.18|0.45
0.10|-0.39|-0.26|0.66|-0.01|0.30|0.62|-0.19|-0.24|-0.61|0.67|-0.90|0.01|-0.03|-0.03|0.24|-0.21|0.10|0.93|0.15|-0.08|-0.04|0.61|-0.42|-0.01|0.87|0.05
0.68|0.18|0.38|0.01|0.87|-0.22|0.62|0.29|-0.28|0.26|-0.27|0.60|0.30|0.07|-0.09|-0.05|0.01|0.06|0.86|-0.31|-0.21|-0.22|-0.26|0.31|-0.30|0.93|0.46
-0.27|0.54|0.91|0.26|0.08|-0.86|-0.41|-0.06|-0.49|-0.22|0.28|-0.41|-0.02|0.09|-0.03|-0.14|-0.22|-0.00|-0.27|-1.10|-0.59|-0.11|0.34|0.03|-0.22|-0.02|-0.34
------ Dim separator ------
0.26|-0.48|-0.59|0.84|0.10|0.07|0.05|-0.35|-0.67|-0.23|0.38|0.14|0.06|-0.08|-0.02|-0.12|-0.10|-0.36|-0.39|0.28|-0.10|0.05|0.35|-0.12|-1.14|-0.01|-0.40
0.25|-0.01|-0.40|-0.44|-0.37|-0.24|0.21|0.00|0.43|-0.04|0.33|-0.42|-0.06|0.12|0.16|0.78|0.60|0.10|-0.14|-0.33|0.19|-0.16|0.04|0.28|0.16|-0.50|-0.60
-0.00|0.25|0.44|0.69|0.20|0.32|-0.07|0.09|-0.12|-0.11|0.00|0.24|0.05|0.01|0.06|0.18|-0.37|0.52|0.29|-0.41|0.94|-0.36|0.59|0.69|0.28|-0.32|0.19
-1.21|0.54|0.12|0.12|-0.29|0.56|0.42|0.02|0.13|0.42|-0.56|0.47|-0.04|-0.07|0.03|0.20|-0.58|-0.33|-0.41|-0.75|-0.58|-0.29|0.03|0.31|0.49|-0.13|-0.04
0.27|-0.44|0.25|-1.05|1.23|0.39|-0.02|-0.88|0.00|0.66|0.18|-0.83|-0.02|-0.10|0.06|-0.36|-0.87|0.16|-0.21|-0.11|0.33|0.15|-0.68|0.40|0.13|0.74|0.18
------ Dim separator ------
0.39|-0.35|-0.69|-1.16|0.71|0.40|0.22|-0.28|-0.38|0.27|-0.12|0.20|-0.07|0.00|0.04|-0.36|-0.37|-0.65|-1.02|0.17|-0.22|-0.10|0.96|-0.66|0.25|0.43|0.02
-0.00|0.28|-0.29|0.46|-0.43|-0.37|-0.24|-0.11|-0.40|0.14|-0.32|-0.34|0.00|0.02|0.01|-0.01|0.17|0.18|-0.03|-0.20|0.21|-0.13|0.42|0.17|-0.15|1.08|-0.07
0.46|0.16|-0.35|0.90|0.25|0.13|0.40|0.33|0.23|-0.28|0.18|-0.10|0.35|0.04|0.07|0.19|0.02|0.08|1.02|0.61|-0.55|0.15|0.14|0.60|0.24|-0.38|-0.22
0.76|-0.02|0.07|-0.28|0.43|-0.18|0.65|-0.24|0.25|-0.28|-0.26|0.03|-0.01|-0.10|0.02|0.70|-0.25|0.26|0.49|-0.03|0.14|-0.18|-0.32|-0.06|0.13|-0.09|-0.27
1.09|-0.18|-0.73|-0.98|0.19|0.73|-0.27|0.46|-0.09|-0.70|0.91|0.31|0.06|0.05|0.09|0.64|-0.01|-0.23|-0.91|0.12|0.52|-0.78|0.21|0.16|1.12|-0.09|0.31
------ Dim separator ------
-0.35|0.95|0.35|0.33|0.24|-1.01|0.59|0.52|-0.25|-0.27|0.63|0.03|0.08|-0.06|0.13|-0.02|0.24|0.04|-0.38|-0.44|-0.13|-0.36|0.06|-1.08|0.75|-0.25|0.16
-0.73|-0.10|-0.84|0.21|0.02|0.08|0.62|0.23|0.11|0.43|-0.71|-0.58|0.11|0.07|-0.00|0.01|0.42|0.42|0.08|-0.19|-0.62|-0.49|-0.67|-0.51|-0.28|0.34|0.17
0.58|0.05|0.06|0.79|-0.24|-0.20|-0.08|-0.25|-0.51|-0.14|0.75|0.08|0.89|0.07|-0.04|-0.05|0.70|0.01|0.36|-0.02|-0.41|0.15|0.56|0.03|1.07|-0.16|0.26
0.81|0.49|0.02|0.31|-0.07|0.05|-0.44|-0.21|-0.75|0.37|-0.13|0.14|0.38|-0.01|0.05|0.17|0.10|-0.03|1.00|0.29|0.31|-0.23|-0.01|0.55|-1.07|0.06|1.06
0.70|0.42|0.18|-0.36|-0.07|-0.31|0.34|-0.67|0.21|-0.22|-0.54|0.73|0.04|-0.07|-0.13|-0.83|-0.59|-0.54|-0.18|-0.30|0.23|0.08|-0.59|-0.31|0.41|0.36|-0.45
