------ Dim separator ------
0.22|-0.27|0.17|-0.32|-0.15|-0.13|-0.42|-0.12|-0.42|-0.23|-0.12|0.05|0.05|-0.02|-0.01|0.34|-0.21|0.41|-0.25|0.52|-0.81|0.25|0.11|0.50|0.76|-0.01|-0.82
0.12|0.39|0.09|0.11|-0.11|-0.01|0.15|-0.36|0.19|-0.46|-0.65|-0.91|-0.02|0.06|-0.00|0.06|-0.38|0.78|0.55|0.40|0.57|-0.49|0.02|0.32|0.37|0.17|-0.17
0.82|-0.58|-0.31|0.66|-0.02|-0.17|-0.23|0.05|-0.11|-0.14|0.13|0.21|0.15|-0.01|0.02|-0.17|-0.03|0.04|1.01|0.67|0.11|-0.49|-0.04|0.40|-0.05|-0.70|-0.30
-0.02|0.80|0.57|-0.08|0.31|0.06|0.16|-0.13|-0.12|-0.30|-0.43|0.83|-0.03|0.02|0.04|-0.39|0.14|0.07|-0.39|0.03|-0.11|0.14|0.21|-0.28|-0.80|0.56|1.18
0.31|-0.16|-0.41|-0.20|0.63|0.25|-0.03|-0.23|0.12|-0.48|0.48|0.30|-0.03|-0.04|-0.05|0.52|-0.10|0.47|-0.27|-0.16|-0.31|0.38|-0.04|-0.88|0.93|0.28|-0.15
------ Dim separator ------
0.65|-0.01|0.25|0.33|0.08|-0.13|0.51|0.55|0.06|-0.07|-0.18|-0.12|-0.11|-0.01|0.09|0.62|0.11|0.14|-0.71|-0.23|1.06|-0.01|-0.52|-0.37|0.40|0.08|0.43
0.77|-0.53|0.22|-0.43|0.01|-0.38|0.05|-0.16|-0.22|-0.18|-0.23|-0.17|0.01|0.06|0.04|0.01|-0.38|0.55|-0.33|-0.78|0.54|-0.07|-0.51|0.25|-0.34|0.08|0.51
0.23|-0.34|-0.25|0.83|-0.07|0.21|0.48|-0.23|-0.22|-0.39|0.59|-0.87|0.18|-0.03|0.03|0.22|-0.13|-0.07|0.85|-0.06|-0.01|-0.15|0.69|-0.36|-0.17|0.76|0.07
0.60|0.37|0.34|0.08|0.93|-0.20|0.61|0.52|-0.16|0.29|-0.31|0.52|0.34|0.03|0.03|-0.05|0.03|-0.08|1.08|-0.25|-0.17|-0.17|-0.26|0.31|-0.31|0.95|0.66
-0.27|0.46|1.04|0.34|0.21|-0.78|-0.21|-0.20|-0.43|-0.24|0.23|-0.42|-0.03|0.02|-0.02|-0.13|-0.10|-0.06|-0.32|-1.07|-0.51|-0.01|0.42|0.18|-0.15|0.03|-0.30
------ Dim separator ------
0.26|-0.50|-0.63|0.72|0.08|0.08|0.00|-0.55|-0.56|-0.22|0.32|0.19|0.01|-0.01|-0.04|0.06|-0.31|-0.41|-0.35|0.32|-0.03|0.18|0.24|-0.37|-1.11|0.02|-0.40
0.33|-0.06|-0.37|-0.35|-0.20|-0.25|0.40|0.00|0.38|-0.12|0.40|-0.49|0.04|-0.03|0.08|0.79|0.59|0.18|-0.28|-0.27|0.09|-0.05|0.02|0.09|0.17|-0.48|-0.69
-0.03|0.22|0.49|0.71|0.22|0.41|-0.01|0.32|-0.12|-0.20|-0.01|0.11|0.01|-0.03|-0.09|0.32|-0.40|0.56|0.34|-0.39|0.78|-0.39|0.67|0.67|0.22|-0.34|0.25
-1.13|0.48|0.21|0.08|-0.30|0.62|0.49|0.07|0.18|0.41|-0.42|0.37|0.02|0.02|-0.02|0.10|-0.68|-0.29|-0.46|-0.74|-0.73|-0.29|0.09|0.16|0.52|-0.17|-0.16
0.32|-0.27|0.24|-0.85|0.94|0.42|-0.08|-0.83|-0.06|0.75|0.09|-0.74|0.01|-0.01|-0.05|-0.37|-0.81|0.20|-0.14|-0.08|0.38|0.20|-0.62|0.36|0.08|0.71|0.28
------ Dim separator ------
0.33|-0.18|-0.39|-1.17|0.74|0.35|0.27|-0.17|-0.19|0.41|-0.16|0.15|0.03|0.09|-0.00|-0.32|-0.25|-0.59|-1.02|0.33|-0.35|-0.06|0.89|-0.56|0.18|0.46|0.02
-0.10|0.19|-0.31|0.36|-0.48|-0.55|-0.16|-0.06|-0.38|0.21|-0.21|-0.21|-0.08|0.00|0.01|-0.07|0.22|0.30|-0.06|-0.19|0.35|-0.12|0.37|0.09|-0.01|1.06|0.11
0.46|0.15|-0.29|0.85|0.39|0.20|0.26|0.21|0.06|-0.16|0.14|-0.03|0.42|-0.02|-0.01|-0.06|0.05|0.02|0.93|0.55|-0.57|0.10|0.18|0.60|0.12|-0.34|-0.15
0.83|0.08|-0.10|-0.22|0.38|-0.09|0.55|-0.24|0.21|-0.36|-0.17|0.11|-0.06|0.03|0.02|0.71|-0.21|0.15|0.55|-0.11|0.04|-0.18|-0.30|-0.17|-0.15|-0.03|-0.35
1.10|-0.23|-0.84|-0.87|0.03|0.74|-0.28|0.46|-0.08|-0.55|0.90|0.26|-0.05|-0.02|-0.02|0.62|-0.16|-0.15|-0.93|0.13|0.45|-0.76|0.14|0.12|1.07|-0.16|0.17
------ Dim separator ------
-0.54|0.83|0.19|0.26|0.14|-0.90|0.67|0.48|-0.24|-0.29|0.54|-0.00|-0.03|0.05|-0.04|-0.29|0.17|-0.10|-0.33|-0.44|-0.17|-0.22|-0.06|-1.04|0.66|-0.32|0.21
-0.62|-0.20|-0.87|0.17|0.09|-0.05|0.73|0.04|0.20|0.43|-0.64|-0.51|0.05|-0.02|-0.01|0.01|0.35|0.44|-0.05|-0.22|-0.63|-0.45|-0.64|-0.51|-0.30|0.14|0.00
0.44|0.07|-0.04|0.70|-0.35|-0.18|-0.13|-0.23|-0.49|-0.20|0.95|0.05|0.54|-0.06|-0.09|-0.07|0.18|0.02|0.74|-0.07|-0.29|0.31|0.61|0.00|1.10|-0.08|0.09
0.68|0.47|0.08|0.24|0.07|0.03|-0.53|-0.08|-0.85|0.31|-0.11|0.05|0.42|0.01|-0.03|0.09|0.01|0.10|0.89|0.30|0.22|-0.16|0.02|0.66|-1.05|0.16|1.06
0.72|0.28|0.31|-0.41|-0.08|-0.32|0.28|-0.78|0.26|-0.26|-0.57|0.64|0.04|-0.11|0.01|-0.82|-0.55|-0.51|-0.10|-0.22|0.28|0.11|-0.62|-0.25|0.36|0.24|-0.42
