------ Dim separator ------
0.33|-0.09|0.13|-0.35|-0.19|-0.09|-0.46|-0.09|-0.34|-0.29|-0.05|0.07|0.00|-0.02|-0.03|0.44|-0.24|0.16|-0.22|0.51|-0.71|0.10|-0.11|0.45|0.76|0.01|-0.82
0.16|0.38|-0.06|0.20|-0.03|0.01|0.04|-0.30|0.25|-0.43|-0.73|-0.88|-0.04|0.03|0.03|0.06|-0.30|0.66|0.60|0.29|0.56|-0.49|-0.01|0.41|0.37|0.31|-0.11
0.75|-0.43|-0.27|0.75|-0.11|-0.17|-0.31|0.10|-0.04|-0.19|0.12|0.14|0.51|-0.02|0.06|0.01|0.02|0.02|1.01|0.61|0.06|-0.58|-0.05|0.35|-0.06|-0.64|-0.15
0.01|0.76|0.47|-0.00|0.31|0.23|0.14|0.03|-0.03|-0.32|-0.34|0.71|0.03|0.03|0.05|-0.51|0.08|0.14|-0.33|0.13|-0.06|0.15|0.18|-0.33|-0.96|0.66|0.90
0.25|-0.06|-0.37|-0.20|0.73|0.30|-0.03|-0.31|0.23|-0.36|0.53|0.32|0.01|-0.00|-0.03|0.40|-0.07|0.39|-0.23|-0.19|-0.43|0.39|0.15|-0.72|0.91|0.43|-0.13
------ Dim separator ------
0.66|0.02|0.14|0.48|0.20|-0.12|0.34|0.56|0.03|0.03|-0.04|-0.12|0.08|0.02|0.03|0.64|0.24|0.16|-0.73|-0.17|0.90|0.04|-0.43|-0.39|0.45|0.10|0.35
0.66|-0.43|0.24|-0.46|-0.03|-0.40|-0.08|-0.26|-0.21|-0.12|-0.36|-0.15|0.05|-0.06|-0.04|-0.10|-0.44|0.48|-0.31|-0.69|0.52|-0.03|-0.48|0.43|-0.39|0.08|0.44
0.18|-0.40|-0.23|0.71|-0.11|0.30|0.48|-0.14|-0.29|-0.54|0.62|-0.85|0.07|0.03|-0.00|0.21|-0.19|-0.13|0.81|0.05|0.09|-0.05|0.76|-0.36|-0.12|0.82|-0.01
0.70|0.34|0.30|0.06|0.81|-0.29|0.67|0.49|-0.11|0.28|-0.24|0.47|0.59|-0.05|-0.02|-0.02|0.01|0.00|1.01|-0.19|-0.30|-0.11|-0.26|0.38|-0.24|1.01|0.50
-0.24|0.50|1.13|0.34|0.24|-0.74|-0.39|-0.15|-0.32|-0.27|0.21|-0.53|0.04|-0.11|-0.03|-0.18|-0.13|-0.04|-0.41|-1.17|-0.55|-0.04|0.38|0.13|-0.22|0.04|-0.35
------ Dim separator ------
0.30|-0.60|-0.73|0.67|-0.02|0.09|0.06|-0.44|-0.50|-0.04|0.40|0.11|0.05|0.06|0.01|-0.07|-0.11|-0.41|-0.28|0.27|-0.08|0.11|0.37|-0.31|-1.03|-0.00|-0.27
0.34|-0.11|-0.31|-0.21|-0.28|-0.21|0.26|-0.07|0.49|-0.04|0.33|-0.39|0.01|-0.05|-0.12|0.76|0.57|0.13|-0.19|-0.38|0.12|-0.08|0.04|0.11|0.26|-0.38|-0.58
-0.11|0.23|0.41|0.61|0.23|0.27|-0.00|0.21|-0.09|-0.19|-0.05|0.14|0.00|-0.03|-0.02|0.42|-0.35|0.51|0.36|-0.31|0.88|-0.39|0.71|0.63|0.28|-0.23|0.33
-1.23|0.54|0.23|0.14|-0.37|0.61|0.48|0.06|0.10|0.40|-0.46|0.54|-0.01|0.04|0.02|0.14|-0.58|-0.26|-0.35|-0.73|-0.62|-0.33|0.04|0.02|0.50|-0.17|-0.03
0.21|-0.30|0.16|-0.97|0.90|0.32|-0.20|-0.77|0.03|0.72|0.20|-0.67|-0.01|-0.02|0.00|-0.43|-0.82|0.18|-0.12|0.07|0.37|0.07|-0.67|0.43|0.22|0.72|0.31
------ Dim separator ------
0.24|-0.13|-0.39|-1.13|0.69|0.37|0.23|-0.21|-0.28|0.35|-0.25|0.16|0.07|-0.09|0.02|-0.23|-0.36|-0.67|-1.04|0.28|-0.32|-0.12|0.86|-0.66|0.07|0.51|0.05
-0.07|0.27|-0.21|0.38|-0.40|-0.51|-0.07|0.04|-0.34|0.17|-0.18|-0.24|0.03|-0.01|0.02|-0.10|0.14|0.24|-0.12|-0.15|0.36|-0.07|0.44|0.08|-0.03|1.07|-0.02
0.58|0.19|-0.27|0.77|0.39|0.07|0.38|0.37|-0.02|-0.18|0.20|-0.01|0.48|0.01|0.03|-0.01|-0.04|0.03|1.03|0.63|-0.63|0.11|0.10|0.62|0.21|-0.39|-0.11
0.73|0.02|-0.13|-0.15|0.49|-0.09|0.60|-0.38|0.15|-0.30|-0.23|0.11|-0.03|-0.03|0.03|0.62|-0.17|0.28|0.47|-0.03|0.06|-0.21|-0.32|-0.19|0.07|-0.05|-0.34
1.09|-0.19|-0.82|-0.93|0.05|0.76|-0.35|0.61|0.07|-0.51|0.92|0.38|-0.04|-0.05|-0.04|0.59|-0.15|-0.26|-0.97|0.13|0.40|-0.67|0.08|0.05|1.09|-0.01|0.22
------ Dim separator ------
-0.42|0.89|0.30|0.16|0.13|-1.01|0.67|0.42|-0.22|-0.29|0.57|-0.07|0.03|0.01|-0.03|-0.25|0.25|0.06|-0.39|-0.49|-0.19|-0.41|0.04|-1.03|0.57|-0.18|0.12
-0.62|-0.07|-0.93|0.16|-0.02|0.08|0.56|0.06|0.22|0.46|-0.59|-0.42|-0.11|-0.01|0.03|-0.04|0.41|0.47|0.02|-0.26|-0.68|-0.36|-0.68|-0.43|-0.25|0.14|0.02
0.48|0.13|-0.04|0.70|-0.24|-0.07|-0.25|-0.17|-0.53|-0.15|0.93|0.10|0.70|-0.04|-0.01|0.01|0.21|-0.06|0.75|-0.05|-0.37|0.26|0.69|0.01|1.10|-0.00|0.15
0.86|0.45|0.07|0.29|-0.05|0.07|-0.49|-0.12|-0.72|0.34|-0.11|0.00|0.49|-0.01|0.05|-0.02|0.00|-0.06|1.00|0.28|0.22|-0.14|-0.00|0.50|-1.14|0.13|1.07
0.65|0.20|0.37|-0.34|-0.05|-0.39|0.33|-0.63|0.28|-0.35|-0.62|0.67|-0.03|0.04|0.02|-0.75|-0.48|-0.62|-0.11|-0.19|0.18|0.09|-0.67|-0.33|0.53|0.23|-0.41
