------ Dim separator ------
0.39|-0.31|-0.19|-0.28|-0.15|-0.16|-0.68|-0.17|-0.33|-0.05|-0.22|0.35|-0.05|0.07|0.01|0.26|-0.40|0.56|-0.49|0.71|-0.82|0.16|0.03|0.32|0.92|0.22|-0.89
0.01|0.55|0.01|0.34|-0.12|-0.14|0.01|-0.17|0.26|-0.50|-0.65|-0.86|0.04|-0.02|-0.07|-0.21|-0.33|0.73|0.69|0.50|0.73|-0.56|-0.16|0.48|0.18|0.19|0.15
0.89|-0.53|-0.40|0.65|-0.07|-0.19|-0.35|-0.14|-0.27|-0.32|0.05|0.31|0.09|0.03|0.01|-0.13|0.10|0.24|1.10|0.63|0.19|-0.61|-0.28|0.41|-0.04|-0.41|-0.16
-0.06|0.78|0.49|-0.24|0.29|0.08|0.25|0.07|-0.04|-0.29|-0.58|1.04|0.03|-0.02|0.03|-0.66|0.09|-0.06|-0.67|-0.18|-0.26|0.11|0.25|-0.30|-0.88|0.47|1.39
0.19|-0.07|-0.37|-0.17|0.92|0.42|-0.33|-0.10|0.09|-0.46|0.54|0.15|-0.06|-0.01|0.13|0.50|-0.46|0.57|-0.18|-0.27|-0.20|0.59|-0.12|-1.18|1.26|0.15|-0.18
------ Dim separator ------
0.79|0.03|0.56|0.43|0.23|-0.24|0.57|0.45|0.01|-0.14|-0.39|-0.45|-0.01|-0.05|-0.07|0.54|0.10|0.23|-0.68|-0.28|0.90|0.20|-0.58|-0.16|0.47|-0.07|0.62
0.66|-0.53|0.16|-0.42|-0.15|-0.74|0.04|-0.17|-0.28|-0.24|-0.32|0.07|-0.03|-0.00|0.00|-0.17|-0.48|0.65|-0.45|-0.72|0.29|0.04|-0.63|0.03|-0.22|0.18|0.66
0.20|-0.50|-0.31|0.93|-0.06|0.20|0.49|-0.41|-0.28|-0.17|0.52|-1.07|0.93|0.01|-0.00|-0.01|0.00|0.01|1.00|-0.14|0.06|-0.22|0.95|-0.01|-0.31|0.62|0.03
0.14|0.28|0.57|0.37|1.01|-0.00|0.45|0.44|-0.17|0.32|-0.19|0.51|0.91|-0.02|-0.00|0.03|-0.04|-0.02|0.98|-0.21|0.13|-0.13|-0.28|0.01|-0.50|1.18|0.85
-0.25|0.13|1.12|0.46|0.70|-0.63|-0.26|-0.16|-0.35|-0.18|-0.06|-0.46|-0.04|-0.00|0.02|-0.36|0.07|-0.32|-0.31|-1.52|-0.28|-0.19|0.49|0.52|0.08|0.14|-0.39
------ Dim separator ------
0.39|-0.70|-0.72|0.84|-0.09|-0.15|0.28|-0.50|-0.51|-0.18|0.48|0.28|-0.08|-0.02|-0.03|0.20|-0.36|-0.43|-0.31|0.40|-0.14|0.12|0.33|-0.46|-0.94|-0.06|-0.46
0.27|-0.23|-0.36|-0.48|-0.21|-0.71|0.36|-0.00|0.33|-0.27|0.34|-0.53|-0.03|-0.04|-0.06|0.83|0.40|0.30|-0.41|-0.12|0.10|-0.31|-0.11|0.25|0.10|-0.53|-0.87
0.07|0.32|0.75|0.60|0.31|0.45|-0.10|0.23|-0.39|-0.25|-0.02|0.08|-0.07|0.02|0.09|0.18|-0.21|0.67|0.15|-0.36|0.73|-0.36|0.69|0.65|0.04|-0.31|0.27
-1.17|0.69|0.57|0.16|-0.53|0.91|0.57|0.19|0.40|0.25|-0.54|0.33|-0.03|-0.02|-0.04|0.18|-0.71|-0.04|-0.36|-0.72|-0.91|-0.43|0.60|0.00|0.78|-0.24|-0.07
0.21|-0.42|0.29|-0.81|0.86|0.36|-0.14|-1.03|-0.17|0.77|0.23|-0.54|0.01|0.16|-0.03|-0.33|-0.58|0.46|-0.26|0.01|0.51|0.49|-0.71|0.38|0.14|0.88|0.54
------ Dim separator ------
0.38|-0.29|-0.44|-1.29|0.88|0.27|0.32|-0.07|-0.00|0.35|-0.28|0.25|-0.09|-0.00|-0.11|-0.21|-0.22|-0.46|-1.31|0.40|-0.09|-0.21|0.66|-0.56|0.25|0.52|-0.09
-0.15|-0.02|-0.42|0.24|-0.26|-0.75|-0.19|-0.08|-0.32|0.26|0.08|-0.22|0.06|-0.03|-0.01|-0.03|0.34|0.36|-0.02|-0.32|0.51|-0.12|0.46|0.20|-0.13|0.94|0.14
0.25|0.03|-0.26|0.74|0.41|0.14|0.28|0.27|-0.04|-0.12|0.22|0.13|0.96|-0.05|-0.09|0.01|0.03|-0.02|1.00|0.54|-0.63|0.30|0.28|0.72|0.22|-0.32|-0.18
1.03|0.20|-0.23|-0.16|0.47|-0.17|0.50|-0.53|0.30|-0.27|-0.42|0.34|0.11|0.07|-0.11|0.79|-0.06|-0.04|0.74|-0.02|-0.05|-0.41|-0.14|-0.19|-0.17|0.13|-0.41
1.28|-0.31|-1.02|-0.76|-0.11|0.42|-0.22|0.51|0.03|-0.57|0.83|0.18|0.02|0.04|0.04|0.56|-0.36|-0.44|-1.33|0.11|0.35|-0.94|0.12|0.06|1.16|-0.23|0.26
------ Dim separator ------
-0.19|1.01|0.32|0.34|0.02|-1.11|0.73|0.42|-0.36|-0.53|0.36|0.06|-0.07|0.01|0.01|-0.18|0.11|-0.14|-0.21|-0.55|0.04|0.00|-0.23|-1.16|0.70|-0.40|0.36
-0.64|-0.20|-1.11|-0.13|0.20|0.15|0.75|0.05|0.17|0.63|-0.60|-0.67|0.03|-0.04|-0.01|0.30|0.05|0.60|0.07|-0.35|-0.69|-0.39|-0.56|-0.66|-0.48|-0.11|-0.06
0.61|0.11|0.04|0.76|-0.49|0.03|-0.26|-0.25|-0.53|-0.15|1.15|0.22|0.92|0.02|0.08|0.02|0.04|0.04|0.95|-0.01|-0.12|0.38|0.78|-0.10|1.00|-0.03|-0.05
0.24|0.48|0.40|0.05|0.30|-0.04|-0.57|-0.10|-1.10|0.34|-0.17|0.02|0.93|0.02|-0.09|-0.00|-0.02|0.06|1.03|0.26|0.19|-0.27|0.05|0.87|-1.09|0.23|1.26
0.79|0.37|0.27|-0.59|0.02|-0.26|0.13|-1.08|0.17|-0.49|-0.53|0.69|0.02|0.10|0.07|-0.73|-0.58|-0.46|0.02|-0.46|0.39|0.32|-0.64|-0.19|0.56|0.35|-0.38
