------ Dim separator ------
0.24|-0.26|0.17|-0.32|-0.15|-0.13|-0.46|-0.14|-0.43|-0.22|-0.16|0.08|0.05|-0.02|-0.01|0.31|-0.20|0.46|-0.27|0.53|-0.85|0.25|0.13|0.52|0.81|0.01|-0.81
0.12|0.41|0.10|0.10|-0.12|-0.03|0.15|-0.39|0.19|-0.48|-0.67|-0.92|-0.02|0.08|-0.02|0.06|-0.41|0.82|0.55|0.42|0.58|-0.51|-0.01|0.33|0.35|0.16|-0.18
0.82|-0.62|-0.33|0.67|-0.02|-0.17|-0.21|0.03|-0.08|-0.13|0.11|0.21|0.14|-0.01|0.01|-0.21|-0.06|0.03|0.98|0.70|0.09|-0.50|-0.00|0.40|-0.09|-0.71|-0.31
-0.03|0.78|0.60|-0.10|0.31|0.07|0.19|-0.16|-0.12|-0.32|-0.44|0.89|-0.02|0.02|0.04|-0.40|0.17|0.07|-0.43|0.07|-0.11|0.13|0.20|-0.25|-0.83|0.54|1.21
0.28|-0.18|-0.43|-0.17|0.65|0.28|-0.01|-0.23|0.11|-0.48|0.50|0.34|-0.02|-0.05|-0.05|0.54|-0.10|0.49|-0.23|-0.18|-0.32|0.40|-0.02|-0.91|0.96|0.29|-0.17
------ Dim separator ------
0.67|0.02|0.26|0.34|0.07|-0.14|0.53|0.56|0.06|-0.08|-0.21|-0.13|-0.10|-0.02|0.08|0.65|0.16|0.15|-0.71|-0.21|1.05|-0.04|-0.51|-0.38|0.42|0.06|0.41
0.79|-0.52|0.22|-0.44|0.00|-0.43|0.06|-0.19|-0.22|-0.21|-0.21|-0.17|0.01|0.07|0.03|0.02|-0.37|0.56|-0.35|-0.82|0.54|-0.05|-0.52|0.25|-0.31|0.11|0.54
0.25|-0.33|-0.28|0.81|-0.03|0.24|0.53|-0.24|-0.20|-0.40|0.57|-0.88|0.14|-0.03|0.02|0.24|-0.11|-0.10|0.86|-0.06|-0.00|-0.15|0.70|-0.38|-0.15|0.77|0.07
0.59|0.37|0.35|0.05|0.95|-0.20|0.63|0.52|-0.17|0.29|-0.35|0.52|0.27|0.04|0.04|-0.04|0.05|-0.08|1.08|-0.26|-0.17|-0.16|-0.29|0.33|-0.33|0.96|0.69
-0.27|0.42|1.02|0.37|0.26|-0.79|-0.22|-0.22|-0.43|-0.23|0.24|-0.43|-0.05|0.02|-0.02|-0.17|-0.08|-0.05|-0.32|-1.08|-0.50|-0.02|0.42|0.18|-0.13|0.01|-0.32
------ Dim separator ------
0.27|-0.50|-0.63|0.76|0.09|0.07|-0.01|-0.56|-0.55|-0.19|0.30|0.20|0.00|-0.01|-0.02|0.06|-0.31|-0.42|-0.37|0.37|0.01|0.18|0.22|-0.38|-1.14|-0.00|-0.41
0.33|-0.07|-0.36|-0.36|-0.20|-0.22|0.43|-0.00|0.41|-0.09|0.39|-0.49|0.03|-0.02|0.08|0.83|0.60|0.16|-0.28|-0.25|0.05|-0.03|0.03|0.09|0.14|-0.50|-0.71
-0.05|0.23|0.48|0.73|0.26|0.41|0.00|0.32|-0.12|-0.20|0.01|0.12|0.02|-0.02|-0.08|0.34|-0.39|0.57|0.31|-0.38|0.81|-0.40|0.70|0.67|0.19|-0.35|0.26
-1.16|0.50|0.23|0.09|-0.34|0.63|0.51|0.08|0.22|0.44|-0.41|0.36|0.02|0.01|-0.02|0.11|-0.70|-0.30|-0.48|-0.77|-0.74|-0.27|0.08|0.18|0.50|-0.17|-0.18
0.32|-0.28|0.28|-0.90|0.96|0.43|-0.09|-0.86|-0.05|0.82|0.08|-0.77|0.00|-0.01|-0.05|-0.36|-0.84|0.19|-0.14|-0.05|0.41|0.21|-0.62|0.34|0.10|0.74|0.28
------ Dim separator ------
0.36|-0.18|-0.39|-1.20|0.77|0.32|0.27|-0.16|-0.20|0.41|-0.15|0.16|0.05|0.11|-0.03|-0.35|-0.26|-0.58|-1.05|0.33|-0.31|-0.07|0.94|-0.58|0.22|0.44|-0.01
-0.11|0.18|-0.29|0.38|-0.51|-0.56|-0.13|-0.05|-0.38|0.22|-0.25|-0.17|-0.06|-0.00|-0.00|-0.05|0.24|0.31|-0.05|-0.21|0.36|-0.09|0.38|0.08|-0.02|1.07|0.12
0.45|0.11|-0.31|0.89|0.44|0.16|0.24|0.22|0.06|-0.17|0.16|-0.02|0.36|-0.02|-0.00|-0.04|0.05|0.03|0.92|0.55|-0.59|0.13|0.19|0.62|0.11|-0.33|-0.19
0.85|0.11|-0.08|-0.21|0.39|-0.10|0.52|-0.24|0.20|-0.36|-0.16|0.10|-0.07|0.01|0.03|0.75|-0.20|0.12|0.56|-0.09|0.03|-0.17|-0.32|-0.21|-0.17|-0.05|-0.34
1.11|-0.21|-0.84|-0.92|0.04|0.74|-0.32|0.46|-0.09|-0.56|0.90|0.27|-0.04|-0.02|-0.04|0.61|-0.13|-0.12|-0.96|0.15|0.46|-0.80|0.14|0.14|1.08|-0.17|0.16
------ Dim separator ------
-0.57|0.82|0.20|0.27|0.18|-0.92|0.71|0.52|-0.27|-0.31|0.53|0.01|-0.02|0.03|-0.04|-0.30|0.17|-0.11|-0.33|-0.47|-0.20|-0.20|-0.06|-1.07|0.67|-0.34|0.22
-0.63|-0.23|-0.88|0.15|0.13|-0.09|0.72|0.04|0.19|0.43|-0.65|-0.54|0.07|-0.02|-0.02|-0.00|0.36|0.45|-0.05|-0.23|-0.63|-0.45|-0.65|-0.52|-0.32|0.15|-0.00
0.44|0.06|-0.07|0.70|-0.38|-0.19|-0.11|-0.24|-0.49|-0.23|0.96|0.04|0.49|-0.04|-0.07|-0.07|0.17|0.03|0.74|-0.04|-0.31|0.34|0.61|-0.02|1.11|-0.11|0.11
0.68|0.46|0.05|0.24|0.06|0.03|-0.53|-0.07|-0.90|0.32|-0.11|0.04|0.37|0.01|-0.03|0.10|-0.00|0.10|0.90|0.34|0.23|-0.18|0.02|0.68|-1.08|0.18|1.10
0.73|0.30|0.31|-0.41|-0.10|-0.30|0.26|-0.81|0.29|-0.24|-0.60|0.66|0.03|-0.12|0.00|-0.82|-0.56|-0.50|-0.12|-0.19|0.27|0.12|-0.63|-0.23|0.37|0.27|-0.45
