------ Dim separator ------
0.37|-0.09|0.10|-0.32|-0.18|-0.11|-0.51|-0.10|-0.31|-0.26|-0.07|0.10|-0.02|-0.01|-0.05|0.42|-0.23|0.18|-0.24|0.53|-0.73|0.08|-0.10|0.46|0.78|0.05|-0.83
0.14|0.40|-0.07|0.20|-0.03|-0.01|0.02|-0.31|0.25|-0.41|-0.75|-0.90|-0.02|0.05|0.04|0.05|-0.33|0.67|0.59|0.31|0.58|-0.51|-0.06|0.43|0.33|0.33|-0.11
0.75|-0.45|-0.28|0.74|-0.12|-0.16|-0.30|0.06|0.00|-0.19|0.09|0.12|0.56|-0.02|0.05|0.00|0.02|0.04|1.01|0.62|0.05|-0.60|-0.06|0.34|-0.09|-0.62|-0.13
0.02|0.76|0.47|-0.01|0.31|0.28|0.17|0.03|-0.03|-0.35|-0.39|0.74|0.05|0.03|0.07|-0.57|0.11|0.15|-0.39|0.17|-0.06|0.16|0.19|-0.33|-0.99|0.66|0.93
0.20|-0.04|-0.39|-0.18|0.79|0.33|-0.04|-0.30|0.26|-0.35|0.53|0.31|0.02|-0.01|-0.01|0.42|-0.08|0.41|-0.18|-0.23|-0.41|0.43|0.15|-0.75|0.97|0.42|-0.13
------ Dim separator ------
0.70|0.04|0.16|0.51|0.22|-0.10|0.39|0.55|0.03|0.04|-0.06|-0.14|0.09|-0.01|0.04|0.65|0.26|0.15|-0.74|-0.14|0.86|0.04|-0.40|-0.41|0.45|0.11|0.37
0.66|-0.40|0.23|-0.49|-0.09|-0.45|-0.08|-0.31|-0.20|-0.14|-0.36|-0.13|0.06|-0.06|-0.06|-0.14|-0.44|0.50|-0.35|-0.73|0.50|-0.01|-0.51|0.45|-0.38|0.09|0.46
0.19|-0.39|-0.25|0.70|-0.10|0.33|0.52|-0.14|-0.30|-0.56|0.60|-0.87|0.08|0.04|-0.01|0.20|-0.18|-0.17|0.85|0.03|0.12|-0.05|0.81|-0.34|-0.11|0.82|0.00
0.67|0.36|0.32|0.08|0.83|-0.29|0.67|0.50|-0.12|0.27|-0.24|0.45|0.63|-0.05|-0.03|-0.02|0.02|0.02|1.02|-0.18|-0.28|-0.09|-0.29|0.37|-0.26|1.04|0.55
-0.25|0.46|1.13|0.39|0.30|-0.73|-0.41|-0.15|-0.32|-0.28|0.19|-0.56|0.03|-0.13|-0.02|-0.24|-0.11|-0.06|-0.44|-1.22|-0.52|-0.07|0.38|0.14|-0.20|0.03|-0.33
------ Dim separator ------
0.31|-0.63|-0.73|0.70|-0.04|0.06|0.09|-0.46|-0.49|0.01|0.40|0.10|0.02|0.06|0.01|-0.04|-0.11|-0.42|-0.26|0.29|-0.08|0.11|0.37|-0.34|-1.05|-0.03|-0.27
0.34|-0.13|-0.30|-0.20|-0.26|-0.23|0.28|-0.09|0.50|-0.04|0.35|-0.40|-0.01|-0.04|-0.16|0.79|0.57|0.10|-0.19|-0.39|0.06|-0.07|0.04|0.12|0.24|-0.38|-0.60
-0.15|0.24|0.43|0.59|0.25|0.25|0.01|0.21|-0.10|-0.18|-0.02|0.15|-0.00|-0.03|-0.02|0.47|-0.32|0.54|0.32|-0.29|0.92|-0.39|0.72|0.61|0.27|-0.23|0.34
-1.25|0.57|0.27|0.17|-0.40|0.64|0.52|0.06|0.16|0.44|-0.48|0.54|0.02|0.02|-0.00|0.14|-0.56|-0.27|-0.34|-0.76|-0.64|-0.35|0.07|-0.02|0.53|-0.18|-0.05
0.19|-0.31|0.18|-1.01|0.90|0.33|-0.22|-0.80|0.02|0.78|0.22|-0.68|-0.00|0.01|0.00|-0.42|-0.81|0.17|-0.12|0.10|0.41|0.11|-0.69|0.42|0.24|0.74|0.32
------ Dim separator ------
0.25|-0.12|-0.37|-1.16|0.73|0.35|0.24|-0.20|-0.26|0.32|-0.28|0.18|0.06|-0.10|-0.00|-0.22|-0.36|-0.68|-1.10|0.28|-0.26|-0.12|0.87|-0.68|0.06|0.51|0.02
-0.08|0.23|-0.19|0.38|-0.41|-0.53|-0.05|0.06|-0.31|0.19|-0.20|-0.18|0.07|-0.02|0.05|-0.10|0.15|0.24|-0.14|-0.16|0.39|-0.06|0.47|0.06|-0.03|1.06|-0.02
0.57|0.16|-0.25|0.77|0.42|0.03|0.39|0.37|-0.04|-0.18|0.22|0.03|0.54|-0.01|0.01|-0.02|-0.04|0.02|1.02|0.64|-0.66|0.15|0.13|0.66|0.20|-0.38|-0.12
0.76|0.03|-0.15|-0.12|0.52|-0.11|0.60|-0.40|0.11|-0.31|-0.23|0.13|-0.02|-0.01|0.03|0.63|-0.11|0.26|0.48|-0.01|0.03|-0.23|-0.33|-0.24|0.05|-0.04|-0.32
1.10|-0.19|-0.86|-0.97|0.02|0.75|-0.39|0.62|0.08|-0.52|0.93|0.38|-0.05|-0.02|-0.03|0.62|-0.16|-0.28|-1.02|0.12|0.41|-0.71|0.09|0.03|1.10|-0.00|0.20
------ Dim separator ------
-0.45|0.92|0.30|0.16|0.15|-1.05|0.71|0.43|-0.24|-0.35|0.56|-0.06|0.02|0.02|-0.01|-0.27|0.26|0.05|-0.39|-0.52|-0.21|-0.42|0.03|-1.06|0.59|-0.19|0.12
-0.64|-0.09|-0.97|0.13|0.02|0.06|0.58|0.06|0.22|0.46|-0.59|-0.42|-0.12|-0.04|0.03|-0.05|0.39|0.51|0.03|-0.29|-0.69|-0.36|-0.67|-0.45|-0.27|0.12|-0.01
0.47|0.13|-0.08|0.69|-0.28|-0.04|-0.27|-0.16|-0.54|-0.14|0.99|0.11|0.69|-0.03|0.02|0.02|0.17|-0.07|0.79|0.00|-0.37|0.29|0.72|-0.02|1.14|-0.02|0.15
0.83|0.45|0.08|0.26|-0.06|0.05|-0.49|-0.09|-0.77|0.34|-0.10|-0.01|0.50|0.02|0.05|-0.00|0.00|-0.06|1.03|0.29|0.22|-0.15|-0.02|0.53|-1.19|0.15|1.11
0.65|0.21|0.39|-0.36|-0.06|-0.39|0.32|-0.66|0.27|-0.37|-0.62|0.69|-0.05|0.07|0.04|-0.72|-0.47|-0.65|-0.11|-0.18|0.17|0.12|-0.69|-0.32|0.56|0.26|-0.42
