------ Dim separator ------
0.33|-0.00|0.13|-0.30|-0.12|-0.11|-0.54|-0.17|-0.32|-0.25|-0.10|0.15|0.02|-0.04|0.02|0.43|-0.18|0.29|-0.25|0.55|-0.69|0.12|-0.05|0.50|0.79|-0.00|-0.83
0.18|0.40|0.03|0.20|-0.01|-0.02|0.07|-0.31|0.25|-0.43|-0.72|-0.87|-0.05|0.01|-0.07|0.09|-0.39|0.69|0.60|0.33|0.61|-0.49|-0.10|0.45|0.38|0.28|-0.12
0.79|-0.47|-0.28|0.72|-0.02|-0.15|-0.23|0.01|0.02|-0.07|0.12|0.12|0.46|-0.05|0.03|-0.07|-0.04|0.04|0.97|0.58|0.05|-0.60|0.03|0.36|-0.13|-0.67|-0.12
-0.04|0.77|0.51|-0.07|0.35|0.23|0.17|0.01|-0.07|-0.29|-0.30|0.81|-0.01|-0.00|0.02|-0.53|0.13|0.12|-0.35|0.18|-0.00|0.15|0.18|-0.35|-0.98|0.70|0.94
0.17|-0.09|-0.36|-0.21|0.74|0.27|-0.05|-0.32|0.20|-0.37|0.56|0.37|0.05|0.01|0.01|0.46|-0.05|0.41|-0.14|-0.20|-0.43|0.39|0.15|-0.73|0.85|0.47|-0.13
------ Dim separator ------
0.67|0.03|0.15|0.51|0.13|-0.17|0.42|0.57|0.07|-0.03|-0.12|-0.14|-0.04|0.00|0.02|0.67|0.26|0.14|-0.72|-0.19|0.91|0.01|-0.41|-0.39|0.47|0.12|0.40
0.70|-0.45|0.27|-0.46|-0.03|-0.47|0.02|-0.28|-0.27|-0.16|-0.31|-0.19|0.00|-0.02|-0.05|-0.06|-0.45|0.55|-0.34|-0.72|0.57|-0.01|-0.48|0.43|-0.33|0.04|0.49
0.26|-0.37|-0.28|0.70|-0.09|0.35|0.48|-0.20|-0.18|-0.50|0.58|-0.87|0.06|0.04|0.01|0.24|-0.13|-0.23|0.78|-0.01|0.09|-0.11|0.73|-0.40|-0.02|0.87|0.00
0.66|0.35|0.34|0.05|0.86|-0.28|0.70|0.52|-0.14|0.26|-0.36|0.44|0.52|-0.06|0.06|-0.01|-0.01|-0.02|0.99|-0.18|-0.27|-0.13|-0.26|0.37|-0.24|1.03|0.62
-0.13|0.49|1.07|0.32|0.33|-0.76|-0.34|-0.16|-0.32|-0.28|0.15|-0.55|0.03|-0.02|0.00|-0.21|-0.05|-0.06|-0.46|-1.22|-0.55|-0.05|0.37|0.16|-0.17|0.06|-0.37
------ Dim separator ------
0.30|-0.54|-0.71|0.71|0.02|0.12|0.02|-0.48|-0.48|-0.06|0.34|0.08|-0.01|0.01|0.04|-0.04|-0.13|-0.43|-0.29|0.31|-0.02|0.17|0.31|-0.40|-1.06|-0.08|-0.23
0.38|-0.14|-0.35|-0.28|-0.28|-0.16|0.31|-0.01|0.45|0.04|0.32|-0.35|0.06|-0.07|-0.07|0.81|0.57|0.15|-0.28|-0.30|0.10|-0.09|0.05|0.05|0.22|-0.41|-0.63
-0.15|0.20|0.42|0.69|0.28|0.30|0.08|0.23|-0.10|-0.21|-0.00|0.13|-0.01|0.02|-0.05|0.43|-0.27|0.52|0.36|-0.29|0.88|-0.41|0.69|0.61|0.21|-0.20|0.39
-1.15|0.56|0.26|0.14|-0.37|0.59|0.44|0.06|0.13|0.43|-0.46|0.53|0.03|0.03|0.03|0.21|-0.69|-0.30|-0.35|-0.74|-0.60|-0.29|0.04|0.02|0.50|-0.17|-0.06
0.26|-0.29|0.19|-1.00|0.91|0.32|-0.18|-0.85|0.03|0.84|0.18|-0.63|0.02|-0.06|0.00|-0.39|-0.88|0.18|-0.13|0.06|0.31|0.03|-0.68|0.36|0.21|0.73|0.29
------ Dim separator ------
0.18|-0.16|-0.44|-1.18|0.65|0.32|0.13|-0.14|-0.23|0.35|-0.20|0.16|0.07|-0.01|0.04|-0.26|-0.27|-0.66|-1.05|0.34|-0.25|-0.11|0.86|-0.75|0.07|0.52|0.06
-0.10|0.29|-0.19|0.37|-0.45|-0.55|-0.01|0.08|-0.40|0.20|-0.22|-0.15|-0.03|0.03|-0.04|-0.10|0.18|0.29|-0.13|-0.18|0.39|-0.07|0.40|0.04|-0.04|1.08|0.02
0.56|0.08|-0.26|0.88|0.46|-0.03|0.33|0.37|-0.04|-0.21|0.16|0.01|0.43|0.05|0.02|0.04|0.02|0.06|0.96|0.64|-0.64|0.16|0.09|0.63|0.13|-0.41|-0.11
0.74|0.17|-0.14|-0.18|0.50|-0.14|0.56|-0.37|0.19|-0.37|-0.23|0.09|-0.02|-0.02|0.04|0.69|-0.18|0.24|0.52|-0.04|0.01|-0.22|-0.37|-0.26|-0.02|-0.11|-0.27
1.12|-0.17|-0.91|-0.91|0.02|0.76|-0.39|0.56|0.05|-0.59|0.85|0.34|-0.01|-0.05|-0.04|0.61|-0.10|-0.18|-1.00|0.19|0.39|-0.64|0.06|0.12|1.09|-0.07|0.23
------ Dim separator ------
-0.49|0.76|0.26|0.22|0.22|-1.07|0.69|0.42|-0.24|-0.26|0.49|-0.06|0.01|0.00|-0.05|-0.34|0.27|0.00|-0.34|-0.52|-0.25|-0.35|0.02|-1.08|0.57|-0.22|0.18
-0.64|-0.07|-0.98|0.15|0.06|-0.05|0.60|0.02|0.16|0.47|-0.62|-0.45|-0.08|0.06|-0.01|-0.04|0.42|0.40|0.03|-0.30|-0.65|-0.33|-0.61|-0.42|-0.25|0.18|-0.00
0.39|0.12|-0.06|0.70|-0.27|-0.07|-0.23|-0.24|-0.52|-0.12|0.89|0.10|0.56|-0.00|0.04|0.05|0.19|-0.06|0.70|-0.07|-0.34|0.20|0.66|0.03|1.09|-0.06|0.14
0.89|0.49|0.06|0.33|0.04|0.12|-0.56|-0.14|-0.75|0.36|-0.11|0.00|0.52|-0.04|0.04|-0.01|0.03|-0.06|0.97|0.34|0.17|-0.17|-0.03|0.55|-1.16|0.14|1.11
0.66|0.19|0.30|-0.35|-0.09|-0.40|0.34|-0.68|0.29|-0.37|-0.66|0.75|-0.02|0.02|0.02|-0.77|-0.58|-0.57|-0.15|-0.12|0.23|0.09|-0.65|-0.30|0.54|0.24|-0.43
