------ Dim separator ------
0.28|-0.39|0.15|-0.46|-0.13|-0.06|-0.42|-0.08|-0.41|-0.43|-0.11|0.06|0.03|0.04|0.01|0.25|-0.32|0.38|-0.23|0.37|-0.80|0.06|-0.06|0.56|0.83|-0.09|-0.71
-0.03|0.39|0.07|0.21|-0.13|-0.12|0.17|-0.47|0.09|-0.75|-0.60|-0.94|0.06|-0.04|0.10|0.13|-0.50|0.88|0.48|0.42|0.61|-0.58|0.13|0.24|0.41|0.14|-0.12
0.81|-0.47|-0.40|0.72|-0.19|-0.39|-0.24|0.18|-0.07|-0.01|0.03|0.24|0.12|0.05|-0.13|-0.05|0.16|-0.11|1.02|0.75|0.06|-0.54|0.05|0.31|-0.04|-0.82|-0.32
0.02|0.70|0.74|-0.13|0.51|0.06|0.03|-0.26|0.05|-0.37|-0.32|1.00|-0.06|-0.02|-0.10|-0.59|0.15|0.01|-0.23|0.08|0.01|-0.05|0.04|-0.18|-0.82|0.53|1.18
0.22|-0.33|-0.30|-0.07|0.66|0.39|-0.09|-0.33|0.29|-0.53|0.49|0.48|0.03|0.05|-0.06|0.55|-0.05|0.49|-0.34|-0.06|-0.47|0.34|0.16|-0.89|0.93|0.37|-0.23
------ Dim separator ------
0.75|0.01|0.24|0.34|0.10|-0.09|0.46|0.60|0.07|-0.14|-0.31|-0.02|0.07|0.05|-0.08|0.76|0.39|0.38|-0.73|-0.27|1.11|-0.16|-0.64|-0.32|0.65|-0.18|0.21
0.84|-0.33|0.35|-0.37|0.08|-0.59|0.03|-0.04|-0.18|-0.20|-0.28|-0.30|-0.01|0.02|0.04|0.15|-0.42|0.43|-0.18|-0.88|0.55|0.04|-0.26|0.33|-0.42|0.27|0.52
0.11|-0.38|-0.31|0.65|0.12|0.39|0.73|-0.22|-0.19|-0.70|0.70|-0.97|-0.05|-0.02|0.00|0.22|-0.23|0.14|0.94|0.25|-0.11|-0.09|0.62|-0.43|0.07|0.90|0.07
0.68|0.16|0.43|-0.05|0.84|-0.19|0.62|0.28|-0.34|0.29|-0.31|0.57|0.13|0.09|-0.05|-0.11|0.00|0.08|0.86|-0.40|-0.24|-0.19|-0.28|0.35|-0.38|0.90|0.48
-0.21|0.48|0.89|0.32|0.16|-0.87|-0.43|-0.07|-0.50|-0.22|0.30|-0.39|-0.04|0.10|-0.05|-0.20|-0.28|0.00|-0.24|-1.14|-0.61|-0.11|0.30|0.02|-0.23|-0.06|-0.37
------ Dim separator ------
0.27|-0.44|-0.52|0.88|0.09|0.03|0.04|-0.39|-0.72|-0.25|0.33|0.17|0.05|-0.09|-0.02|-0.17|-0.03|-0.41|-0.44|0.31|-0.09|-0.00|0.31|-0.09|-1.22|-0.03|-0.44
0.24|0.01|-0.35|-0.50|-0.38|-0.25|0.19|-0.02|0.45|-0.06|0.32|-0.43|-0.05|0.10|0.18|0.82|0.64|0.09|-0.07|-0.35|0.15|-0.09|0.05|0.33|0.10|-0.53|-0.62
0.00|0.26|0.40|0.74|0.23|0.31|-0.03|0.05|-0.14|-0.05|0.04|0.27|0.04|0.00|0.06|0.19|-0.41|0.50|0.22|-0.40|0.96|-0.34|0.62|0.75|0.28|-0.35|0.20
-1.28|0.58|0.11|0.10|-0.30|0.65|0.45|0.01|0.20|0.49|-0.57|0.41|-0.05|-0.05|0.03|0.23|-0.55|-0.39|-0.46|-0.76|-0.57|-0.22|0.02|0.41|0.42|-0.12|-0.06
0.29|-0.49|0.36|-1.18|1.34|0.39|0.02|-0.97|-0.01|0.77|0.18|-0.93|-0.04|-0.10|0.06|-0.36|-0.92|0.13|-0.30|-0.12|0.40|0.21|-0.69|0.35|0.12|0.82|0.11
------ Dim separator ------
0.50|-0.38|-0.73|-1.18|0.70|0.37|0.19|-0.29|-0.40|0.24|-0.11|0.22|-0.06|0.03|0.05|-0.40|-0.44|-0.70|-1.11|0.16|-0.14|-0.16|1.06|-0.72|0.29|0.42|-0.01
-0.02|0.26|-0.25|0.48|-0.47|-0.31|-0.19|-0.16|-0.44|0.15|-0.41|-0.26|-0.05|-0.01|0.02|0.04|0.19|0.14|-0.01|-0.23|0.20|-0.15|0.41|0.22|-0.15|1.12|-0.09
0.46|0.12|-0.36|0.98|0.31|0.10|0.39|0.27|0.30|-0.34|0.21|-0.07|0.19|0.02|0.05|0.27|0.08|0.04|0.97|0.57|-0.55|0.23|0.15|0.67|0.25|-0.42|-0.26
0.75|-0.03|0.19|-0.34|0.46|-0.24|0.70|-0.24|0.24|-0.29|-0.22|0.06|-0.03|-0.09|0.01|0.76|-0.23|0.21|0.48|-0.02|0.16|-0.16|-0.34|-0.11|0.15|-0.13|-0.26
1.10|-0.14|-0.73|-1.09|0.19|0.74|-0.32|0.42|-0.10|-0.76|0.93|0.27|0.08|0.04|0.06|0.67|0.02|-0.16|-0.91|0.15|0.56|-0.80|0.25|0.27|1.15|-0.09|0.32
------ Dim separator ------
-0.39|0.96|0.35|0.38|0.40|-1.04|0.61|0.63|-0.34|-0.29|0.58|0.05|0.09|-0.09|0.10|0.01|0.26|0.08|-0.37|-0.49|-0.17|-0.38|0.09|-1.14|0.80|-0.26|0.18
-0.76|-0.14|-0.84|0.22|0.07|-0.05|0.62|0.26|0.09|0.42|-0.79|-0.68|0.09|0.08|-0.02|-0.00|0.47|0.45|0.12|-0.15|-0.62|-0.50|-0.65|-0.53|-0.21|0.34|0.20
0.59|0.02|-0.00|0.78|-0.28|-0.22|-0.08|-0.33|-0.55|-0.16|0.74|0.06|0.90|0.07|-0.02|-0.03|0.87|0.01|0.17|0.07|-0.44|0.13|0.53|0.01|1.09|-0.23|0.34
0.75|0.47|-0.07|0.34|-0.17|0.00|-0.38|-0.23|-0.80|0.36|-0.12|0.17|0.20|-0.00|-0.00|0.23|0.10|0.03|0.96|0.32|0.37|-0.27|-0.03|0.63|-1.11|0.07|1.10
0.71|0.46|0.20|-0.32|-0.08|-0.24|0.32|-0.72|0.16|-0.22|-0.59|0.81|0.04|-0.08|-0.13|-0.80|-0.68|-0.55|-0.21|-0.22|0.20|0.14|-0.59|-0.23|0.40|0.41|-0.51
