------ Dim separator ------
0.25|-0.21|0.18|-0.34|-0.15|-0.14|-0.51|-0.15|-0.45|-0.23|-0.17|0.06|0.07|-0.04|-0.01|0.31|-0.20|0.49|-0.27|0.51|-0.88|0.24|0.11|0.56|0.84|0.05|-0.82
0.10|0.44|0.08|0.09|-0.15|-0.03|0.14|-0.41|0.20|-0.52|-0.70|-0.91|-0.03|0.05|-0.02|0.08|-0.43|0.85|0.54|0.43|0.61|-0.51|-0.01|0.35|0.38|0.17|-0.17
0.80|-0.64|-0.34|0.67|-0.02|-0.21|-0.20|0.04|-0.04|-0.09|0.09|0.22|0.13|-0.03|0.01|-0.27|-0.10|-0.00|0.93|0.74|0.08|-0.50|0.01|0.40|-0.15|-0.75|-0.30
-0.06|0.80|0.63|-0.11|0.32|0.06|0.23|-0.17|-0.13|-0.32|-0.40|0.93|-0.01|0.01|0.03|-0.43|0.20|0.04|-0.40|0.10|-0.07|0.14|0.18|-0.26|-0.85|0.55|1.22
0.25|-0.21|-0.45|-0.16|0.68|0.29|-0.03|-0.24|0.11|-0.48|0.47|0.36|-0.04|-0.05|-0.06|0.57|-0.09|0.49|-0.17|-0.18|-0.34|0.41|-0.01|-0.92|0.95|0.32|-0.19
------ Dim separator ------
0.68|0.05|0.27|0.34|0.06|-0.13|0.54|0.57|0.07|-0.09|-0.25|-0.13|-0.11|-0.01|0.08|0.69|0.22|0.16|-0.71|-0.23|1.04|-0.08|-0.49|-0.42|0.46|0.07|0.38
0.82|-0.49|0.25|-0.42|0.01|-0.49|0.08|-0.19|-0.24|-0.21|-0.20|-0.16|0.01|0.06|0.04|0.03|-0.36|0.57|-0.34|-0.86|0.60|-0.04|-0.50|0.27|-0.29|0.16|0.57
0.25|-0.34|-0.31|0.78|-0.00|0.28|0.56|-0.26|-0.16|-0.43|0.56|-0.86|0.05|-0.04|0.01|0.26|-0.11|-0.10|0.86|-0.04|-0.02|-0.17|0.70|-0.39|-0.13|0.79|0.07
0.61|0.37|0.35|0.02|0.97|-0.21|0.65|0.54|-0.17|0.28|-0.40|0.48|0.19|0.05|0.06|-0.03|0.06|-0.10|1.07|-0.29|-0.15|-0.13|-0.30|0.38|-0.37|0.96|0.71
-0.25|0.38|1.03|0.40|0.29|-0.80|-0.24|-0.21|-0.43|-0.23|0.27|-0.42|-0.03|0.03|-0.01|-0.20|-0.11|-0.04|-0.31|-1.09|-0.50|-0.01|0.40|0.16|-0.13|0.03|-0.34
------ Dim separator ------
0.25|-0.48|-0.64|0.79|0.06|0.06|0.02|-0.59|-0.58|-0.16|0.29|0.19|0.03|0.00|0.01|0.04|-0.28|-0.45|-0.37|0.42|0.00|0.19|0.19|-0.41|-1.15|-0.04|-0.41
0.36|-0.07|-0.33|-0.37|-0.19|-0.20|0.43|0.00|0.45|-0.06|0.39|-0.48|0.05|-0.02|0.08|0.83|0.62|0.15|-0.28|-0.25|0.04|-0.02|0.05|0.10|0.13|-0.51|-0.71
-0.07|0.24|0.45|0.74|0.29|0.41|0.00|0.31|-0.11|-0.17|0.03|0.13|0.03|-0.01|-0.09|0.35|-0.38|0.57|0.31|-0.38|0.85|-0.41|0.72|0.67|0.18|-0.34|0.26
-1.18|0.50|0.22|0.09|-0.38|0.64|0.51|0.06|0.24|0.44|-0.40|0.32|0.03|0.03|-0.02|0.15|-0.71|-0.32|-0.52|-0.78|-0.73|-0.23|0.03|0.20|0.45|-0.14|-0.21
0.31|-0.29|0.33|-0.92|0.98|0.44|-0.10|-0.90|-0.06|0.89|0.10|-0.80|0.02|-0.04|-0.05|-0.33|-0.85|0.17|-0.15|-0.05|0.43|0.22|-0.64|0.30|0.09|0.79|0.26
------ Dim separator ------
0.37|-0.20|-0.37|-1.24|0.75|0.30|0.26|-0.14|-0.17|0.41|-0.15|0.16|0.06|0.11|-0.01|-0.36|-0.27|-0.63|-1.09|0.34|-0.29|-0.09|0.98|-0.61|0.27|0.45|0.02
-0.11|0.18|-0.28|0.40|-0.53|-0.55|-0.08|-0.03|-0.43|0.23|-0.29|-0.14|-0.08|0.02|-0.01|-0.07|0.23|0.29|-0.07|-0.22|0.38|-0.07|0.37|0.08|-0.02|1.08|0.14
0.45|0.11|-0.32|0.93|0.47|0.13|0.23|0.20|0.05|-0.19|0.16|0.01|0.27|-0.00|-0.00|-0.03|0.05|0.04|0.90|0.55|-0.59|0.14|0.17|0.62|0.14|-0.34|-0.18
0.87|0.14|-0.07|-0.22|0.39|-0.11|0.52|-0.25|0.19|-0.35|-0.14|0.09|-0.06|0.00|0.03|0.78|-0.19|0.11|0.57|-0.09|0.03|-0.14|-0.34|-0.26|-0.19|-0.08|-0.32
1.11|-0.19|-0.85|-0.98|0.01|0.72|-0.35|0.45|-0.09|-0.57|0.93|0.26|-0.04|-0.04|-0.04|0.61|-0.12|-0.09|-0.96|0.16|0.45|-0.80|0.14|0.19|1.12|-0.19|0.16
------ Dim separator ------
-0.63|0.79|0.20|0.28|0.23|-0.91|0.73|0.55|-0.31|-0.31|0.52|-0.00|-0.01|0.02|-0.04|-0.31|0.14|-0.08|-0.34|-0.47|-0.22|-0.20|-0.03|-1.09|0.67|-0.33|0.21
-0.63|-0.22|-0.91|0.15|0.18|-0.15|0.72|0.05|0.16|0.39|-0.66|-0.58|0.07|-0.03|-0.01|-0.01|0.37|0.44|-0.08|-0.24|-0.61|-0.44|-0.64|-0.50|-0.31|0.17|0.01
0.43|0.04|-0.11|0.71|-0.38|-0.19|-0.07|-0.26|-0.51|-0.21|0.97|0.03|0.42|-0.04|-0.07|-0.08|0.18|0.05|0.72|-0.02|-0.36|0.34|0.63|-0.03|1.12|-0.12|0.14
0.69|0.47|0.01|0.27|0.02|0.04|-0.52|-0.09|-0.90|0.33|-0.11|0.04|0.32|0.00|-0.03|0.09|-0.01|0.08|0.89|0.36|0.24|-0.20|0.00|0.69|-1.16|0.18|1.11
0.74|0.29|0.33|-0.42|-0.14|-0.29|0.25|-0.81|0.30|-0.25|-0.63|0.69|0.03|-0.12|-0.02|-0.83|-0.62|-0.54|-0.13|-0.12|0.26|0.11|-0.61|-0.20|0.36|0.28|-0.51
