------ Dim separator ------
0.41|-0.06|0.09|-0.31|-0.18|-0.12|-0.58|-0.11|-0.29|-0.27|-0.08|0.09|-0.04|-0.02|-0.06|0.42|-0.25|0.18|-0.26|0.54|-0.76|0.05|-0.12|0.48|0.78|0.10|-0.86
0.11|0.43|-0.13|0.20|-0.03|-0.01|-0.01|-0.33|0.27|-0.41|-0.77|-0.91|-0.00|0.03|0.03|0.05|-0.35|0.66|0.58|0.32|0.62|-0.54|-0.09|0.45|0.34|0.37|-0.09
0.74|-0.45|-0.26|0.74|-0.12|-0.16|-0.30|0.06|0.02|-0.19|0.04|0.12|0.64|-0.00|0.05|0.00|0.01|0.01|1.00|0.63|0.04|-0.61|-0.09|0.33|-0.13|-0.65|-0.09
0.03|0.78|0.45|-0.01|0.29|0.31|0.25|0.04|-0.05|-0.36|-0.42|0.77|0.05|0.03|0.06|-0.63|0.13|0.14|-0.39|0.20|-0.03|0.20|0.18|-0.34|-1.02|0.69|0.97
0.17|-0.05|-0.41|-0.18|0.84|0.36|-0.07|-0.29|0.29|-0.32|0.52|0.29|0.01|-0.00|-0.01|0.45|-0.07|0.41|-0.14|-0.25|-0.40|0.46|0.17|-0.76|0.98|0.42|-0.12
------ Dim separator ------
0.73|0.05|0.20|0.52|0.26|-0.08|0.42|0.56|0.05|0.07|-0.08|-0.15|0.09|-0.01|0.05|0.69|0.27|0.15|-0.75|-0.15|0.83|0.06|-0.38|-0.44|0.49|0.12|0.38
0.67|-0.36|0.24|-0.49|-0.12|-0.50|-0.07|-0.34|-0.18|-0.14|-0.38|-0.11|0.07|-0.06|-0.05|-0.17|-0.44|0.52|-0.33|-0.76|0.53|0.01|-0.54|0.50|-0.36|0.14|0.48
0.20|-0.40|-0.26|0.70|-0.08|0.37|0.52|-0.16|-0.31|-0.61|0.59|-0.87|0.06|0.04|0.00|0.20|-0.19|-0.18|0.84|0.03|0.13|-0.07|0.86|-0.30|-0.08|0.83|0.02
0.69|0.37|0.33|0.06|0.84|-0.32|0.67|0.52|-0.11|0.27|-0.24|0.42|0.67|-0.04|-0.03|-0.02|0.03|0.03|1.03|-0.17|-0.26|-0.05|-0.29|0.39|-0.31|1.06|0.58
-0.25|0.42|1.18|0.44|0.38|-0.72|-0.41|-0.12|-0.32|-0.31|0.19|-0.59|0.06|-0.14|-0.02|-0.29|-0.15|-0.06|-0.45|-1.29|-0.51|-0.09|0.38|0.12|-0.21|0.04|-0.32
------ Dim separator ------
0.31|-0.65|-0.74|0.73|-0.06|0.02|0.13|-0.48|-0.51|0.05|0.43|0.09|0.02|0.07|0.01|-0.04|-0.08|-0.47|-0.24|0.32|-0.09|0.14|0.35|-0.36|-1.07|-0.07|-0.26
0.34|-0.14|-0.27|-0.21|-0.24|-0.24|0.30|-0.11|0.54|-0.05|0.36|-0.41|-0.02|-0.01|-0.19|0.81|0.61|0.09|-0.18|-0.42|0.05|-0.08|0.04|0.12|0.26|-0.36|-0.60
-0.20|0.27|0.45|0.56|0.26|0.23|0.02|0.21|-0.10|-0.16|-0.03|0.17|0.00|-0.04|-0.01|0.51|-0.33|0.53|0.30|-0.24|0.95|-0.38|0.75|0.60|0.27|-0.22|0.34
-1.27|0.60|0.29|0.22|-0.45|0.66|0.55|0.04|0.21|0.45|-0.48|0.51|0.02|0.04|-0.02|0.15|-0.55|-0.28|-0.34|-0.75|-0.63|-0.36|0.07|-0.05|0.53|-0.18|-0.08
0.16|-0.32|0.20|-1.04|0.92|0.35|-0.25|-0.84|0.02|0.83|0.24|-0.70|0.02|0.04|0.00|-0.42|-0.80|0.14|-0.13|0.10|0.44|0.14|-0.74|0.41|0.25|0.77|0.32
------ Dim separator ------
0.23|-0.13|-0.34|-1.17|0.73|0.35|0.24|-0.19|-0.23|0.28|-0.33|0.17|0.05|-0.12|0.00|-0.23|-0.37|-0.74|-1.16|0.28|-0.21|-0.13|0.87|-0.70|0.06|0.53|0.02
-0.10|0.22|-0.19|0.39|-0.43|-0.53|-0.01|0.08|-0.30|0.21|-0.21|-0.15|0.09|-0.00|0.08|-0.12|0.15|0.21|-0.16|-0.18|0.43|-0.07|0.48|0.09|-0.04|1.04|-0.02
0.57|0.16|-0.22|0.77|0.45|0.01|0.39|0.36|-0.08|-0.19|0.24|0.07|0.61|-0.02|0.01|-0.03|-0.04|-0.01|1.01|0.67|-0.69|0.15|0.14|0.67|0.21|-0.40|-0.10
0.78|0.05|-0.16|-0.13|0.56|-0.12|0.61|-0.43|0.07|-0.32|-0.24|0.13|0.02|0.00|0.04|0.62|-0.06|0.27|0.49|-0.00|0.02|-0.26|-0.34|-0.29|0.03|-0.05|-0.29
1.11|-0.21|-0.90|-1.03|-0.01|0.75|-0.43|0.64|0.11|-0.51|0.96|0.38|-0.06|-0.01|-0.02|0.64|-0.18|-0.31|-1.06|0.11|0.41|-0.72|0.10|0.04|1.15|0.01|0.21
------ Dim separator ------
-0.49|0.95|0.30|0.17|0.17|-1.07|0.74|0.45|-0.26|-0.39|0.55|-0.08|0.01|0.05|0.00|-0.27|0.26|0.09|-0.38|-0.56|-0.23|-0.41|0.05|-1.03|0.60|-0.18|0.13
-0.67|-0.08|-1.02|0.13|0.05|0.04|0.63|0.07|0.22|0.45|-0.60|-0.42|-0.13|-0.06|0.02|-0.05|0.38|0.52|0.03|-0.29|-0.68|-0.34|-0.65|-0.45|-0.27|0.12|-0.02
0.45|0.15|-0.11|0.69|-0.29|0.01|-0.26|-0.17|-0.56|-0.14|1.04|0.12|0.71|-0.02|0.02|0.03|0.12|-0.05|0.86|0.05|-0.41|0.31|0.77|-0.05|1.18|-0.02|0.16
0.81|0.47|0.07|0.24|-0.11|0.04|-0.47|-0.09|-0.79|0.33|-0.10|-0.02|0.52|0.04|0.07|0.02|0.01|-0.06|1.06|0.31|0.22|-0.16|-0.03|0.55|-1.25|0.17|1.13
0.65|0.21|0.42|-0.36|-0.07|-0.39|0.33|-0.64|0.26|-0.40|-0.63|0.70|-0.06|0.10|0.05|-0.71|-0.51|-0.70|-0.09|-0.13|0.16|0.13|-0.70|-0.29|0.57|0.25|-0.44
