------ Dim separator ------
0.37|0.02|0.16|-0.27|-0.12|-0.12|-0.57|-0.19|-0.32|-0.27|-0.10|0.13|0.02|-0.07|0.01|0.43|-0.18|0.29|-0.24|0.52|-0.70|0.09|-0.07|0.57|0.78|0.03|-0.84
0.17|0.42|0.01|0.17|-0.02|-0.03|0.06|-0.33|0.26|-0.45|-0.73|-0.88|-0.04|-0.01|-0.07|0.12|-0.42|0.72|0.58|0.32|0.62|-0.48|-0.13|0.45|0.40|0.29|-0.11
0.78|-0.49|-0.29|0.71|0.00|-0.18|-0.21|0.02|0.06|-0.04|0.10|0.12|0.48|-0.03|0.02|-0.09|-0.08|-0.01|0.93|0.60|0.04|-0.60|0.04|0.33|-0.20|-0.71|-0.09
-0.06|0.79|0.52|-0.09|0.36|0.23|0.20|-0.01|-0.09|-0.30|-0.28|0.82|-0.01|-0.01|0.00|-0.58|0.16|0.11|-0.31|0.21|0.05|0.18|0.17|-0.37|-1.00|0.72|0.95
0.13|-0.12|-0.37|-0.20|0.76|0.29|-0.07|-0.31|0.22|-0.37|0.52|0.40|0.02|0.03|0.01|0.49|-0.03|0.41|-0.09|-0.20|-0.45|0.42|0.16|-0.73|0.82|0.48|-0.14
------ Dim separator ------
0.68|0.05|0.14|0.51|0.11|-0.16|0.42|0.58|0.10|-0.04|-0.14|-0.12|-0.07|0.01|0.03|0.72|0.32|0.15|-0.73|-0.20|0.89|-0.01|-0.38|-0.42|0.50|0.13|0.40
0.71|-0.42|0.28|-0.43|-0.04|-0.50|0.03|-0.29|-0.28|-0.14|-0.31|-0.19|-0.00|-0.01|-0.03|-0.05|-0.44|0.57|-0.31|-0.75|0.61|-0.02|-0.48|0.46|-0.31|0.08|0.52
0.29|-0.35|-0.30|0.68|-0.08|0.39|0.50|-0.20|-0.15|-0.56|0.58|-0.85|-0.03|0.03|0.01|0.24|-0.13|-0.25|0.75|-0.00|0.09|-0.12|0.74|-0.40|0.03|0.89|0.01
0.67|0.34|0.34|0.00|0.87|-0.29|0.70|0.52|-0.13|0.26|-0.37|0.40|0.45|-0.05|0.07|0.01|0.00|-0.00|0.98|-0.18|-0.25|-0.09|-0.27|0.40|-0.29|1.01|0.64
-0.12|0.45|1.06|0.36|0.37|-0.77|-0.36|-0.15|-0.32|-0.30|0.15|-0.55|0.06|0.00|0.01|-0.23|-0.08|-0.07|-0.48|-1.23|-0.56|-0.05|0.36|0.11|-0.17|0.05|-0.39
------ Dim separator ------
0.28|-0.53|-0.71|0.71|0.02|0.11|0.04|-0.50|-0.51|-0.04|0.34|0.06|-0.01|0.01|0.04|-0.05|-0.10|-0.48|-0.28|0.34|-0.02|0.19|0.27|-0.43|-1.08|-0.08|-0.24
0.40|-0.12|-0.33|-0.28|-0.28|-0.15|0.31|-0.04|0.49|0.06|0.33|-0.34|0.07|-0.04|-0.06|0.81|0.61|0.13|-0.28|-0.31|0.09|-0.06|0.07|0.05|0.24|-0.42|-0.62
-0.19|0.23|0.41|0.70|0.31|0.29|0.10|0.22|-0.08|-0.20|-0.01|0.15|0.01|0.04|-0.05|0.47|-0.28|0.51|0.34|-0.28|0.91|-0.44|0.71|0.61|0.21|-0.20|0.40
-1.17|0.58|0.24|0.16|-0.40|0.57|0.44|0.05|0.15|0.44|-0.45|0.51|0.03|0.04|0.01|0.23|-0.68|-0.33|-0.35|-0.72|-0.56|-0.27|-0.01|0.02|0.46|-0.16|-0.09
0.25|-0.31|0.23|-1.03|0.93|0.32|-0.19|-0.87|0.04|0.89|0.21|-0.64|0.02|-0.07|-0.01|-0.37|-0.91|0.16|-0.14|0.07|0.34|0.03|-0.71|0.34|0.22|0.77|0.27
------ Dim separator ------
0.17|-0.15|-0.42|-1.19|0.62|0.31|0.12|-0.12|-0.22|0.33|-0.21|0.15|0.05|0.00|0.07|-0.27|-0.29|-0.71|-1.10|0.34|-0.22|-0.12|0.89|-0.77|0.07|0.53|0.07
-0.10|0.30|-0.15|0.37|-0.47|-0.52|0.04|0.10|-0.44|0.22|-0.27|-0.12|-0.03|0.03|-0.03|-0.13|0.18|0.26|-0.13|-0.20|0.38|-0.05|0.39|0.06|-0.03|1.09|0.04
0.57|0.07|-0.25|0.90|0.49|-0.07|0.34|0.35|-0.05|-0.22|0.15|0.03|0.39|0.06|0.03|0.04|0.04|0.06|0.94|0.67|-0.66|0.17|0.09|0.64|0.15|-0.42|-0.08
0.73|0.19|-0.13|-0.17|0.52|-0.15|0.56|-0.39|0.15|-0.38|-0.23|0.08|-0.00|-0.02|0.04|0.71|-0.16|0.24|0.52|-0.05|0.00|-0.20|-0.38|-0.33|-0.03|-0.16|-0.24
1.12|-0.17|-0.93|-0.96|-0.03|0.76|-0.43|0.54|0.06|-0.59|0.87|0.35|-0.01|-0.05|-0.02|0.60|-0.09|-0.16|-1.02|0.21|0.38|-0.64|0.05|0.15|1.13|-0.08|0.22
------ Dim separator ------
-0.54|0.74|0.24|0.22|0.27|-1.05|0.72|0.45|-0.25|-0.27|0.46|-0.10|0.01|0.02|-0.06|-0.35|0.25|0.02|-0.34|-0.55|-0.27|-0.36|0.02|-1.06|0.58|-0.19|0.20
-0.65|-0.07|-0.99|0.16|0.06|-0.10|0.61|0.04|0.15|0.47|-0.65|-0.47|-0.08|0.06|-0.01|-0.07|0.44|0.39|0.03|-0.30|-0.64|-0.33|-0.57|-0.39|-0.23|0.17|-0.03
0.37|0.12|-0.10|0.71|-0.25|-0.07|-0.20|-0.27|-0.54|-0.11|0.90|0.07|0.50|-0.02|0.02|0.03|0.19|-0.04|0.70|-0.05|-0.37|0.19|0.68|0.03|1.11|-0.07|0.18
0.90|0.50|0.03|0.33|-0.00|0.11|-0.54|-0.14|-0.76|0.37|-0.10|0.02|0.53|-0.03|0.04|-0.00|0.02|-0.04|0.96|0.38|0.17|-0.17|-0.04|0.56|-1.21|0.15|1.13
0.68|0.20|0.30|-0.34|-0.13|-0.40|0.35|-0.66|0.30|-0.37|-0.68|0.77|-0.01|0.02|0.03|-0.75|-0.63|-0.61|-0.15|-0.05|0.20|0.08|-0.64|-0.28|0.53|0.23|-0.46
