------ Dim separator ------
0.44|-0.32|-0.19|-0.29|-0.14|-0.17|-0.77|-0.22|-0.35|-0.03|-0.26|0.37|-0.03|0.08|0.02|0.27|-0.42|0.60|-0.50|0.73|-0.83|0.15|0.04|0.33|0.99|0.26|-0.92
0.01|0.57|-0.01|0.35|-0.14|-0.17|-0.06|-0.21|0.28|-0.55|-0.67|-0.91|0.03|-0.03|-0.06|-0.22|-0.35|0.76|0.71|0.53|0.78|-0.55|-0.17|0.49|0.19|0.23|0.17
0.86|-0.54|-0.44|0.67|-0.08|-0.22|-0.35|-0.16|-0.30|-0.28|-0.01|0.36|0.09|0.03|0.06|-0.18|0.05|0.24|1.07|0.65|0.18|-0.62|-0.28|0.40|-0.08|-0.43|-0.17
-0.10|0.82|0.48|-0.25|0.28|0.10|0.29|0.06|-0.03|-0.28|-0.61|1.11|0.02|-0.01|0.02|-0.69|0.11|-0.06|-0.65|-0.17|-0.26|0.13|0.27|-0.31|-0.91|0.50|1.44
0.19|-0.06|-0.37|-0.18|0.98|0.45|-0.36|-0.11|0.11|-0.45|0.55|0.17|-0.04|-0.02|0.10|0.55|-0.50|0.59|-0.11|-0.29|-0.22|0.59|-0.11|-1.22|1.30|0.14|-0.18
------ Dim separator ------
0.81|0.07|0.58|0.42|0.24|-0.20|0.60|0.46|0.03|-0.12|-0.47|-0.47|-0.02|-0.05|-0.05|0.56|0.11|0.25|-0.73|-0.31|0.91|0.21|-0.58|-0.14|0.51|-0.06|0.62
0.65|-0.54|0.17|-0.40|-0.18|-0.76|0.06|-0.14|-0.31|-0.27|-0.32|0.13|-0.03|0.00|0.02|-0.18|-0.50|0.68|-0.47|-0.75|0.32|0.05|-0.66|0.02|-0.21|0.19|0.72
0.20|-0.51|-0.34|0.91|-0.04|0.22|0.49|-0.43|-0.25|-0.18|0.48|-1.09|0.95|0.02|0.02|0.00|-0.00|0.01|1.00|-0.13|0.07|-0.26|0.99|0.01|-0.30|0.65|0.03
0.15|0.27|0.58|0.36|1.06|0.01|0.45|0.45|-0.15|0.33|-0.21|0.50|0.94|-0.02|-0.01|0.01|-0.02|-0.04|0.98|-0.23|0.16|-0.13|-0.26|0.02|-0.58|1.19|0.93
-0.26|0.08|1.17|0.51|0.78|-0.62|-0.26|-0.13|-0.34|-0.18|-0.09|-0.49|-0.03|0.02|0.01|-0.42|0.08|-0.33|-0.33|-1.58|-0.29|-0.21|0.47|0.51|0.09|0.14|-0.42
------ Dim separator ------
0.40|-0.67|-0.74|0.84|-0.12|-0.18|0.29|-0.55|-0.52|-0.16|0.48|0.30|-0.06|-0.03|-0.01|0.23|-0.34|-0.47|-0.34|0.42|-0.17|0.16|0.31|-0.51|-0.95|-0.10|-0.47
0.29|-0.24|-0.32|-0.49|-0.18|-0.72|0.38|-0.01|0.35|-0.28|0.35|-0.53|-0.01|-0.05|-0.05|0.84|0.46|0.29|-0.42|-0.13|0.10|-0.32|-0.11|0.23|0.06|-0.52|-0.88
0.06|0.32|0.75|0.60|0.35|0.46|-0.08|0.22|-0.41|-0.25|-0.04|0.07|-0.07|0.01|0.07|0.21|-0.23|0.68|0.12|-0.33|0.75|-0.37|0.73|0.67|0.02|-0.29|0.26
-1.19|0.72|0.60|0.14|-0.54|0.99|0.58|0.18|0.41|0.21|-0.50|0.30|-0.02|-0.03|-0.00|0.25|-0.73|-0.09|-0.35|-0.75|-0.94|-0.41|0.61|0.01|0.77|-0.25|-0.09
0.21|-0.41|0.35|-0.79|0.87|0.39|-0.13|-1.07|-0.16|0.85|0.22|-0.56|0.02|0.11|-0.05|-0.30|-0.54|0.50|-0.30|0.01|0.54|0.50|-0.73|0.37|0.14|0.92|0.55
------ Dim separator ------
0.38|-0.30|-0.44|-1.31|0.89|0.27|0.33|-0.06|0.04|0.35|-0.29|0.28|-0.08|-0.02|-0.09|-0.23|-0.21|-0.48|-1.34|0.44|-0.06|-0.23|0.67|-0.57|0.28|0.52|-0.11
-0.18|-0.06|-0.42|0.24|-0.24|-0.77|-0.13|-0.09|-0.30|0.26|0.07|-0.22|0.04|-0.01|-0.01|-0.06|0.37|0.33|-0.06|-0.36|0.53|-0.11|0.43|0.19|-0.10|0.93|0.16
0.25|0.01|-0.22|0.74|0.44|0.13|0.28|0.25|-0.07|-0.13|0.20|0.17|0.95|-0.05|-0.08|0.02|0.04|-0.01|0.99|0.52|-0.66|0.30|0.29|0.73|0.24|-0.29|-0.20
1.06|0.21|-0.26|-0.16|0.51|-0.16|0.51|-0.53|0.30|-0.27|-0.43|0.32|0.10|0.08|-0.08|0.83|-0.03|-0.03|0.75|-0.04|-0.02|-0.45|-0.17|-0.23|-0.22|0.13|-0.39
1.29|-0.35|-1.09|-0.77|-0.11|0.43|-0.22|0.50|0.04|-0.58|0.85|0.16|0.01|0.03|0.01|0.55|-0.40|-0.42|-1.39|0.11|0.34|-0.93|0.15|0.12|1.22|-0.27|0.27
------ Dim separator ------
-0.22|1.01|0.31|0.36|0.06|-1.13|0.74|0.45|-0.36|-0.54|0.34|0.04|-0.05|0.01|-0.00|-0.15|0.09|-0.13|-0.25|-0.59|0.02|0.03|-0.21|-1.18|0.70|-0.42|0.35
-0.61|-0.19|-1.15|-0.13|0.24|0.13|0.76|0.06|0.17|0.64|-0.64|-0.71|0.01|-0.01|-0.00|0.30|0.06|0.62|0.04|-0.36|-0.69|-0.41|-0.53|-0.67|-0.46|-0.12|-0.05
0.60|0.10|-0.00|0.75|-0.51|0.06|-0.26|-0.26|-0.56|-0.13|1.17|0.26|0.92|0.01|0.06|0.01|0.01|0.04|0.98|-0.00|-0.14|0.41|0.84|-0.11|1.00|-0.02|-0.04
0.26|0.47|0.40|0.05|0.30|-0.07|-0.57|-0.11|-1.16|0.34|-0.15|0.02|0.94|0.00|-0.05|-0.02|-0.01|0.04|1.01|0.28|0.21|-0.25|0.04|0.92|-1.14|0.23|1.29
0.82|0.38|0.30|-0.58|0.01|-0.27|0.10|-1.10|0.14|-0.52|-0.59|0.72|-0.00|0.07|0.07|-0.74|-0.63|-0.50|0.03|-0.45|0.40|0.32|-0.60|-0.17|0.54|0.35|-0.40
