------ Dim separator ------
0.44|-0.08|0.05|-0.32|-0.19|-0.16|-0.65|-0.12|-0.26|-0.28|-0.09|0.10|-0.05|-0.00|-0.05|0.40|-0.29|0.18|-0.29|0.56|-0.78|0.07|-0.12|0.47|0.80|0.14|-0.90
0.08|0.47|-0.20|0.22|-0.04|-0.02|-0.01|-0.33|0.27|-0.41|-0.81|-0.94|0.03|0.03|0.03|0.07|-0.37|0.67|0.59|0.34|0.66|-0.55|-0.11|0.46|0.35|0.41|-0.09
0.75|-0.46|-0.26|0.75|-0.13|-0.12|-0.30|0.06|0.01|-0.18|-0.01|0.13|0.69|-0.01|0.04|0.01|0.00|0.02|1.00|0.62|0.05|-0.65|-0.12|0.32|-0.13|-0.68|-0.07
0.04|0.80|0.42|-0.02|0.27|0.34|0.30|0.04|-0.06|-0.37|-0.44|0.81|0.06|0.02|0.07|-0.68|0.15|0.11|-0.42|0.21|-0.02|0.24|0.19|-0.34|-1.06|0.75|1.02
0.18|-0.05|-0.42|-0.18|0.88|0.39|-0.09|-0.26|0.32|-0.32|0.51|0.26|0.04|0.00|-0.00|0.47|-0.07|0.38|-0.11|-0.25|-0.39|0.48|0.16|-0.81|1.04|0.44|-0.11
------ Dim separator ------
0.76|0.06|0.22|0.56|0.33|-0.03|0.45|0.56|0.08|0.10|-0.08|-0.16|0.08|-0.01|0.02|0.70|0.25|0.16|-0.76|-0.13|0.80|0.08|-0.39|-0.42|0.52|0.12|0.42
0.69|-0.33|0.21|-0.50|-0.15|-0.56|-0.04|-0.34|-0.16|-0.13|-0.40|-0.08|0.07|-0.05|-0.05|-0.21|-0.44|0.55|-0.31|-0.79|0.51|0.03|-0.56|0.45|-0.35|0.17|0.50
0.20|-0.46|-0.27|0.72|-0.08|0.38|0.52|-0.16|-0.29|-0.63|0.59|-0.93|0.08|0.03|-0.01|0.18|-0.22|-0.14|0.86|0.04|0.11|-0.10|0.91|-0.22|-0.08|0.81|0.02
0.68|0.39|0.38|0.07|0.87|-0.32|0.67|0.52|-0.09|0.28|-0.22|0.44|0.76|-0.06|-0.06|-0.03|0.01|0.03|1.03|-0.20|-0.26|-0.06|-0.28|0.39|-0.38|1.10|0.66
-0.25|0.37|1.24|0.47|0.45|-0.71|-0.40|-0.10|-0.29|-0.33|0.19|-0.61|0.07|-0.16|-0.01|-0.33|-0.18|-0.06|-0.46|-1.38|-0.49|-0.11|0.36|0.11|-0.23|0.08|-0.32
------ Dim separator ------
0.33|-0.69|-0.75|0.75|-0.08|-0.04|0.15|-0.53|-0.55|0.07|0.47|0.11|0.01|0.08|-0.01|-0.04|-0.09|-0.50|-0.21|0.37|-0.14|0.14|0.33|-0.38|-1.11|-0.10|-0.26
0.35|-0.16|-0.25|-0.25|-0.18|-0.25|0.32|-0.12|0.56|-0.08|0.37|-0.43|-0.04|0.01|-0.19|0.82|0.63|0.10|-0.18|-0.46|0.04|-0.11|0.03|0.16|0.27|-0.35|-0.62
-0.22|0.28|0.50|0.55|0.25|0.24|0.00|0.22|-0.11|-0.15|-0.05|0.18|-0.01|-0.04|0.01|0.55|-0.30|0.57|0.29|-0.23|1.01|-0.37|0.77|0.60|0.27|-0.26|0.32
-1.31|0.66|0.33|0.24|-0.52|0.73|0.59|0.02|0.30|0.44|-0.51|0.51|0.05|0.04|-0.03|0.17|-0.54|-0.31|-0.35|-0.77|-0.64|-0.40|0.09|-0.09|0.56|-0.17|-0.11
0.12|-0.35|0.23|-1.07|0.96|0.37|-0.28|-0.87|0.03|0.85|0.27|-0.69|0.04|0.07|0.02|-0.40|-0.77|0.16|-0.16|0.09|0.46|0.19|-0.79|0.39|0.26|0.78|0.34
------ Dim separator ------
0.19|-0.13|-0.31|-1.20|0.75|0.34|0.25|-0.20|-0.18|0.25|-0.37|0.19|0.04|-0.13|-0.02|-0.25|-0.37|-0.78|-1.22|0.29|-0.17|-0.13|0.89|-0.73|0.06|0.55|-0.00
-0.13|0.19|-0.18|0.42|-0.42|-0.53|0.00|0.09|-0.28|0.23|-0.20|-0.12|0.11|0.01|0.08|-0.16|0.17|0.20|-0.19|-0.21|0.47|-0.09|0.50|0.10|-0.03|1.02|-0.01
0.57|0.14|-0.21|0.77|0.44|-0.03|0.39|0.36|-0.11|-0.18|0.24|0.11|0.74|-0.03|0.01|-0.03|-0.04|-0.00|1.02|0.72|-0.71|0.17|0.15|0.69|0.24|-0.40|-0.10
0.83|0.04|-0.18|-0.16|0.61|-0.11|0.65|-0.46|0.07|-0.34|-0.25|0.13|0.03|0.02|0.03|0.62|-0.01|0.25|0.50|-0.01|0.00|-0.29|-0.33|-0.33|0.01|-0.03|-0.29
1.15|-0.25|-0.98|-1.04|-0.03|0.74|-0.48|0.66|0.14|-0.52|0.99|0.35|-0.08|0.02|-0.00|0.67|-0.20|-0.36|-1.11|0.12|0.43|-0.72|0.13|0.05|1.20|0.04|0.26
------ Dim separator ------
-0.52|0.98|0.27|0.18|0.17|-1.11|0.78|0.47|-0.27|-0.42|0.56|-0.08|0.00|0.07|0.02|-0.28|0.28|0.11|-0.37|-0.60|-0.22|-0.40|0.05|-1.04|0.65|-0.17|0.13
-0.68|-0.11|-1.09|0.09|0.08|0.04|0.68|0.10|0.24|0.47|-0.61|-0.41|-0.15|-0.07|0.02|-0.04|0.35|0.57|0.05|-0.31|-0.71|-0.34|-0.67|-0.48|-0.24|0.12|-0.01
0.45|0.16|-0.13|0.70|-0.30|0.05|-0.24|-0.18|-0.59|-0.15|1.13|0.14|0.76|-0.01|-0.00|0.02|0.06|-0.04|0.93|0.07|-0.43|0.34|0.85|-0.06|1.20|0.00|0.16
0.77|0.53|0.11|0.21|-0.13|0.03|-0.47|-0.10|-0.84|0.32|-0.12|-0.04|0.55|0.06|0.08|0.02|0.02|-0.07|1.10|0.28|0.20|-0.16|-0.08|0.59|-1.29|0.20|1.18
0.66|0.21|0.45|-0.36|-0.08|-0.43|0.33|-0.67|0.24|-0.45|-0.64|0.72|-0.07|0.12|0.06|-0.70|-0.57|-0.76|-0.09|-0.11|0.19|0.15|-0.70|-0.24|0.58|0.23|-0.48
