------ Dim separator ------
0.31|-0.42|0.16|-0.49|-0.13|-0.06|-0.47|-0.09|-0.40|-0.50|-0.10|0.04|0.02|0.03|0.02|0.21|-0.34|0.42|-0.23|0.39|-0.80|0.06|-0.06|0.57|0.86|-0.06|-0.69
-0.02|0.44|0.01|0.24|-0.16|-0.13|0.19|-0.48|0.07|-0.78|-0.65|-0.96|0.03|-0.03|0.11|0.18|-0.53|0.96|0.47|0.42|0.67|-0.60|0.16|0.22|0.42|0.13|-0.13
0.83|-0.46|-0.40|0.70|-0.18|-0.45|-0.25|0.23|-0.07|0.01|-0.01|0.26|0.05|0.04|-0.13|-0.09|0.16|-0.14|0.98|0.80|0.05|-0.57|0.08|0.33|-0.05|-0.83|-0.32
-0.02|0.71|0.82|-0.13|0.54|0.08|0.01|-0.30|0.08|-0.38|-0.31|1.03|-0.07|-0.01|-0.10|-0.61|0.16|-0.02|-0.23|0.09|0.03|-0.07|0.01|-0.18|-0.82|0.53|1.21
0.25|-0.38|-0.30|-0.04|0.67|0.41|-0.10|-0.32|0.32|-0.58|0.48|0.51|0.03|0.04|-0.05|0.59|-0.06|0.49|-0.32|-0.04|-0.51|0.37|0.18|-0.91|0.93|0.39|-0.25
------ Dim separator ------
0.81|0.02|0.24|0.36|0.10|-0.07|0.46|0.63|0.08|-0.14|-0.36|-0.01|0.09|0.05|-0.08|0.78|0.42|0.42|-0.74|-0.26|1.11|-0.20|-0.67|-0.32|0.70|-0.19|0.16
0.87|-0.31|0.35|-0.33|0.13|-0.66|0.06|0.01|-0.20|-0.18|-0.29|-0.32|-0.03|0.00|0.02|0.19|-0.42|0.40|-0.17|-0.90|0.57|0.07|-0.24|0.29|-0.41|0.32|0.57
0.09|-0.41|-0.36|0.64|0.15|0.42|0.77|-0.22|-0.14|-0.73|0.73|-1.02|-0.06|-0.01|0.01|0.20|-0.25|0.19|0.92|0.31|-0.13|-0.11|0.62|-0.42|0.09|0.94|0.06
0.70|0.17|0.44|-0.09|0.83|-0.17|0.62|0.27|-0.36|0.29|-0.32|0.58|0.04|0.08|-0.02|-0.14|-0.01|0.08|0.83|-0.47|-0.30|-0.18|-0.32|0.40|-0.42|0.88|0.50
-0.17|0.46|0.93|0.32|0.20|-0.90|-0.45|-0.04|-0.47|-0.21|0.32|-0.34|-0.06|0.09|-0.05|-0.18|-0.31|0.03|-0.24|-1.17|-0.66|-0.10|0.30|-0.00|-0.23|-0.06|-0.41
------ Dim separator ------
0.30|-0.41|-0.50|0.92|0.08|-0.01|0.03|-0.44|-0.77|-0.24|0.33|0.19|0.07|-0.08|-0.02|-0.19|-0.01|-0.43|-0.45|0.33|-0.08|-0.01|0.27|-0.07|-1.31|-0.03|-0.46
0.26|0.01|-0.32|-0.54|-0.37|-0.27|0.20|-0.03|0.48|-0.09|0.33|-0.44|-0.03|0.08|0.18|0.82|0.66|0.08|-0.06|-0.34|0.14|-0.06|0.05|0.38|0.11|-0.55|-0.63
0.01|0.28|0.39|0.79|0.24|0.31|0.00|0.06|-0.15|-0.03|0.04|0.26|0.03|0.01|0.06|0.18|-0.42|0.49|0.20|-0.43|0.98|-0.34|0.63|0.79|0.28|-0.41|0.19
-1.34|0.62|0.13|0.07|-0.33|0.72|0.47|0.02|0.23|0.48|-0.60|0.39|-0.06|-0.05|0.04|0.22|-0.54|-0.40|-0.50|-0.78|-0.57|-0.20|0.01|0.47|0.41|-0.11|-0.06
0.28|-0.48|0.40|-1.21|1.41|0.39|0.03|-1.03|-0.01|0.80|0.19|-0.97|-0.04|-0.07|0.07|-0.33|-0.93|0.14|-0.34|-0.13|0.44|0.24|-0.70|0.34|0.08|0.84|0.08
------ Dim separator ------
0.53|-0.39|-0.74|-1.22|0.71|0.35|0.20|-0.32|-0.40|0.20|-0.11|0.29|-0.06|0.02|0.05|-0.43|-0.49|-0.73|-1.15|0.14|-0.13|-0.18|1.11|-0.76|0.33|0.43|-0.01
-0.03|0.23|-0.24|0.53|-0.47|-0.27|-0.17|-0.19|-0.46|0.16|-0.44|-0.25|-0.04|-0.04|0.01|0.06|0.21|0.13|-0.02|-0.25|0.21|-0.15|0.39|0.23|-0.13|1.16|-0.09
0.47|0.12|-0.37|1.01|0.33|0.09|0.40|0.25|0.32|-0.38|0.21|-0.06|0.09|0.01|0.04|0.34|0.08|0.03|0.96|0.54|-0.56|0.26|0.15|0.72|0.26|-0.44|-0.28
0.77|-0.06|0.24|-0.37|0.46|-0.25|0.73|-0.24|0.26|-0.26|-0.21|0.07|-0.04|-0.09|-0.01|0.79|-0.23|0.20|0.48|-0.01|0.18|-0.16|-0.32|-0.16|0.17|-0.13|-0.28
1.10|-0.13|-0.75|-1.16|0.17|0.72|-0.33|0.41|-0.09|-0.80|0.93|0.22|0.10|0.04|0.03|0.68|0.04|-0.15|-0.92|0.17|0.57|-0.79|0.27|0.32|1.18|-0.08|0.36
------ Dim separator ------
-0.42|0.95|0.34|0.44|0.47|-1.05|0.63|0.70|-0.40|-0.30|0.58|0.07|0.09|-0.10|0.08|-0.01|0.26|0.09|-0.36|-0.48|-0.14|-0.37|0.10|-1.16|0.82|-0.28|0.18
-0.75|-0.19|-0.86|0.21|0.08|-0.10|0.62|0.27|0.07|0.43|-0.85|-0.72|0.10|0.06|-0.03|-0.00|0.49|0.47|0.10|-0.13|-0.63|-0.51|-0.66|-0.54|-0.17|0.38|0.23
0.60|-0.01|-0.02|0.78|-0.32|-0.22|-0.08|-0.36|-0.56|-0.16|0.76|0.06|0.90|0.07|-0.02|-0.02|0.94|0.00|0.09|0.10|-0.49|0.15|0.53|-0.00|1.08|-0.23|0.41
0.71|0.49|-0.10|0.34|-0.24|-0.01|-0.38|-0.27|-0.82|0.36|-0.13|0.17|0.12|-0.01|-0.03|0.27|0.11|0.04|0.96|0.28|0.39|-0.31|-0.08|0.66|-1.13|0.09|1.14
0.70|0.43|0.23|-0.30|-0.09|-0.23|0.34|-0.74|0.15|-0.23|-0.63|0.84|0.04|-0.08|-0.12|-0.81|-0.74|-0.56|-0.21|-0.18|0.22|0.18|-0.59|-0.19|0.40|0.43|-0.58
