------ Dim separator ------
0.48|-0.37|-0.18|-0.31|-0.12|-0.17|-0.83|-0.28|-0.37|-0.03|-0.30|0.38|-0.02|0.09|0.03|0.24|-0.46|0.65|-0.54|0.76|-0.85|0.16|0.05|0.34|1.09|0.27|-0.95
0.03|0.62|-0.05|0.37|-0.16|-0.22|-0.09|-0.22|0.31|-0.58|-0.72|-0.96|0.03|-0.01|-0.04|-0.22|-0.37|0.80|0.70|0.57|0.84|-0.51|-0.16|0.47|0.21|0.25|0.19
0.85|-0.57|-0.46|0.66|-0.07|-0.24|-0.37|-0.16|-0.34|-0.28|-0.07|0.41|0.07|0.04|0.05|-0.21|0.00|0.24|1.06|0.65|0.19|-0.65|-0.26|0.40|-0.10|-0.44|-0.17
-0.15|0.83|0.50|-0.29|0.25|0.13|0.29|0.06|-0.02|-0.28|-0.62|1.14|0.02|0.00|0.01|-0.69|0.11|-0.08|-0.64|-0.16|-0.27|0.15|0.30|-0.31|-0.94|0.52|1.51
0.22|-0.07|-0.37|-0.19|1.01|0.48|-0.38|-0.11|0.12|-0.47|0.57|0.19|-0.02|-0.02|0.08|0.58|-0.53|0.60|-0.06|-0.31|-0.25|0.61|-0.10|-1.29|1.34|0.15|-0.20
------ Dim separator ------
0.85|0.09|0.60|0.42|0.25|-0.16|0.63|0.46|0.05|-0.09|-0.52|-0.48|-0.03|-0.03|-0.05|0.59|0.10|0.27|-0.76|-0.31|0.92|0.22|-0.62|-0.09|0.53|-0.08|0.65
0.66|-0.56|0.15|-0.38|-0.19|-0.80|0.12|-0.11|-0.35|-0.28|-0.34|0.16|-0.02|-0.00|0.02|-0.17|-0.51|0.70|-0.47|-0.78|0.34|0.07|-0.69|-0.02|-0.19|0.20|0.79
0.20|-0.55|-0.37|0.93|-0.03|0.25|0.48|-0.44|-0.23|-0.18|0.46|-1.15|1.00|0.02|0.01|-0.00|-0.00|0.01|1.01|-0.11|0.05|-0.30|1.01|0.04|-0.32|0.67|0.03
0.14|0.26|0.61|0.36|1.11|0.04|0.46|0.46|-0.16|0.33|-0.21|0.55|0.97|-0.02|-0.02|0.01|-0.01|-0.03|0.98|-0.27|0.17|-0.14|-0.23|0.04|-0.65|1.19|0.99
-0.24|0.06|1.22|0.56|0.87|-0.63|-0.28|-0.10|-0.34|-0.19|-0.12|-0.52|-0.02|0.02|0.01|-0.45|0.07|-0.36|-0.37|-1.66|-0.30|-0.20|0.45|0.51|0.09|0.18|-0.46
------ Dim separator ------
0.42|-0.68|-0.76|0.86|-0.14|-0.24|0.27|-0.60|-0.55|-0.16|0.52|0.31|-0.06|-0.03|-0.01|0.23|-0.36|-0.51|-0.38|0.44|-0.20|0.20|0.30|-0.52|-1.01|-0.13|-0.49
0.29|-0.26|-0.30|-0.54|-0.17|-0.74|0.40|-0.01|0.38|-0.31|0.39|-0.54|-0.01|-0.05|-0.02|0.84|0.49|0.29|-0.44|-0.16|0.12|-0.35|-0.14|0.25|0.03|-0.54|-0.90
0.06|0.33|0.78|0.64|0.35|0.47|-0.07|0.21|-0.43|-0.23|-0.08|0.04|-0.06|-0.01|0.06|0.24|-0.22|0.70|0.07|-0.34|0.79|-0.38|0.76|0.73|0.02|-0.33|0.23
-1.23|0.78|0.61|0.13|-0.54|1.11|0.60|0.19|0.43|0.17|-0.50|0.29|-0.02|-0.03|0.02|0.31|-0.74|-0.12|-0.36|-0.78|-0.98|-0.41|0.63|0.02|0.80|-0.26|-0.11
0.21|-0.43|0.41|-0.79|0.89|0.40|-0.15|-1.12|-0.13|0.88|0.22|-0.57|-0.01|0.07|-0.06|-0.27|-0.50|0.56|-0.33|0.02|0.57|0.51|-0.76|0.39|0.16|0.94|0.57
------ Dim separator ------
0.40|-0.32|-0.46|-1.35|0.91|0.24|0.37|-0.08|0.07|0.36|-0.31|0.34|-0.05|-0.04|-0.10|-0.28|-0.21|-0.48|-1.36|0.49|-0.05|-0.21|0.68|-0.61|0.30|0.53|-0.15
-0.22|-0.09|-0.44|0.29|-0.22|-0.79|-0.11|-0.11|-0.28|0.29|0.08|-0.23|0.02|-0.01|-0.01|-0.06|0.42|0.30|-0.10|-0.41|0.53|-0.13|0.41|0.19|-0.06|0.93|0.20
0.26|-0.02|-0.19|0.74|0.45|0.13|0.28|0.21|-0.06|-0.13|0.18|0.20|0.97|-0.05|-0.06|0.04|0.02|0.00|1.00|0.51|-0.70|0.32|0.30|0.77|0.26|-0.24|-0.22
1.09|0.22|-0.29|-0.18|0.54|-0.17|0.52|-0.54|0.32|-0.26|-0.44|0.31|0.08|0.07|-0.05|0.88|-0.00|-0.04|0.77|-0.07|-0.03|-0.52|-0.18|-0.28|-0.25|0.15|-0.39
1.32|-0.39|-1.20|-0.77|-0.12|0.44|-0.21|0.50|0.07|-0.57|0.86|0.11|0.01|0.02|0.00|0.54|-0.42|-0.42|-1.45|0.12|0.33|-0.92|0.20|0.15|1.29|-0.29|0.32
------ Dim separator ------
-0.24|1.02|0.28|0.40|0.09|-1.16|0.77|0.49|-0.38|-0.55|0.34|0.04|-0.04|0.00|-0.02|-0.14|0.07|-0.11|-0.29|-0.59|0.03|0.07|-0.22|-1.20|0.73|-0.44|0.34
-0.58|-0.20|-1.21|-0.18|0.28|0.14|0.78|0.08|0.19|0.69|-0.67|-0.76|0.00|0.02|0.02|0.30|0.05|0.63|-0.00|-0.37|-0.69|-0.44|-0.54|-0.71|-0.43|-0.14|-0.02
0.60|0.09|-0.03|0.75|-0.55|0.07|-0.26|-0.26|-0.57|-0.14|1.22|0.29|0.94|0.01|0.06|-0.01|-0.01|0.03|0.99|-0.01|-0.14|0.46|0.91|-0.11|1.04|-0.01|-0.03
0.25|0.49|0.39|0.06|0.30|-0.08|-0.57|-0.14|-1.24|0.34|-0.17|0.02|0.96|-0.00|-0.05|-0.01|-0.00|0.02|1.03|0.28|0.19|-0.22|0.03|0.96|-1.16|0.25|1.37
0.85|0.40|0.31|-0.58|0.02|-0.30|0.09|-1.14|0.10|-0.56|-0.66|0.75|0.01|0.05|0.07|-0.76|-0.67|-0.51|0.04|-0.45|0.42|0.31|-0.58|-0.13|0.53|0.35|-0.42
