------ Dim separator ------
0.26|-0.21|0.18|-0.36|-0.16|-0.15|-0.54|-0.15|-0.45|-0.25|-0.18|0.04|0.08|-0.05|-0.00|0.28|-0.22|0.54|-0.27|0.53|-0.90|0.26|0.09|0.57|0.90|0.08|-0.84
0.11|0.47|0.04|0.09|-0.17|-0.03|0.17|-0.42|0.21|-0.55|-0.75|-0.93|-0.04|0.05|-0.01|0.10|-0.47|0.91|0.53|0.42|0.64|-0.49|0.03|0.35|0.42|0.17|-0.18
0.82|-0.66|-0.33|0.66|-0.01|-0.23|-0.21|0.05|-0.03|-0.07|0.05|0.24|0.09|-0.05|0.00|-0.32|-0.13|-0.03|0.89|0.77|0.07|-0.54|0.01|0.40|-0.18|-0.77|-0.31
-0.09|0.80|0.68|-0.13|0.34|0.06|0.24|-0.20|-0.12|-0.35|-0.36|0.96|-0.01|0.02|0.04|-0.45|0.22|0.01|-0.40|0.12|-0.04|0.14|0.17|-0.25|-0.89|0.57|1.25
0.27|-0.23|-0.46|-0.15|0.70|0.30|-0.04|-0.23|0.11|-0.51|0.45|0.38|-0.03|-0.07|-0.05|0.59|-0.13|0.49|-0.14|-0.17|-0.38|0.42|-0.02|-0.95|0.94|0.33|-0.20
------ Dim separator ------
0.69|0.08|0.27|0.37|0.06|-0.12|0.53|0.59|0.07|-0.10|-0.31|-0.11|-0.11|0.00|0.07|0.70|0.25|0.19|-0.73|-0.20|1.04|-0.12|-0.51|-0.43|0.48|0.07|0.35
0.85|-0.49|0.25|-0.40|0.03|-0.55|0.13|-0.17|-0.25|-0.19|-0.21|-0.16|-0.00|0.06|0.03|0.05|-0.35|0.56|-0.33|-0.88|0.62|-0.02|-0.48|0.25|-0.28|0.18|0.61
0.26|-0.37|-0.35|0.78|0.03|0.31|0.56|-0.26|-0.10|-0.43|0.56|-0.89|0.03|-0.04|0.01|0.25|-0.12|-0.08|0.84|-0.01|-0.04|-0.19|0.71|-0.39|-0.13|0.81|0.05
0.62|0.38|0.36|-0.01|1.00|-0.19|0.65|0.56|-0.16|0.28|-0.41|0.50|0.11|0.06|0.06|-0.02|0.05|-0.12|1.03|-0.35|-0.17|-0.13|-0.32|0.41|-0.42|0.95|0.75
-0.21|0.35|1.07|0.42|0.34|-0.83|-0.26|-0.19|-0.40|-0.22|0.29|-0.39|-0.04|0.03|0.00|-0.21|-0.12|-0.03|-0.31|-1.12|-0.52|0.02|0.40|0.14|-0.13|0.08|-0.38
------ Dim separator ------
0.27|-0.48|-0.65|0.82|0.03|0.04|0.02|-0.63|-0.64|-0.15|0.30|0.19|0.03|0.00|0.01|0.02|-0.28|-0.45|-0.37|0.47|-0.03|0.20|0.16|-0.44|-1.21|-0.08|-0.42
0.38|-0.06|-0.30|-0.40|-0.19|-0.20|0.45|0.00|0.49|-0.08|0.40|-0.48|0.04|-0.02|0.08|0.83|0.65|0.16|-0.29|-0.24|0.05|-0.02|0.04|0.14|0.14|-0.50|-0.73
-0.07|0.23|0.45|0.78|0.30|0.42|0.01|0.32|-0.11|-0.14|0.02|0.13|0.03|0.01|-0.09|0.36|-0.36|0.60|0.30|-0.42|0.87|-0.43|0.75|0.69|0.18|-0.39|0.25
-1.23|0.54|0.22|0.08|-0.43|0.69|0.53|0.06|0.26|0.42|-0.41|0.32|0.03|0.03|-0.00|0.18|-0.71|-0.34|-0.56|-0.80|-0.75|-0.21|-0.00|0.22|0.43|-0.12|-0.23
0.30|-0.30|0.37|-0.93|1.00|0.44|-0.12|-0.94|-0.05|0.94|0.13|-0.82|0.01|-0.03|-0.04|-0.28|-0.85|0.20|-0.17|-0.03|0.45|0.25|-0.65|0.26|0.08|0.82|0.27
------ Dim separator ------
0.37|-0.22|-0.35|-1.31|0.76|0.28|0.26|-0.14|-0.16|0.37|-0.16|0.19|0.06|0.10|-0.02|-0.39|-0.29|-0.66|-1.12|0.34|-0.29|-0.10|1.01|-0.64|0.31|0.45|0.01
-0.11|0.17|-0.27|0.46|-0.51|-0.54|-0.03|-0.03|-0.49|0.23|-0.30|-0.13|-0.09|0.02|-0.01|-0.07|0.27|0.28|-0.08|-0.23|0.39|-0.07|0.34|0.08|-0.01|1.11|0.16
0.47|0.11|-0.34|0.94|0.50|0.10|0.24|0.19|0.05|-0.22|0.13|0.03|0.18|-0.00|-0.01|-0.01|0.06|0.05|0.89|0.55|-0.59|0.14|0.17|0.63|0.15|-0.35|-0.18
0.89|0.17|-0.06|-0.23|0.39|-0.12|0.53|-0.25|0.18|-0.33|-0.14|0.07|-0.06|-0.01|0.02|0.82|-0.18|0.08|0.58|-0.10|0.02|-0.12|-0.33|-0.31|-0.21|-0.10|-0.32
1.11|-0.18|-0.90|-1.03|-0.01|0.71|-0.35|0.44|-0.09|-0.59|0.95|0.23|-0.02|-0.03|-0.04|0.61|-0.08|-0.07|-0.98|0.18|0.47|-0.79|0.16|0.24|1.16|-0.19|0.20
------ Dim separator ------
-0.67|0.76|0.17|0.32|0.27|-0.91|0.77|0.57|-0.35|-0.31|0.52|0.01|-0.04|0.01|-0.06|-0.33|0.13|-0.08|-0.36|-0.48|-0.21|-0.18|-0.03|-1.10|0.69|-0.32|0.21
-0.64|-0.26|-0.96|0.14|0.21|-0.19|0.71|0.09|0.13|0.40|-0.69|-0.63|0.09|-0.05|-0.02|-0.02|0.38|0.43|-0.11|-0.24|-0.62|-0.45|-0.66|-0.50|-0.29|0.20|0.04
0.45|0.00|-0.14|0.72|-0.41|-0.19|-0.04|-0.28|-0.52|-0.22|0.99|0.04|0.34|-0.03|-0.06|-0.09|0.20|0.07|0.69|0.00|-0.40|0.36|0.66|-0.02|1.13|-0.12|0.16
0.67|0.50|-0.01|0.29|-0.01|0.04|-0.54|-0.12|-0.91|0.31|-0.13|0.03|0.29|-0.01|-0.04|0.11|-0.02|0.07|0.90|0.35|0.24|-0.23|-0.03|0.70|-1.19|0.20|1.16
0.74|0.27|0.34|-0.43|-0.16|-0.30|0.26|-0.85|0.30|-0.25|-0.67|0.74|0.04|-0.12|-0.03|-0.85|-0.65|-0.58|-0.14|-0.10|0.29|0.11|-0.61|-0.18|0.36|0.28|-0.55
