------ Dim separator ------
0.39|0.05|0.17|-0.26|-0.12|-0.14|-0.60|-0.20|-0.30|-0.30|-0.09|0.14|0.01|-0.07|0.02|0.41|-0.19|0.30|-0.24|0.52|-0.73|0.11|-0.06|0.61|0.79|0.06|-0.86
0.19|0.45|-0.03|0.15|-0.03|-0.03|0.09|-0.33|0.27|-0.45|-0.76|-0.88|-0.03|-0.02|-0.06|0.16|-0.45|0.76|0.57|0.31|0.65|-0.46|-0.13|0.44|0.42|0.29|-0.13
0.79|-0.51|-0.27|0.71|0.02|-0.17|-0.19|0.04|0.10|-0.03|0.07|0.11|0.44|-0.04|0.01|-0.11|-0.12|-0.04|0.88|0.63|0.02|-0.63|0.04|0.33|-0.22|-0.75|-0.08
-0.08|0.79|0.55|-0.10|0.35|0.25|0.23|-0.02|-0.10|-0.31|-0.25|0.84|-0.00|-0.01|0.02|-0.59|0.18|0.08|-0.30|0.22|0.07|0.19|0.16|-0.37|-1.03|0.76|0.96
0.14|-0.12|-0.39|-0.19|0.79|0.30|-0.07|-0.32|0.25|-0.40|0.51|0.41|0.02|0.02|0.03|0.51|-0.05|0.40|-0.06|-0.19|-0.46|0.44|0.17|-0.75|0.80|0.49|-0.15
------ Dim separator ------
0.70|0.08|0.12|0.53|0.12|-0.15|0.42|0.61|0.14|-0.02|-0.17|-0.10|-0.08|0.02|0.05|0.74|0.32|0.18|-0.74|-0.18|0.88|-0.04|-0.38|-0.44|0.51|0.16|0.42
0.75|-0.42|0.27|-0.41|-0.05|-0.55|0.06|-0.29|-0.29|-0.11|-0.32|-0.19|-0.01|-0.02|-0.02|-0.06|-0.43|0.57|-0.27|-0.78|0.62|-0.02|-0.47|0.44|-0.30|0.09|0.54
0.30|-0.37|-0.33|0.69|-0.07|0.41|0.49|-0.20|-0.11|-0.57|0.61|-0.87|-0.07|0.03|0.01|0.23|-0.12|-0.25|0.73|0.01|0.07|-0.15|0.76|-0.38|0.04|0.90|0.01
0.67|0.35|0.35|-0.03|0.91|-0.25|0.69|0.54|-0.12|0.26|-0.40|0.42|0.40|-0.05|0.06|0.02|-0.02|-0.03|0.96|-0.23|-0.27|-0.09|-0.28|0.43|-0.33|1.00|0.69
-0.10|0.42|1.09|0.39|0.41|-0.79|-0.36|-0.13|-0.28|-0.31|0.16|-0.54|0.06|0.01|0.03|-0.23|-0.11|-0.07|-0.50|-1.25|-0.59|-0.05|0.37|0.09|-0.17|0.09|-0.42
------ Dim separator ------
0.30|-0.54|-0.73|0.72|0.01|0.09|0.04|-0.55|-0.54|-0.01|0.36|0.06|-0.03|0.03|0.03|-0.04|-0.10|-0.52|-0.27|0.38|-0.05|0.20|0.23|-0.45|-1.14|-0.09|-0.24
0.42|-0.11|-0.32|-0.29|-0.27|-0.15|0.35|-0.05|0.54|0.06|0.35|-0.34|0.06|-0.01|-0.05|0.83|0.65|0.11|-0.31|-0.30|0.09|-0.07|0.05|0.09|0.27|-0.41|-0.64
-0.20|0.24|0.41|0.73|0.32|0.30|0.13|0.24|-0.07|-0.17|-0.03|0.13|0.01|0.05|-0.05|0.51|-0.25|0.51|0.35|-0.31|0.95|-0.46|0.74|0.63|0.22|-0.24|0.39
-1.21|0.61|0.25|0.16|-0.43|0.60|0.44|0.05|0.19|0.42|-0.47|0.52|0.04|0.03|0.01|0.24|-0.69|-0.35|-0.38|-0.72|-0.56|-0.25|-0.03|0.00|0.48|-0.15|-0.10
0.24|-0.29|0.26|-1.03|0.93|0.32|-0.23|-0.89|0.03|0.92|0.22|-0.64|0.01|-0.05|0.01|-0.34|-0.92|0.18|-0.17|0.07|0.35|0.04|-0.73|0.32|0.21|0.78|0.27
------ Dim separator ------
0.15|-0.14|-0.39|-1.23|0.62|0.29|0.14|-0.11|-0.20|0.31|-0.22|0.17|0.05|0.01|0.06|-0.26|-0.30|-0.73|-1.13|0.34|-0.22|-0.13|0.92|-0.82|0.08|0.55|0.09
-0.10|0.30|-0.13|0.41|-0.46|-0.51|0.07|0.09|-0.47|0.24|-0.28|-0.10|-0.03|0.01|-0.04|-0.14|0.21|0.25|-0.14|-0.21|0.38|-0.04|0.37|0.06|-0.01|1.12|0.06
0.59|0.05|-0.25|0.90|0.51|-0.11|0.36|0.33|-0.07|-0.23|0.13|0.05|0.35|0.06|0.03|0.05|0.06|0.07|0.94|0.68|-0.69|0.18|0.11|0.66|0.16|-0.43|-0.06
0.74|0.22|-0.13|-0.19|0.53|-0.17|0.58|-0.39|0.12|-0.39|-0.23|0.06|-0.00|-0.01|0.04|0.75|-0.14|0.22|0.53|-0.06|-0.01|-0.19|-0.37|-0.39|-0.05|-0.19|-0.24
1.12|-0.18|-0.98|-1.00|-0.05|0.75|-0.47|0.53|0.06|-0.59|0.89|0.31|0.01|-0.05|-0.00|0.58|-0.06|-0.14|-1.05|0.23|0.38|-0.62|0.05|0.19|1.16|-0.08|0.26
------ Dim separator ------
-0.60|0.72|0.21|0.26|0.30|-1.05|0.77|0.47|-0.26|-0.28|0.46|-0.10|0.00|0.02|-0.06|-0.40|0.26|0.03|-0.36|-0.55|-0.26|-0.35|-0.01|-1.07|0.60|-0.18|0.20
-0.66|-0.12|-1.02|0.14|0.08|-0.15|0.62|0.05|0.12|0.48|-0.69|-0.51|-0.06|0.05|-0.00|-0.07|0.45|0.40|0.00|-0.30|-0.64|-0.33|-0.58|-0.37|-0.20|0.18|-0.03
0.37|0.10|-0.13|0.71|-0.24|-0.06|-0.19|-0.27|-0.54|-0.11|0.93|0.06|0.43|-0.02|-0.00|0.01|0.17|-0.01|0.72|-0.03|-0.40|0.21|0.74|0.04|1.13|-0.04|0.20
0.88|0.52|0.01|0.33|-0.02|0.12|-0.55|-0.15|-0.78|0.36|-0.11|0.00|0.58|-0.03|0.04|0.00|0.01|-0.03|0.98|0.37|0.14|-0.16|-0.08|0.57|-1.24|0.18|1.17
0.70|0.18|0.32|-0.36|-0.15|-0.42|0.36|-0.66|0.32|-0.38|-0.70|0.79|0.00|0.01|0.03|-0.75|-0.67|-0.64|-0.15|-0.01|0.22|0.09|-0.64|-0.24|0.52|0.22|-0.50
