------ Dim separator ------
0.50|-0.37|-0.18|-0.33|-0.11|-0.18|-0.90|-0.31|-0.39|-0.02|-0.33|0.38|-0.01|0.08|0.03|0.23|-0.52|0.68|-0.58|0.79|-0.84|0.20|0.06|0.38|1.16|0.27|-0.96
0.03|0.68|-0.06|0.40|-0.17|-0.27|-0.10|-0.22|0.31|-0.62|-0.78|-0.98|0.03|-0.01|-0.03|-0.21|-0.40|0.83|0.69|0.61|0.90|-0.51|-0.18|0.49|0.18|0.24|0.17
0.84|-0.55|-0.47|0.65|-0.08|-0.26|-0.40|-0.13|-0.36|-0.28|-0.11|0.44|0.06|0.05|0.04|-0.23|-0.01|0.24|1.06|0.68|0.20|-0.67|-0.27|0.44|-0.13|-0.47|-0.19
-0.17|0.82|0.52|-0.35|0.24|0.17|0.30|0.03|-0.00|-0.28|-0.66|1.18|0.01|0.01|0.01|-0.68|0.11|-0.09|-0.64|-0.16|-0.30|0.16|0.36|-0.30|-0.98|0.54|1.58
0.24|-0.11|-0.37|-0.18|0.98|0.49|-0.40|-0.13|0.13|-0.50|0.60|0.23|-0.03|0.00|0.05|0.60|-0.55|0.61|-0.04|-0.30|-0.28|0.62|-0.10|-1.36|1.39|0.12|-0.23
------ Dim separator ------
0.86|0.12|0.63|0.44|0.27|-0.16|0.66|0.45|0.05|-0.09|-0.52|-0.46|-0.04|-0.04|-0.05|0.60|0.11|0.27|-0.78|-0.29|0.93|0.22|-0.66|-0.04|0.58|-0.09|0.65
0.67|-0.57|0.13|-0.37|-0.18|-0.83|0.17|-0.11|-0.37|-0.27|-0.36|0.19|-0.01|-0.03|0.02|-0.18|-0.54|0.73|-0.48|-0.79|0.33|0.08|-0.75|-0.05|-0.19|0.18|0.84
0.20|-0.57|-0.38|0.93|-0.02|0.26|0.48|-0.45|-0.22|-0.18|0.48|-1.21|1.02|0.00|-0.01|0.00|0.00|0.02|0.99|-0.10|0.01|-0.31|1.03|0.07|-0.33|0.67|0.04
0.14|0.24|0.61|0.36|1.16|0.06|0.46|0.45|-0.16|0.32|-0.20|0.57|1.00|0.01|-0.04|0.02|-0.02|-0.02|0.98|-0.29|0.17|-0.16|-0.22|0.05|-0.71|1.22|1.02
-0.25|0.06|1.26|0.57|0.94|-0.60|-0.28|-0.09|-0.34|-0.18|-0.12|-0.53|-0.02|0.01|0.01|-0.49|0.08|-0.39|-0.39|-1.76|-0.28|-0.19|0.47|0.51|0.11|0.18|-0.50
------ Dim separator ------
0.43|-0.72|-0.79|0.89|-0.14|-0.28|0.26|-0.63|-0.57|-0.18|0.54|0.31|-0.06|-0.02|0.00|0.21|-0.38|-0.51|-0.41|0.46|-0.23|0.23|0.30|-0.49|-1.07|-0.14|-0.52
0.31|-0.25|-0.28|-0.55|-0.19|-0.77|0.39|-0.01|0.43|-0.35|0.39|-0.56|-0.02|-0.04|0.01|0.88|0.49|0.31|-0.45|-0.18|0.13|-0.37|-0.19|0.26|-0.01|-0.56|-0.93
0.09|0.31|0.84|0.65|0.34|0.46|-0.05|0.16|-0.43|-0.25|-0.09|0.01|-0.03|-0.01|0.03|0.29|-0.24|0.74|0.03|-0.34|0.82|-0.39|0.78|0.76|0.02|-0.37|0.19
-1.26|0.80|0.62|0.11|-0.54|1.21|0.64|0.21|0.46|0.16|-0.54|0.27|-0.05|-0.04|0.02|0.35|-0.75|-0.10|-0.38|-0.83|-0.99|-0.43|0.69|-0.01|0.83|-0.28|-0.16
0.19|-0.44|0.44|-0.81|0.93|0.37|-0.15|-1.18|-0.13|0.87|0.22|-0.56|-0.01|0.04|-0.06|-0.25|-0.49|0.60|-0.35|0.05|0.58|0.52|-0.78|0.42|0.16|0.95|0.58
------ Dim separator ------
0.40|-0.34|-0.48|-1.41|0.92|0.19|0.35|-0.08|0.07|0.38|-0.29|0.40|-0.05|-0.02|-0.08|-0.31|-0.24|-0.45|-1.42|0.51|-0.05|-0.18|0.72|-0.63|0.33|0.56|-0.19
-0.25|-0.11|-0.42|0.35|-0.18|-0.78|-0.09|-0.15|-0.24|0.31|0.07|-0.23|0.01|-0.00|-0.03|-0.05|0.47|0.27|-0.12|-0.45|0.52|-0.14|0.39|0.20|-0.05|0.94|0.23
0.25|-0.02|-0.13|0.74|0.46|0.14|0.27|0.21|-0.06|-0.13|0.16|0.23|1.00|-0.04|-0.04|0.02|0.03|-0.01|1.00|0.50|-0.77|0.33|0.33|0.82|0.28|-0.19|-0.21
1.12|0.21|-0.28|-0.19|0.54|-0.16|0.54|-0.56|0.36|-0.28|-0.42|0.32|0.06|0.04|-0.05|0.92|0.02|-0.06|0.76|-0.10|-0.04|-0.57|-0.18|-0.32|-0.26|0.15|-0.41
1.33|-0.44|-1.29|-0.78|-0.12|0.46|-0.19|0.53|0.13|-0.56|0.90|0.09|0.01|0.01|0.00|0.55|-0.44|-0.42|-1.48|0.16|0.29|-0.94|0.23|0.14|1.33|-0.31|0.37
------ Dim separator ------
-0.24|1.03|0.27|0.46|0.09|-1.18|0.80|0.51|-0.39|-0.57|0.32|0.06|-0.02|0.00|0.01|-0.11|0.06|-0.09|-0.30|-0.57|0.03|0.10|-0.25|-1.23|0.76|-0.46|0.32
-0.58|-0.24|-1.26|-0.22|0.28|0.16|0.80|0.08|0.23|0.75|-0.68|-0.83|-0.01|0.04|0.02|0.32|0.05|0.64|0.00|-0.35|-0.70|-0.46|-0.57|-0.75|-0.41|-0.15|0.00
0.60|0.07|-0.06|0.76|-0.56|0.07|-0.25|-0.26|-0.58|-0.14|1.27|0.32|0.97|0.02|0.07|-0.01|0.00|0.02|0.99|0.01|-0.15|0.53|0.95|-0.12|1.08|0.00|-0.02
0.25|0.52|0.39|0.05|0.30|-0.11|-0.56|-0.18|-1.26|0.33|-0.18|0.02|0.95|0.01|-0.04|-0.00|-0.00|0.00|1.03|0.29|0.19|-0.21|-0.00|1.00|-1.18|0.27|1.42
0.91|0.43|0.33|-0.59|0.03|-0.27|0.06|-1.18|0.04|-0.59|-0.69|0.77|0.02|0.03|0.08|-0.79|-0.71|-0.50|0.03|-0.48|0.44|0.33|-0.60|-0.09|0.54|0.35|-0.46
