------ Dim separator ------
0.41|0.07|0.16|-0.25|-0.11|-0.15|-0.62|-0.21|-0.31|-0.31|-0.09|0.14|-0.01|-0.05|0.02|0.38|-0.21|0.33|-0.26|0.51|-0.74|0.13|-0.07|0.67|0.82|0.10|-0.89
0.21|0.48|-0.04|0.15|-0.04|-0.04|0.15|-0.31|0.29|-0.46|-0.80|-0.86|-0.03|-0.03|-0.05|0.18|-0.46|0.78|0.56|0.31|0.68|-0.45|-0.12|0.47|0.41|0.28|-0.15
0.79|-0.53|-0.28|0.70|0.03|-0.16|-0.19|0.06|0.14|-0.01|0.06|0.11|0.39|-0.03|0.00|-0.13|-0.16|-0.07|0.84|0.65|0.01|-0.65|0.02|0.36|-0.25|-0.78|-0.06
-0.09|0.76|0.58|-0.11|0.36|0.27|0.25|-0.04|-0.08|-0.31|-0.25|0.86|-0.01|-0.01|0.01|-0.58|0.14|0.07|-0.29|0.22|0.07|0.19|0.17|-0.38|-1.07|0.80|1.01
0.17|-0.12|-0.39|-0.21|0.79|0.32|-0.08|-0.33|0.26|-0.46|0.49|0.44|0.01|0.02|0.03|0.52|-0.07|0.39|-0.03|-0.17|-0.48|0.45|0.17|-0.77|0.78|0.49|-0.18
------ Dim separator ------
0.71|0.09|0.12|0.55|0.11|-0.16|0.41|0.61|0.15|-0.04|-0.19|-0.08|-0.07|0.00|0.06|0.76|0.32|0.21|-0.75|-0.17|0.87|-0.07|-0.39|-0.44|0.52|0.17|0.42
0.79|-0.42|0.26|-0.39|-0.05|-0.58|0.11|-0.27|-0.32|-0.08|-0.33|-0.19|-0.02|-0.01|-0.02|-0.05|-0.44|0.60|-0.27|-0.80|0.61|-0.00|-0.48|0.39|-0.30|0.09|0.55
0.33|-0.38|-0.36|0.69|-0.06|0.40|0.49|-0.19|-0.08|-0.58|0.64|-0.90|-0.08|0.03|0.02|0.20|-0.13|-0.25|0.69|0.01|0.05|-0.16|0.78|-0.35|0.04|0.90|0.02
0.69|0.35|0.36|-0.04|0.95|-0.20|0.67|0.56|-0.13|0.24|-0.41|0.44|0.35|-0.06|0.05|0.05|-0.02|-0.07|0.95|-0.25|-0.29|-0.09|-0.30|0.46|-0.36|1.00|0.73
-0.07|0.41|1.12|0.42|0.44|-0.80|-0.36|-0.13|-0.25|-0.29|0.17|-0.53|0.04|0.03|0.02|-0.24|-0.10|-0.09|-0.51|-1.27|-0.61|-0.04|0.38|0.07|-0.15|0.09|-0.44
------ Dim separator ------
0.31|-0.55|-0.77|0.76|0.01|0.09|0.04|-0.58|-0.57|0.01|0.36|0.03|-0.04|0.01|0.03|-0.04|-0.12|-0.55|-0.29|0.44|-0.09|0.19|0.20|-0.47|-1.19|-0.08|-0.25
0.44|-0.11|-0.30|-0.31|-0.26|-0.17|0.36|-0.04|0.57|0.04|0.37|-0.35|0.06|-0.01|-0.03|0.84|0.67|0.11|-0.31|-0.29|0.07|-0.08|0.02|0.12|0.28|-0.40|-0.64
-0.19|0.22|0.43|0.77|0.33|0.30|0.15|0.22|-0.07|-0.20|-0.05|0.10|-0.01|0.05|-0.03|0.52|-0.23|0.52|0.36|-0.36|0.98|-0.49|0.78|0.64|0.21|-0.27|0.38
-1.24|0.60|0.24|0.17|-0.45|0.61|0.46|0.06|0.20|0.40|-0.49|0.52|0.04|0.03|-0.00|0.26|-0.69|-0.36|-0.40|-0.75|-0.56|-0.23|-0.05|-0.01|0.51|-0.16|-0.13
0.23|-0.26|0.29|-1.05|0.94|0.32|-0.24|-0.94|0.02|0.94|0.24|-0.64|0.00|-0.05|0.02|-0.30|-0.93|0.20|-0.21|0.06|0.37|0.04|-0.73|0.31|0.18|0.79|0.27
------ Dim separator ------
0.12|-0.15|-0.37|-1.26|0.63|0.30|0.12|-0.11|-0.18|0.30|-0.21|0.20|0.03|0.02|0.06|-0.27|-0.31|-0.73|-1.18|0.33|-0.22|-0.11|0.95|-0.87|0.11|0.55|0.10
-0.10|0.32|-0.10|0.45|-0.45|-0.50|0.10|0.07|-0.50|0.25|-0.28|-0.10|-0.03|0.01|-0.04|-0.15|0.23|0.23|-0.13|-0.22|0.41|-0.02|0.32|0.07|0.01|1.15|0.08
0.61|0.04|-0.23|0.87|0.51|-0.14|0.38|0.33|-0.06|-0.24|0.11|0.06|0.28|0.06|0.02|0.06|0.09|0.07|0.94|0.67|-0.71|0.20|0.13|0.70|0.18|-0.42|-0.03
0.77|0.22|-0.12|-0.21|0.53|-0.19|0.60|-0.40|0.14|-0.42|-0.24|0.04|-0.01|-0.01|0.04|0.80|-0.13|0.17|0.53|-0.09|-0.02|-0.19|-0.34|-0.42|-0.06|-0.21|-0.25
1.12|-0.17|-1.03|-1.05|-0.06|0.72|-0.48|0.54|0.07|-0.60|0.91|0.32|0.01|-0.05|0.01|0.57|-0.06|-0.14|-1.04|0.25|0.36|-0.63|0.05|0.21|1.19|-0.10|0.28
------ Dim separator ------
-0.62|0.71|0.20|0.29|0.32|-1.06|0.81|0.48|-0.29|-0.28|0.46|-0.09|0.00|0.02|-0.04|-0.42|0.25|0.02|-0.38|-0.57|-0.25|-0.35|-0.04|-1.09|0.60|-0.16|0.20
-0.67|-0.15|-1.04|0.14|0.08|-0.18|0.64|0.03|0.12|0.52|-0.70|-0.57|-0.04|0.05|0.01|-0.07|0.45|0.41|-0.00|-0.28|-0.67|-0.35|-0.60|-0.35|-0.17|0.19|-0.04
0.38|0.10|-0.16|0.69|-0.24|-0.03|-0.20|-0.26|-0.54|-0.10|0.94|0.06|0.37|-0.03|-0.02|0.00|0.20|0.01|0.71|-0.03|-0.41|0.23|0.77|0.03|1.13|-0.04|0.21
0.88|0.55|0.01|0.33|-0.05|0.14|-0.56|-0.16|-0.79|0.37|-0.12|-0.00|0.63|-0.02|0.02|-0.01|0.01|-0.01|0.98|0.38|0.14|-0.15|-0.12|0.58|-1.28|0.18|1.17
0.71|0.17|0.34|-0.36|-0.17|-0.43|0.35|-0.68|0.33|-0.37|-0.71|0.79|0.01|0.01|0.02|-0.75|-0.71|-0.67|-0.18|-0.00|0.24|0.10|-0.65|-0.22|0.53|0.19|-0.54
