------ Dim separator ------
0.26|-0.18|0.18|-0.37|-0.16|-0.15|-0.57|-0.14|-0.47|-0.26|-0.18|0.03|0.07|-0.05|-0.01|0.25|-0.25|0.58|-0.30|0.54|-0.91|0.30|0.08|0.61|0.95|0.12|-0.88
0.11|0.50|0.01|0.10|-0.17|-0.04|0.20|-0.42|0.23|-0.59|-0.80|-0.92|-0.05|0.03|-0.02|0.11|-0.47|0.95|0.52|0.43|0.70|-0.48|0.06|0.38|0.42|0.15|-0.20
0.83|-0.66|-0.34|0.65|0.00|-0.24|-0.21|0.08|-0.01|-0.06|0.04|0.24|0.05|-0.04|0.01|-0.36|-0.17|-0.05|0.85|0.79|0.05|-0.59|-0.00|0.43|-0.21|-0.78|-0.31
-0.11|0.77|0.72|-0.15|0.36|0.07|0.27|-0.21|-0.11|-0.37|-0.35|1.00|-0.02|0.02|0.04|-0.43|0.21|0.01|-0.39|0.11|-0.03|0.14|0.18|-0.25|-0.93|0.58|1.31
0.28|-0.26|-0.46|-0.17|0.70|0.30|-0.06|-0.23|0.11|-0.56|0.43|0.41|-0.03|-0.06|-0.04|0.60|-0.15|0.47|-0.11|-0.16|-0.42|0.44|-0.03|-0.96|0.93|0.33|-0.25
------ Dim separator ------
0.71|0.09|0.27|0.41|0.06|-0.14|0.51|0.56|0.05|-0.13|-0.34|-0.08|-0.08|0.01|0.05|0.71|0.27|0.21|-0.75|-0.18|1.04|-0.16|-0.52|-0.43|0.50|0.07|0.31
0.89|-0.48|0.25|-0.39|0.06|-0.60|0.20|-0.15|-0.29|-0.19|-0.22|-0.14|-0.00|0.05|0.01|0.07|-0.37|0.58|-0.34|-0.89|0.63|0.01|-0.48|0.22|-0.27|0.19|0.65
0.29|-0.41|-0.36|0.78|0.05|0.33|0.57|-0.25|-0.07|-0.44|0.58|-0.93|0.04|-0.02|0.01|0.23|-0.13|-0.07|0.82|0.01|-0.05|-0.20|0.71|-0.37|-0.13|0.82|0.03
0.63|0.39|0.38|-0.02|1.04|-0.17|0.64|0.58|-0.16|0.27|-0.43|0.52|0.06|0.06|0.05|-0.01|0.05|-0.15|1.01|-0.40|-0.21|-0.11|-0.35|0.45|-0.47|0.95|0.77
-0.18|0.35|1.11|0.44|0.38|-0.85|-0.29|-0.17|-0.37|-0.21|0.29|-0.38|-0.04|0.03|-0.00|-0.22|-0.11|-0.02|-0.32|-1.16|-0.52|0.04|0.39|0.14|-0.11|0.10|-0.40
------ Dim separator ------
0.26|-0.49|-0.69|0.85|0.03|0.04|0.01|-0.65|-0.69|-0.13|0.30|0.18|0.01|-0.02|0.02|0.01|-0.29|-0.48|-0.38|0.52|-0.06|0.22|0.13|-0.45|-1.26|-0.09|-0.45
0.41|-0.05|-0.28|-0.42|-0.19|-0.21|0.46|0.01|0.53|-0.10|0.41|-0.49|0.03|-0.02|0.07|0.84|0.66|0.18|-0.28|-0.23|0.04|-0.03|0.01|0.17|0.16|-0.49|-0.75
-0.06|0.20|0.47|0.82|0.29|0.41|0.01|0.30|-0.10|-0.15|0.00|0.11|0.02|-0.00|-0.08|0.36|-0.36|0.63|0.32|-0.48|0.91|-0.47|0.81|0.69|0.19|-0.43|0.24
-1.28|0.56|0.22|0.08|-0.46|0.72|0.55|0.07|0.25|0.41|-0.43|0.31|0.02|0.03|0.00|0.20|-0.72|-0.33|-0.58|-0.85|-0.77|-0.20|-0.02|0.23|0.44|-0.11|-0.29
0.28|-0.30|0.41|-0.95|1.02|0.44|-0.13|-0.99|-0.05|0.95|0.13|-0.84|0.01|-0.02|-0.05|-0.26|-0.85|0.22|-0.20|-0.01|0.46|0.27|-0.64|0.25|0.07|0.84|0.29
------ Dim separator ------
0.36|-0.23|-0.34|-1.38|0.77|0.28|0.24|-0.14|-0.16|0.35|-0.14|0.22|0.04|0.09|-0.01|-0.39|-0.31|-0.67|-1.18|0.34|-0.29|-0.09|1.05|-0.67|0.35|0.46|-0.02
-0.10|0.19|-0.26|0.50|-0.50|-0.52|0.00|-0.05|-0.52|0.25|-0.32|-0.12|-0.08|0.02|-0.01|-0.07|0.30|0.28|-0.08|-0.23|0.39|-0.06|0.30|0.06|0.00|1.13|0.17
0.48|0.11|-0.34|0.92|0.51|0.08|0.24|0.19|0.07|-0.24|0.10|0.03|0.10|0.01|-0.03|0.00|0.10|0.03|0.88|0.52|-0.61|0.15|0.18|0.65|0.17|-0.34|-0.16
0.93|0.18|-0.04|-0.24|0.37|-0.13|0.56|-0.26|0.18|-0.33|-0.15|0.04|-0.06|-0.01|0.01|0.84|-0.17|0.04|0.58|-0.12|0.00|-0.10|-0.31|-0.34|-0.23|-0.10|-0.34
1.11|-0.16|-0.94|-1.09|-0.03|0.70|-0.34|0.46|-0.07|-0.59|0.99|0.25|-0.02|-0.03|-0.04|0.62|-0.07|-0.05|-0.97|0.20|0.45|-0.82|0.18|0.26|1.20|-0.20|0.22
------ Dim separator ------
-0.68|0.76|0.15|0.37|0.28|-0.91|0.81|0.60|-0.40|-0.32|0.53|0.03|-0.04|0.00|-0.05|-0.32|0.12|-0.09|-0.37|-0.50|-0.21|-0.18|-0.03|-1.14|0.68|-0.30|0.20
-0.65|-0.29|-1.00|0.13|0.22|-0.21|0.73|0.10|0.13|0.42|-0.70|-0.68|0.10|-0.05|-0.01|-0.03|0.39|0.43|-0.12|-0.24|-0.65|-0.45|-0.69|-0.49|-0.27|0.22|0.06
0.46|-0.00|-0.16|0.72|-0.42|-0.17|-0.05|-0.28|-0.53|-0.21|1.02|0.06|0.27|-0.01|-0.06|-0.07|0.22|0.09|0.68|0.01|-0.41|0.39|0.67|-0.04|1.14|-0.13|0.18
0.67|0.53|-0.04|0.29|-0.06|0.05|-0.54|-0.16|-0.90|0.31|-0.13|0.03|0.27|-0.01|-0.05|0.09|-0.01|0.09|0.90|0.33|0.25|-0.24|-0.06|0.72|-1.23|0.18|1.17
0.75|0.24|0.36|-0.43|-0.20|-0.29|0.25|-0.90|0.29|-0.25|-0.70|0.77|0.03|-0.11|-0.03|-0.88|-0.68|-0.60|-0.16|-0.10|0.30|0.12|-0.62|-0.17|0.38|0.26|-0.58
