------ Dim separator ------
0.48|-0.08|0.01|-0.34|-0.16|-0.17|-0.70|-0.11|-0.27|-0.27|-0.10|0.09|-0.06|0.03|-0.04|0.38|-0.34|0.20|-0.35|0.60|-0.79|0.10|-0.11|0.50|0.82|0.17|-0.92
0.04|0.51|-0.24|0.25|-0.06|-0.03|0.01|-0.30|0.25|-0.43|-0.84|-0.95|0.03|0.03|0.02|0.09|-0.40|0.66|0.60|0.40|0.72|-0.57|-0.14|0.50|0.33|0.42|-0.09
0.75|-0.46|-0.26|0.74|-0.14|-0.09|-0.30|0.07|0.01|-0.19|-0.03|0.14|0.73|0.00|0.03|0.02|0.00|0.02|0.99|0.63|0.06|-0.68|-0.17|0.36|-0.11|-0.71|-0.06
0.08|0.79|0.41|-0.06|0.28|0.39|0.33|0.02|-0.06|-0.38|-0.46|0.86|0.06|0.00|0.05|-0.68|0.12|0.09|-0.42|0.20|-0.02|0.24|0.21|-0.33|-1.08|0.79|1.09
0.19|-0.07|-0.41|-0.17|0.88|0.41|-0.10|-0.23|0.34|-0.35|0.50|0.28|0.05|0.03|-0.02|0.50|-0.07|0.36|-0.08|-0.26|-0.39|0.47|0.16|-0.85|1.09|0.43|-0.13
------ Dim separator ------
0.77|0.07|0.25|0.59|0.37|-0.01|0.48|0.53|0.07|0.11|-0.08|-0.17|0.07|-0.02|-0.02|0.71|0.24|0.18|-0.75|-0.10|0.78|0.09|-0.40|-0.38|0.55|0.09|0.43
0.73|-0.29|0.20|-0.51|-0.19|-0.61|-0.00|-0.36|-0.17|-0.13|-0.39|-0.08|0.08|-0.03|-0.05|-0.22|-0.44|0.59|-0.32|-0.81|0.49|0.06|-0.59|0.41|-0.37|0.17|0.52
0.20|-0.50|-0.29|0.74|-0.05|0.38|0.52|-0.16|-0.30|-0.65|0.60|-1.01|0.11|-0.01|-0.02|0.14|-0.25|-0.11|0.86|0.04|0.08|-0.09|0.95|-0.14|-0.08|0.81|0.03
0.68|0.39|0.43|0.07|0.90|-0.30|0.67|0.55|-0.08|0.28|-0.21|0.43|0.84|-0.06|-0.07|-0.02|-0.00|0.02|1.03|-0.20|-0.27|-0.08|-0.29|0.40|-0.44|1.12|0.71
-0.24|0.37|1.29|0.49|0.52|-0.70|-0.38|-0.10|-0.29|-0.31|0.19|-0.62|0.07|-0.16|-0.01|-0.37|-0.17|-0.05|-0.45|-1.47|-0.46|-0.11|0.37|0.08|-0.25|0.08|-0.32
------ Dim separator ------
0.36|-0.74|-0.77|0.78|-0.07|-0.07|0.16|-0.56|-0.59|0.08|0.51|0.12|0.01|0.07|-0.01|-0.07|-0.12|-0.52|-0.20|0.39|-0.19|0.13|0.33|-0.38|-1.17|-0.12|-0.27
0.36|-0.17|-0.24|-0.27|-0.14|-0.29|0.31|-0.12|0.58|-0.11|0.38|-0.46|-0.06|0.00|-0.19|0.85|0.65|0.11|-0.19|-0.50|0.04|-0.16|-0.02|0.20|0.28|-0.33|-0.64
-0.23|0.25|0.55|0.57|0.24|0.24|-0.01|0.19|-0.13|-0.18|-0.06|0.17|-0.02|-0.05|0.02|0.58|-0.28|0.60|0.30|-0.24|1.05|-0.38|0.80|0.60|0.28|-0.28|0.30
-1.36|0.69|0.37|0.25|-0.56|0.80|0.65|0.03|0.36|0.45|-0.55|0.50|0.05|0.04|-0.03|0.17|-0.54|-0.31|-0.36|-0.81|-0.64|-0.44|0.12|-0.13|0.61|-0.16|-0.15
0.09|-0.37|0.26|-1.10|1.00|0.38|-0.28|-0.92|0.02|0.84|0.26|-0.67|0.04|0.06|0.01|-0.38|-0.75|0.17|-0.18|0.07|0.48|0.24|-0.80|0.36|0.24|0.81|0.34
------ Dim separator ------
0.16|-0.13|-0.32|-1.23|0.77|0.36|0.22|-0.20|-0.15|0.22|-0.38|0.20|0.02|-0.10|-0.05|-0.25|-0.36|-0.79|-1.28|0.27|-0.13|-0.11|0.92|-0.79|0.07|0.57|-0.01
-0.16|0.21|-0.16|0.45|-0.40|-0.53|0.01|0.09|-0.29|0.27|-0.18|-0.11|0.11|0.03|0.08|-0.16|0.19|0.18|-0.20|-0.24|0.51|-0.10|0.49|0.11|-0.02|1.00|-0.01
0.57|0.13|-0.19|0.77|0.40|-0.05|0.39|0.37|-0.12|-0.18|0.23|0.15|0.84|-0.04|0.00|-0.03|-0.02|-0.00|1.02|0.76|-0.73|0.19|0.18|0.72|0.26|-0.40|-0.10
0.89|0.01|-0.17|-0.18|0.62|-0.12|0.70|-0.48|0.10|-0.36|-0.27|0.12|0.04|0.02|0.02|0.63|0.03|0.23|0.51|-0.01|-0.03|-0.33|-0.31|-0.36|-0.01|-0.00|-0.30
1.17|-0.26|-1.05|-1.07|-0.04|0.73|-0.48|0.68|0.18|-0.53|1.04|0.35|-0.10|0.03|-0.00|0.71|-0.21|-0.43|-1.14|0.13|0.43|-0.74|0.15|0.04|1.25|0.05|0.32
------ Dim separator ------
-0.53|1.01|0.27|0.19|0.16|-1.15|0.81|0.49|-0.29|-0.44|0.56|-0.05|0.01|0.07|0.06|-0.29|0.30|0.12|-0.34|-0.61|-0.21|-0.38|0.04|-1.06|0.68|-0.16|0.13
-0.70|-0.13|-1.14|0.07|0.10|0.04|0.74|0.12|0.27|0.49|-0.60|-0.44|-0.15|-0.07|0.02|-0.02|0.31|0.63|0.11|-0.32|-0.73|-0.33|-0.69|-0.50|-0.19|0.12|0.02
0.46|0.17|-0.13|0.69|-0.32|0.07|-0.25|-0.18|-0.58|-0.14|1.20|0.16|0.82|-0.01|-0.01|0.02|0.04|-0.03|0.97|0.07|-0.42|0.39|0.89|-0.08|1.22|0.01|0.16
0.77|0.57|0.15|0.18|-0.16|0.04|-0.47|-0.12|-0.87|0.32|-0.14|-0.06|0.53|0.05|0.08|0.02|0.03|-0.06|1.14|0.26|0.18|-0.17|-0.10|0.63|-1.34|0.21|1.21
0.66|0.23|0.48|-0.35|-0.08|-0.45|0.33|-0.72|0.20|-0.49|-0.64|0.75|-0.06|0.13|0.05|-0.68|-0.62|-0.79|-0.13|-0.12|0.20|0.21|-0.70|-0.21|0.57|0.22|-0.51
