------ Dim separator ------
0.34|-0.43|0.15|-0.51|-0.11|-0.06|-0.51|-0.09|-0.41|-0.54|-0.07|0.03|0.01|0.02|0.02|0.19|-0.37|0.43|-0.27|0.40|-0.81|0.09|-0.07|0.59|0.91|-0.04|-0.68
-0.01|0.50|-0.02|0.28|-0.16|-0.15|0.20|-0.47|0.07|-0.82|-0.72|-0.96|0.03|-0.01|0.09|0.21|-0.53|1.01|0.45|0.45|0.72|-0.62|0.19|0.21|0.41|0.11|-0.14
0.84|-0.46|-0.41|0.66|-0.17|-0.48|-0.27|0.27|-0.05|0.01|-0.02|0.28|0.01|0.06|-0.10|-0.15|0.15|-0.16|0.94|0.86|0.04|-0.57|0.07|0.35|-0.05|-0.82|-0.31
-0.03|0.67|0.87|-0.13|0.57|0.11|0.00|-0.31|0.12|-0.41|-0.32|1.06|-0.04|-0.01|-0.09|-0.61|0.16|-0.04|-0.25|0.09|0.05|-0.11|0.00|-0.17|-0.83|0.53|1.24
0.27|-0.42|-0.30|-0.05|0.67|0.41|-0.12|-0.32|0.33|-0.61|0.46|0.54|0.02|0.03|-0.02|0.64|-0.07|0.47|-0.31|-0.04|-0.53|0.41|0.17|-0.91|0.92|0.39|-0.28
------ Dim separator ------
0.83|0.03|0.27|0.39|0.09|-0.07|0.47|0.62|0.07|-0.16|-0.38|-0.01|0.10|0.04|-0.05|0.80|0.44|0.42|-0.73|-0.24|1.11|-0.24|-0.68|-0.30|0.74|-0.23|0.12
0.90|-0.28|0.34|-0.30|0.16|-0.73|0.10|0.05|-0.23|-0.15|-0.31|-0.35|-0.02|-0.00|0.00|0.21|-0.44|0.39|-0.18|-0.91|0.56|0.09|-0.25|0.25|-0.39|0.35|0.59
0.10|-0.42|-0.39|0.63|0.18|0.43|0.81|-0.19|-0.12|-0.74|0.75|-1.06|-0.04|0.01|0.02|0.18|-0.26|0.22|0.91|0.31|-0.16|-0.10|0.61|-0.39|0.08|0.97|0.04
0.71|0.21|0.46|-0.11|0.82|-0.16|0.61|0.28|-0.38|0.29|-0.33|0.57|0.00|0.06|-0.02|-0.15|0.01|0.06|0.82|-0.52|-0.37|-0.18|-0.37|0.44|-0.47|0.87|0.52
-0.14|0.46|0.98|0.34|0.25|-0.92|-0.48|-0.02|-0.44|-0.19|0.36|-0.29|-0.07|0.08|-0.06|-0.17|-0.31|0.03|-0.24|-1.19|-0.68|-0.10|0.30|-0.03|-0.23|-0.07|-0.41
------ Dim separator ------
0.31|-0.40|-0.49|0.97|0.06|-0.03|0.02|-0.47|-0.80|-0.24|0.33|0.19|0.06|-0.08|-0.01|-0.21|-0.01|-0.47|-0.46|0.36|-0.06|-0.02|0.26|-0.06|-1.37|-0.04|-0.49
0.27|0.01|-0.28|-0.57|-0.35|-0.30|0.21|-0.04|0.49|-0.12|0.33|-0.45|-0.02|0.03|0.15|0.82|0.66|0.07|-0.05|-0.33|0.11|-0.04|0.05|0.44|0.12|-0.55|-0.66
0.02|0.27|0.39|0.83|0.25|0.29|0.02|0.04|-0.15|-0.02|0.03|0.23|0.02|0.01|0.07|0.17|-0.42|0.52|0.18|-0.46|1.00|-0.36|0.65|0.80|0.30|-0.46|0.17
-1.37|0.67|0.16|0.05|-0.36|0.77|0.51|0.03|0.23|0.49|-0.64|0.38|-0.07|-0.05|0.04|0.21|-0.54|-0.40|-0.56|-0.83|-0.58|-0.20|0.01|0.49|0.43|-0.11|-0.07
0.27|-0.46|0.43|-1.23|1.45|0.38|0.05|-1.09|-0.01|0.80|0.19|-0.98|-0.04|-0.05|0.05|-0.31|-0.92|0.16|-0.38|-0.14|0.48|0.26|-0.70|0.32|0.04|0.87|0.05
------ Dim separator ------
0.55|-0.40|-0.74|-1.26|0.71|0.34|0.19|-0.34|-0.39|0.17|-0.08|0.32|-0.05|0.02|0.05|-0.46|-0.54|-0.75|-1.21|0.13|-0.13|-0.18|1.15|-0.82|0.35|0.44|-0.03
-0.06|0.21|-0.23|0.58|-0.48|-0.23|-0.15|-0.22|-0.46|0.18|-0.45|-0.24|-0.02|-0.04|0.00|0.10|0.22|0.13|-0.00|-0.27|0.24|-0.15|0.35|0.23|-0.12|1.17|-0.12
0.46|0.13|-0.38|1.00|0.33|0.08|0.39|0.27|0.34|-0.41|0.22|-0.06|0.02|-0.01|0.03|0.37|0.10|0.02|0.95|0.51|-0.58|0.29|0.17|0.78|0.29|-0.46|-0.29
0.79|-0.09|0.29|-0.37|0.45|-0.27|0.76|-0.26|0.27|-0.21|-0.23|0.08|-0.03|-0.06|-0.02|0.79|-0.22|0.18|0.48|-0.01|0.20|-0.15|-0.32|-0.19|0.17|-0.12|-0.31
1.11|-0.13|-0.81|-1.22|0.14|0.70|-0.31|0.43|-0.07|-0.83|0.94|0.20|0.09|0.03|0.03|0.68|0.04|-0.14|-0.91|0.19|0.56|-0.82|0.28|0.34|1.20|-0.06|0.39
------ Dim separator ------
-0.40|0.96|0.35|0.49|0.49|-1.06|0.65|0.74|-0.45|-0.31|0.56|0.10|0.07|-0.10|0.08|-0.02|0.27|0.10|-0.38|-0.47|-0.12|-0.38|0.08|-1.18|0.83|-0.26|0.19
-0.74|-0.23|-0.87|0.20|0.08|-0.11|0.63|0.29|0.07|0.44|-0.88|-0.76|0.11|0.04|-0.02|-0.01|0.48|0.47|0.10|-0.13|-0.66|-0.50|-0.69|-0.55|-0.15|0.40|0.26
0.60|-0.01|-0.04|0.78|-0.36|-0.21|-0.09|-0.35|-0.58|-0.16|0.78|0.07|0.92|0.05|0.00|-0.01|0.98|0.01|0.06|0.14|-0.51|0.17|0.53|-0.02|1.10|-0.23|0.44
0.69|0.50|-0.12|0.31|-0.29|-0.02|-0.35|-0.31|-0.83|0.36|-0.15|0.16|0.08|-0.01|-0.04|0.30|0.14|0.08|0.95|0.24|0.41|-0.34|-0.11|0.68|-1.14|0.08|1.17
0.67|0.41|0.27|-0.31|-0.11|-0.23|0.34|-0.77|0.16|-0.23|-0.66|0.86|0.01|-0.05|-0.12|-0.82|-0.79|-0.56|-0.23|-0.16|0.22|0.25|-0.59|-0.17|0.42|0.43|-0.62
