------ Dim separator ------
0.41|0.09|0.20|-0.26|-0.13|-0.15|-0.65|-0.23|-0.29|-0.33|-0.08|0.11|-0.02|-0.05|0.01|0.39|-0.23|0.35|-0.28|0.49|-0.76|0.13|-0.09|0.74|0.82|0.10|-0.88
0.23|0.51|-0.06|0.14|-0.05|-0.05|0.19|-0.29|0.29|-0.51|-0.85|-0.84|-0.03|-0.05|-0.04|0.18|-0.47|0.80|0.55|0.29|0.69|-0.45|-0.12|0.50|0.41|0.27|-0.16
0.81|-0.52|-0.27|0.71|0.04|-0.16|-0.17|0.11|0.18|0.01|0.06|0.10|0.34|-0.03|0.01|-0.17|-0.20|-0.11|0.84|0.67|0.02|-0.65|0.03|0.37|-0.27|-0.84|-0.05
-0.12|0.73|0.63|-0.12|0.38|0.27|0.27|-0.05|-0.08|-0.31|-0.24|0.88|-0.02|-0.01|-0.00|-0.58|0.11|0.05|-0.28|0.23|0.07|0.21|0.15|-0.39|-1.08|0.82|1.03
0.18|-0.12|-0.36|-0.22|0.77|0.32|-0.05|-0.32|0.25|-0.49|0.48|0.47|-0.01|0.02|0.03|0.51|-0.07|0.39|-0.03|-0.17|-0.53|0.44|0.19|-0.79|0.73|0.48|-0.19
------ Dim separator ------
0.73|0.11|0.11|0.58|0.10|-0.19|0.40|0.60|0.15|-0.09|-0.20|-0.05|-0.06|0.00|0.07|0.80|0.36|0.23|-0.76|-0.16|0.87|-0.11|-0.40|-0.45|0.53|0.17|0.40
0.81|-0.39|0.24|-0.37|-0.04|-0.60|0.14|-0.24|-0.33|-0.05|-0.31|-0.20|-0.05|-0.00|-0.01|-0.02|-0.46|0.61|-0.24|-0.80|0.64|0.01|-0.46|0.38|-0.31|0.09|0.55
0.36|-0.36|-0.37|0.69|-0.04|0.41|0.48|-0.17|-0.08|-0.60|0.66|-0.91|-0.10|0.03|0.02|0.17|-0.11|-0.26|0.65|0.04|0.04|-0.17|0.79|-0.36|0.06|0.92|0.03
0.71|0.34|0.36|-0.06|0.96|-0.17|0.65|0.55|-0.14|0.22|-0.42|0.43|0.27|-0.05|0.05|0.05|-0.02|-0.07|0.91|-0.27|-0.32|-0.08|-0.34|0.50|-0.40|0.99|0.75
-0.05|0.42|1.13|0.41|0.44|-0.83|-0.37|-0.14|-0.24|-0.29|0.18|-0.50|0.02|0.04|0.02|-0.22|-0.11|-0.08|-0.49|-1.28|-0.68|-0.03|0.36|0.03|-0.14|0.09|-0.45
------ Dim separator ------
0.33|-0.57|-0.80|0.76|0.02|0.11|0.01|-0.59|-0.59|0.05|0.36|-0.02|-0.03|0.01|0.02|-0.07|-0.12|-0.57|-0.33|0.47|-0.08|0.19|0.18|-0.47|-1.23|-0.05|-0.27
0.46|-0.09|-0.30|-0.33|-0.28|-0.16|0.39|-0.06|0.60|0.03|0.38|-0.35|0.07|0.02|-0.01|0.85|0.66|0.12|-0.31|-0.28|0.04|-0.07|0.00|0.12|0.30|-0.43|-0.64
-0.21|0.23|0.44|0.82|0.33|0.31|0.17|0.22|-0.06|-0.22|-0.08|0.07|-0.00|0.06|-0.02|0.52|-0.24|0.53|0.37|-0.40|1.00|-0.50|0.84|0.67|0.22|-0.29|0.38
-1.27|0.61|0.20|0.18|-0.43|0.60|0.46|0.09|0.17|0.40|-0.50|0.52|0.03|0.03|-0.01|0.25|-0.70|-0.35|-0.39|-0.75|-0.57|-0.22|-0.08|-0.01|0.52|-0.17|-0.14
0.27|-0.25|0.30|-1.06|0.95|0.30|-0.23|-0.98|0.03|0.93|0.25|-0.66|0.00|-0.06|0.03|-0.30|-0.95|0.18|-0.22|0.07|0.37|0.02|-0.74|0.31|0.14|0.81|0.26
------ Dim separator ------
0.12|-0.14|-0.38|-1.27|0.61|0.31|0.09|-0.12|-0.17|0.29|-0.20|0.20|0.03|0.01|0.07|-0.28|-0.33|-0.72|-1.21|0.35|-0.23|-0.10|1.00|-0.89|0.12|0.54|0.10
-0.08|0.34|-0.10|0.48|-0.45|-0.50|0.11|0.04|-0.53|0.25|-0.28|-0.09|-0.04|0.01|-0.04|-0.15|0.23|0.21|-0.10|-0.19|0.41|-0.02|0.27|0.06|0.00|1.20|0.09
0.63|0.04|-0.24|0.85|0.50|-0.15|0.39|0.35|-0.05|-0.24|0.09|0.07|0.21|0.06|0.03|0.08|0.11|0.09|0.92|0.67|-0.76|0.23|0.12|0.73|0.20|-0.42|-0.02
0.78|0.23|-0.08|-0.20|0.51|-0.20|0.62|-0.38|0.15|-0.44|-0.26|0.03|-0.01|-0.00|0.03|0.83|-0.17|0.16|0.53|-0.13|-0.01|-0.18|-0.35|-0.44|-0.05|-0.24|-0.27
1.12|-0.14|-1.05|-1.10|-0.06|0.71|-0.50|0.54|0.08|-0.63|0.93|0.35|0.02|-0.04|0.01|0.58|-0.05|-0.12|-1.02|0.29|0.35|-0.64|0.04|0.23|1.20|-0.11|0.30
------ Dim separator ------
-0.63|0.72|0.19|0.33|0.36|-1.06|0.85|0.52|-0.33|-0.28|0.45|-0.09|0.01|0.03|-0.07|-0.44|0.24|0.03|-0.41|-0.57|-0.25|-0.38|-0.06|-1.11|0.62|-0.14|0.22
-0.69|-0.17|-1.03|0.14|0.08|-0.21|0.65|0.03|0.11|0.54|-0.72|-0.61|-0.02|0.06|0.00|-0.08|0.47|0.40|-0.01|-0.27|-0.69|-0.36|-0.61|-0.33|-0.15|0.20|-0.07
0.37|0.10|-0.18|0.68|-0.22|-0.03|-0.19|-0.25|-0.53|-0.09|0.93|0.04|0.30|-0.04|-0.03|-0.02|0.21|0.02|0.67|-0.02|-0.42|0.24|0.79|0.04|1.12|-0.05|0.25
0.90|0.57|-0.02|0.34|-0.06|0.15|-0.55|-0.16|-0.76|0.36|-0.09|0.01|0.66|-0.03|0.02|-0.01|0.01|-0.01|0.98|0.40|0.14|-0.14|-0.14|0.57|-1.31|0.19|1.15
0.71|0.15|0.34|-0.34|-0.21|-0.43|0.37|-0.67|0.33|-0.36|-0.71|0.81|0.01|-0.02|0.03|-0.75|-0.76|-0.67|-0.20|0.01|0.25|0.11|-0.66|-0.22|0.54|0.16|-0.57
