------ Dim separator ------
0.51|-0.09|0.04|-0.35|-0.16|-0.15|-0.72|-0.12|-0.24|-0.28|-0.10|0.06|-0.05|0.03|-0.04|0.39|-0.36|0.21|-0.39|0.61|-0.81|0.10|-0.11|0.54|0.83|0.17|-0.91
0.03|0.53|-0.28|0.28|-0.06|-0.04|0.01|-0.28|0.23|-0.49|-0.89|-0.96|0.02|0.04|0.02|0.09|-0.41|0.66|0.59|0.42|0.76|-0.56|-0.14|0.52|0.33|0.41|-0.09
0.74|-0.42|-0.24|0.74|-0.16|-0.08|-0.29|0.12|0.02|-0.18|-0.03|0.14|0.80|0.01|0.02|0.00|0.00|0.00|0.99|0.64|0.07|-0.69|-0.17|0.40|-0.10|-0.76|-0.04
0.10|0.77|0.40|-0.08|0.29|0.42|0.35|-0.00|-0.06|-0.39|-0.45|0.87|0.05|-0.00|0.02|-0.68|0.10|0.06|-0.41|0.22|-0.01|0.24|0.19|-0.34|-1.08|0.83|1.13
0.18|-0.07|-0.40|-0.18|0.87|0.41|-0.08|-0.21|0.33|-0.36|0.52|0.31|0.04|0.02|-0.04|0.51|-0.06|0.36|-0.10|-0.27|-0.41|0.45|0.19|-0.87|1.08|0.41|-0.12
------ Dim separator ------
0.77|0.08|0.26|0.63|0.39|-0.02|0.50|0.52|0.07|0.11|-0.07|-0.16|0.07|-0.02|-0.03|0.72|0.24|0.19|-0.75|-0.10|0.77|0.09|-0.41|-0.38|0.58|0.08|0.43
0.76|-0.24|0.19|-0.52|-0.19|-0.64|0.01|-0.36|-0.15|-0.12|-0.37|-0.10|0.07|-0.02|-0.02|-0.21|-0.46|0.62|-0.30|-0.82|0.51|0.09|-0.59|0.42|-0.38|0.17|0.52
0.21|-0.50|-0.29|0.75|-0.02|0.39|0.51|-0.16|-0.32|-0.70|0.62|-1.03|0.09|-0.01|-0.02|0.11|-0.26|-0.11|0.86|0.06|0.07|-0.11|0.96|-0.13|-0.07|0.83|0.06
0.69|0.38|0.44|0.06|0.89|-0.31|0.66|0.56|-0.08|0.28|-0.21|0.40|0.87|-0.06|-0.06|-0.02|-0.00|0.02|1.01|-0.22|-0.31|-0.09|-0.31|0.42|-0.48|1.14|0.73
-0.23|0.39|1.32|0.48|0.54|-0.70|-0.39|-0.10|-0.29|-0.32|0.22|-0.62|0.07|-0.16|-0.01|-0.38|-0.20|-0.03|-0.43|-1.52|-0.49|-0.10|0.36|0.04|-0.26|0.07|-0.32
------ Dim separator ------
0.38|-0.76|-0.80|0.81|-0.06|-0.05|0.13|-0.57|-0.61|0.11|0.55|0.09|0.01|0.07|-0.01|-0.09|-0.11|-0.53|-0.20|0.41|-0.15|0.14|0.34|-0.35|-1.20|-0.11|-0.26
0.37|-0.17|-0.22|-0.29|-0.16|-0.28|0.33|-0.14|0.61|-0.12|0.38|-0.47|-0.05|0.00|-0.18|0.89|0.65|0.12|-0.18|-0.55|0.02|-0.18|-0.04|0.20|0.30|-0.37|-0.64
-0.26|0.26|0.58|0.58|0.22|0.23|-0.02|0.16|-0.14|-0.18|-0.09|0.15|-0.02|-0.05|0.01|0.60|-0.30|0.61|0.28|-0.22|1.06|-0.37|0.82|0.61|0.31|-0.29|0.27
-1.38|0.71|0.36|0.24|-0.55|0.81|0.67|0.04|0.36|0.48|-0.56|0.52|0.04|0.04|-0.03|0.14|-0.54|-0.29|-0.34|-0.82|-0.64|-0.45|0.11|-0.15|0.62|-0.18|-0.16
0.09|-0.40|0.27|-1.14|1.04|0.37|-0.28|-0.95|0.03|0.82|0.25|-0.66|0.04|0.05|0.02|-0.39|-0.75|0.14|-0.20|0.07|0.48|0.23|-0.81|0.37|0.22|0.82|0.33
------ Dim separator ------
0.16|-0.10|-0.33|-1.24|0.74|0.36|0.18|-0.21|-0.13|0.20|-0.38|0.19|0.02|-0.10|-0.05|-0.26|-0.36|-0.82|-1.32|0.29|-0.12|-0.11|0.95|-0.81|0.08|0.58|-0.02
-0.17|0.24|-0.16|0.46|-0.42|-0.52|0.00|0.09|-0.29|0.29|-0.18|-0.09|0.10|0.01|0.07|-0.14|0.20|0.16|-0.20|-0.23|0.53|-0.12|0.49|0.12|-0.02|1.01|-0.00
0.58|0.14|-0.19|0.78|0.38|-0.03|0.40|0.39|-0.13|-0.19|0.24|0.18|0.87|-0.04|0.02|-0.02|-0.02|0.01|1.01|0.80|-0.77|0.22|0.22|0.75|0.29|-0.41|-0.11
0.93|-0.02|-0.14|-0.17|0.61|-0.12|0.72|-0.48|0.12|-0.36|-0.29|0.13|0.04|0.02|0.01|0.65|0.02|0.22|0.51|-0.03|-0.05|-0.37|-0.33|-0.35|0.01|-0.00|-0.30
1.20|-0.25|-1.09|-1.11|-0.05|0.75|-0.50|0.72|0.20|-0.56|1.10|0.37|-0.09|0.03|-0.01|0.75|-0.22|-0.47|-1.14|0.15|0.46|-0.75|0.16|0.03|1.26|0.06|0.37
------ Dim separator ------
-0.53|1.05|0.27|0.21|0.17|-1.18|0.84|0.52|-0.32|-0.45|0.56|-0.05|0.00|0.06|0.04|-0.30|0.32|0.16|-0.33|-0.62|-0.21|-0.40|0.03|-1.08|0.71|-0.16|0.15
-0.74|-0.14|-1.17|0.06|0.10|0.03|0.79|0.13|0.31|0.50|-0.62|-0.47|-0.15|-0.06|0.00|-0.03|0.31|0.66|0.13|-0.31|-0.74|-0.33|-0.70|-0.49|-0.16|0.14|0.02
0.45|0.18|-0.16|0.69|-0.33|0.05|-0.25|-0.19|-0.58|-0.14|1.23|0.17|0.85|-0.01|-0.00|0.01|0.03|-0.02|0.97|0.09|-0.44|0.41|0.90|-0.07|1.22|0.01|0.19
0.79|0.60|0.15|0.16|-0.17|0.04|-0.45|-0.12|-0.86|0.31|-0.13|-0.06|0.49|0.03|0.09|0.05|0.02|-0.06|1.16|0.25|0.17|-0.18|-0.11|0.65|-1.37|0.22|1.23
0.66|0.22|0.49|-0.33|-0.07|-0.45|0.35|-0.71|0.17|-0.50|-0.64|0.80|-0.05|0.12|0.04|-0.66|-0.67|-0.81|-0.16|-0.11|0.20|0.25|-0.71|-0.20|0.59|0.20|-0.53
