------ Dim separator ------
0.26|-0.14|0.22|-0.38|-0.18|-0.14|-0.60|-0.13|-0.47|-0.29|-0.18|-0.01|0.07|-0.06|-0.02|0.26|-0.27|0.62|-0.31|0.53|-0.93|0.33|0.08|0.66|0.97|0.14|-0.90
0.10|0.52|-0.02|0.11|-0.18|-0.03|0.22|-0.42|0.22|-0.64|-0.86|-0.91|-0.05|0.01|-0.03|0.13|-0.47|0.97|0.53|0.42|0.73|-0.49|0.10|0.40|0.43|0.14|-0.22
0.85|-0.64|-0.34|0.66|0.02|-0.24|-0.19|0.12|0.02|-0.03|0.04|0.23|0.03|-0.07|0.03|-0.40|-0.22|-0.09|0.84|0.81|0.04|-0.60|0.01|0.44|-0.24|-0.82|-0.29
-0.13|0.76|0.76|-0.17|0.39|0.08|0.29|-0.24|-0.10|-0.39|-0.33|1.01|0.00|0.01|0.04|-0.41|0.20|0.01|-0.39|0.11|-0.03|0.14|0.17|-0.26|-0.96|0.60|1.33
0.28|-0.28|-0.46|-0.17|0.67|0.30|-0.05|-0.21|0.11|-0.59|0.42|0.42|-0.03|-0.05|-0.04|0.61|-0.15|0.48|-0.10|-0.16|-0.47|0.42|-0.02|-0.95|0.89|0.33|-0.27
------ Dim separator ------
0.72|0.10|0.26|0.46|0.06|-0.14|0.50|0.52|0.01|-0.16|-0.36|-0.05|-0.06|0.02|0.05|0.74|0.32|0.22|-0.77|-0.17|1.05|-0.21|-0.52|-0.43|0.52|0.05|0.27
0.92|-0.46|0.24|-0.39|0.09|-0.63|0.24|-0.13|-0.30|-0.17|-0.21|-0.16|-0.00|0.05|0.01|0.09|-0.39|0.60|-0.33|-0.90|0.67|0.04|-0.48|0.21|-0.29|0.21|0.66
0.31|-0.41|-0.36|0.76|0.07|0.35|0.56|-0.23|-0.06|-0.46|0.59|-0.94|0.01|-0.01|0.01|0.22|-0.12|-0.09|0.81|0.04|-0.06|-0.21|0.72|-0.37|-0.12|0.84|0.02
0.66|0.41|0.38|-0.04|1.07|-0.17|0.65|0.58|-0.17|0.25|-0.44|0.51|-0.01|0.06|0.06|-0.01|0.05|-0.16|0.98|-0.45|-0.26|-0.09|-0.40|0.48|-0.50|0.95|0.80
-0.15|0.35|1.15|0.43|0.38|-0.88|-0.32|-0.18|-0.36|-0.20|0.31|-0.37|-0.02|0.03|0.01|-0.21|-0.11|0.00|-0.32|-1.19|-0.55|0.06|0.37|0.11|-0.10|0.11|-0.41
------ Dim separator ------
0.27|-0.51|-0.73|0.85|0.05|0.06|-0.02|-0.67|-0.73|-0.10|0.31|0.15|0.02|-0.00|0.02|-0.01|-0.29|-0.50|-0.41|0.54|-0.05|0.22|0.12|-0.46|-1.30|-0.06|-0.45
0.42|-0.02|-0.28|-0.44|-0.21|-0.19|0.45|-0.01|0.57|-0.10|0.43|-0.52|0.03|-0.02|0.05|0.87|0.67|0.21|-0.27|-0.22|0.03|-0.03|-0.02|0.18|0.17|-0.51|-0.75
-0.07|0.20|0.46|0.85|0.28|0.41|0.01|0.31|-0.09|-0.17|-0.02|0.09|0.02|-0.01|-0.08|0.36|-0.38|0.66|0.34|-0.53|0.94|-0.48|0.87|0.71|0.20|-0.45|0.25
-1.32|0.57|0.20|0.08|-0.47|0.72|0.56|0.09|0.22|0.40|-0.44|0.31|0.03|0.04|-0.01|0.19|-0.72|-0.32|-0.60|-0.89|-0.78|-0.19|-0.07|0.24|0.43|-0.11|-0.33
0.29|-0.31|0.43|-0.97|1.03|0.43|-0.12|-1.02|-0.04|0.94|0.13|-0.87|0.02|-0.01|-0.04|-0.24|-0.85|0.20|-0.21|0.02|0.45|0.26|-0.65|0.26|0.05|0.86|0.29
------ Dim separator ------
0.35|-0.22|-0.35|-1.43|0.76|0.28|0.20|-0.15|-0.15|0.36|-0.11|0.22|0.05|0.09|-0.00|-0.40|-0.33|-0.70|-1.22|0.37|-0.31|-0.09|1.10|-0.70|0.35|0.46|-0.05
-0.10|0.21|-0.26|0.53|-0.52|-0.52|0.01|-0.06|-0.57|0.26|-0.34|-0.10|-0.07|0.02|-0.01|-0.06|0.30|0.27|-0.06|-0.21|0.40|-0.06|0.26|0.05|-0.01|1.16|0.18
0.50|0.11|-0.35|0.91|0.51|0.06|0.23|0.18|0.08|-0.25|0.08|0.03|0.03|0.02|-0.03|0.01|0.12|0.04|0.86|0.52|-0.62|0.17|0.18|0.68|0.20|-0.33|-0.14
0.95|0.18|-0.01|-0.24|0.34|-0.11|0.58|-0.25|0.18|-0.34|-0.14|0.03|-0.07|-0.01|0.01|0.85|-0.19|0.02|0.58|-0.15|-0.01|-0.09|-0.32|-0.36|-0.26|-0.11|-0.35
1.12|-0.13|-0.95|-1.15|-0.03|0.71|-0.35|0.47|-0.05|-0.61|1.02|0.28|-0.02|-0.03|-0.03|0.65|-0.07|-0.03|-0.94|0.23|0.44|-0.84|0.18|0.27|1.21|-0.22|0.25
------ Dim separator ------
-0.69|0.78|0.13|0.39|0.30|-0.90|0.84|0.64|-0.45|-0.33|0.53|0.03|-0.04|0.01|-0.06|-0.32|0.12|-0.06|-0.39|-0.52|-0.21|-0.21|-0.04|-1.18|0.69|-0.29|0.21
-0.67|-0.29|-1.02|0.13|0.23|-0.23|0.76|0.11|0.12|0.44|-0.71|-0.72|0.08|-0.05|-0.00|-0.04|0.41|0.42|-0.11|-0.26|-0.65|-0.46|-0.71|-0.47|-0.25|0.24|0.06
0.46|0.02|-0.20|0.72|-0.41|-0.17|-0.03|-0.29|-0.54|-0.21|1.04|0.05|0.19|-0.02|-0.07|-0.08|0.22|0.10|0.65|0.03|-0.44|0.40|0.68|-0.04|1.15|-0.15|0.20
0.70|0.56|-0.06|0.32|-0.10|0.08|-0.54|-0.17|-0.86|0.28|-0.11|0.03|0.24|-0.02|-0.04|0.08|0.00|0.09|0.91|0.35|0.25|-0.23|-0.06|0.73|-1.27|0.16|1.16
0.75|0.21|0.37|-0.44|-0.23|-0.29|0.27|-0.92|0.28|-0.23|-0.71|0.81|0.04|-0.10|-0.03|-0.91|-0.72|-0.60|-0.16|-0.07|0.30|0.12|-0.63|-0.17|0.37|0.24|-0.61
