------ Dim separator ------
0.49|-0.38|-0.15|-0.34|-0.12|-0.16|-0.94|-0.32|-0.41|-0.04|-0.34|0.35|-0.00|0.06|0.02|0.23|-0.54|0.69|-0.59|0.81|-0.83|0.22|0.05|0.42|1.19|0.26|-0.96
0.03|0.70|-0.08|0.43|-0.20|-0.29|-0.12|-0.21|0.29|-0.66|-0.84|-0.98|0.01|-0.01|-0.02|-0.23|-0.41|0.85|0.68|0.61|0.94|-0.52|-0.18|0.51|0.16|0.26|0.14
0.85|-0.52|-0.49|0.65|-0.09|-0.28|-0.39|-0.10|-0.34|-0.28|-0.13|0.46|0.09|0.03|0.04|-0.26|-0.04|0.22|1.07|0.71|0.22|-0.67|-0.25|0.46|-0.17|-0.50|-0.21
-0.19|0.80|0.55|-0.37|0.23|0.21|0.30|0.01|0.02|-0.28|-0.64|1.19|-0.01|0.00|-0.00|-0.68|0.07|-0.13|-0.63|-0.16|-0.30|0.18|0.39|-0.31|-1.01|0.57|1.63
0.25|-0.12|-0.37|-0.19|0.95|0.49|-0.41|-0.14|0.14|-0.54|0.62|0.24|-0.01|-0.01|0.04|0.61|-0.55|0.62|-0.07|-0.31|-0.29|0.60|-0.07|-1.38|1.40|0.11|-0.24
------ Dim separator ------
0.86|0.16|0.64|0.47|0.30|-0.17|0.71|0.45|0.03|-0.09|-0.50|-0.44|-0.03|-0.03|-0.01|0.63|0.10|0.29|-0.81|-0.30|0.94|0.20|-0.66|-0.04|0.59|-0.08|0.65
0.70|-0.56|0.12|-0.39|-0.16|-0.84|0.19|-0.11|-0.36|-0.26|-0.37|0.19|-0.00|-0.03|0.03|-0.19|-0.55|0.75|-0.48|-0.80|0.35|0.09|-0.79|-0.04|-0.20|0.18|0.86
0.20|-0.56|-0.36|0.92|-0.01|0.27|0.48|-0.45|-0.21|-0.18|0.49|-1.21|1.00|-0.00|-0.03|0.00|-0.00|0.00|1.00|-0.08|-0.01|-0.33|1.04|0.08|-0.33|0.69|0.08
0.14|0.24|0.57|0.36|1.21|0.07|0.45|0.42|-0.17|0.32|-0.21|0.57|0.98|0.02|-0.01|0.01|0.00|-0.02|0.98|-0.31|0.13|-0.18|-0.22|0.06|-0.74|1.25|1.05
-0.25|0.06|1.28|0.57|0.94|-0.58|-0.29|-0.09|-0.33|-0.20|-0.09|-0.55|-0.01|0.01|0.02|-0.54|0.08|-0.38|-0.39|-1.79|-0.30|-0.18|0.48|0.50|0.13|0.17|-0.51
------ Dim separator ------
0.44|-0.74|-0.83|0.92|-0.13|-0.27|0.25|-0.65|-0.58|-0.18|0.56|0.30|-0.05|-0.01|0.01|0.22|-0.38|-0.53|-0.43|0.47|-0.23|0.26|0.30|-0.48|-1.09|-0.14|-0.52
0.33|-0.22|-0.26|-0.58|-0.22|-0.76|0.41|-0.03|0.44|-0.35|0.40|-0.59|-0.02|-0.03|0.02|0.92|0.51|0.34|-0.44|-0.22|0.11|-0.38|-0.21|0.25|-0.05|-0.59|-0.95
0.10|0.29|0.85|0.66|0.32|0.46|-0.04|0.16|-0.41|-0.26|-0.10|-0.03|-0.02|-0.01|0.02|0.32|-0.25|0.76|0.01|-0.34|0.84|-0.40|0.80|0.78|0.01|-0.38|0.17
-1.31|0.78|0.59|0.08|-0.52|1.23|0.66|0.22|0.45|0.16|-0.55|0.27|-0.05|-0.04|0.02|0.35|-0.75|-0.09|-0.38|-0.85|-1.01|-0.43|0.71|-0.02|0.86|-0.32|-0.20
0.18|-0.46|0.43|-0.82|0.96|0.35|-0.15|-1.20|-0.15|0.86|0.20|-0.56|-0.03|0.03|-0.05|-0.25|-0.49|0.61|-0.41|0.07|0.58|0.50|-0.81|0.45|0.18|0.95|0.60
------ Dim separator ------
0.41|-0.33|-0.48|-1.45|0.93|0.14|0.32|-0.08|0.10|0.40|-0.25|0.42|-0.03|-0.02|-0.05|-0.33|-0.28|-0.45|-1.46|0.53|-0.05|-0.16|0.74|-0.65|0.32|0.57|-0.21
-0.25|-0.11|-0.42|0.38|-0.18|-0.78|-0.07|-0.17|-0.25|0.31|0.07|-0.23|0.01|-0.01|-0.01|-0.04|0.51|0.26|-0.13|-0.43|0.52|-0.17|0.36|0.20|-0.05|0.97|0.26
0.25|-0.01|-0.11|0.74|0.45|0.17|0.28|0.22|-0.08|-0.13|0.14|0.23|0.98|-0.02|-0.03|0.02|0.01|-0.00|0.99|0.51|-0.84|0.32|0.37|0.85|0.32|-0.17|-0.21
1.15|0.19|-0.27|-0.18|0.54|-0.14|0.56|-0.55|0.36|-0.30|-0.41|0.35|0.03|0.03|-0.02|0.94|0.01|-0.05|0.75|-0.12|-0.05|-0.62|-0.17|-0.34|-0.26|0.15|-0.40
1.34|-0.44|-1.30|-0.81|-0.13|0.51|-0.20|0.55|0.18|-0.57|0.95|0.08|0.00|0.00|-0.00|0.58|-0.46|-0.41|-1.50|0.20|0.31|-0.96|0.22|0.13|1.33|-0.33|0.41
------ Dim separator ------
-0.23|1.05|0.25|0.48|0.10|-1.17|0.83|0.51|-0.41|-0.61|0.33|0.08|-0.03|-0.00|-0.00|-0.11|0.05|-0.06|-0.31|-0.57|0.03|0.08|-0.26|-1.25|0.78|-0.44|0.33
-0.59|-0.25|-1.29|-0.23|0.29|0.14|0.81|0.07|0.26|0.78|-0.72|-0.86|0.00|0.04|-0.01|0.30|0.06|0.64|0.02|-0.36|-0.70|-0.47|-0.59|-0.75|-0.40|-0.15|0.01
0.60|0.07|-0.10|0.76|-0.54|0.05|-0.26|-0.25|-0.60|-0.12|1.28|0.33|0.96|0.01|0.06|-0.01|-0.01|0.02|0.99|0.03|-0.20|0.57|0.97|-0.14|1.07|-0.00|-0.01
0.27|0.54|0.38|0.06|0.31|-0.12|-0.56|-0.20|-1.26|0.34|-0.16|0.02|0.93|-0.00|-0.03|-0.00|-0.01|0.01|1.01|0.29|0.20|-0.19|-0.04|1.02|-1.20|0.26|1.43
0.95|0.44|0.33|-0.58|0.03|-0.26|0.08|-1.18|0.01|-0.59|-0.69|0.80|0.01|0.02|0.05|-0.80|-0.74|-0.50|0.04|-0.50|0.45|0.34|-0.64|-0.06|0.56|0.34|-0.48
