------ Dim separator ------
0.36|-0.42|0.17|-0.53|-0.12|-0.05|-0.55|-0.10|-0.41|-0.57|-0.07|-0.01|0.01|0.00|0.01|0.20|-0.38|0.44|-0.28|0.40|-0.82|0.11|-0.09|0.63|0.94|-0.02|-0.66
0.01|0.54|-0.05|0.29|-0.16|-0.17|0.21|-0.47|0.06|-0.86|-0.78|-0.98|0.03|-0.01|0.06|0.22|-0.52|1.02|0.43|0.45|0.75|-0.63|0.22|0.22|0.41|0.10|-0.14
0.86|-0.44|-0.41|0.65|-0.16|-0.49|-0.27|0.31|-0.02|0.03|-0.02|0.28|0.01|0.07|-0.07|-0.19|0.14|-0.20|0.92|0.88|0.05|-0.56|0.08|0.37|-0.07|-0.83|-0.28
-0.03|0.65|0.90|-0.13|0.60|0.14|-0.00|-0.31|0.14|-0.41|-0.30|1.08|-0.02|-0.01|-0.08|-0.63|0.15|-0.05|-0.26|0.11|0.08|-0.12|-0.02|-0.19|-0.84|0.56|1.26
0.28|-0.44|-0.31|-0.05|0.65|0.42|-0.12|-0.30|0.34|-0.62|0.48|0.55|0.02|0.04|-0.01|0.68|-0.05|0.47|-0.32|-0.05|-0.54|0.40|0.18|-0.91|0.88|0.39|-0.29
------ Dim separator ------
0.86|0.04|0.26|0.44|0.07|-0.07|0.47|0.60|0.06|-0.17|-0.40|-0.01|0.08|0.03|-0.03|0.81|0.47|0.40|-0.73|-0.24|1.09|-0.27|-0.69|-0.29|0.77|-0.26|0.08
0.93|-0.25|0.34|-0.31|0.20|-0.77|0.12|0.08|-0.22|-0.13|-0.32|-0.39|-0.02|-0.00|-0.00|0.24|-0.47|0.40|-0.18|-0.91|0.57|0.12|-0.25|0.25|-0.38|0.37|0.59
0.10|-0.41|-0.41|0.62|0.19|0.46|0.83|-0.19|-0.11|-0.76|0.76|-1.06|-0.05|0.02|0.02|0.19|-0.25|0.23|0.90|0.33|-0.16|-0.12|0.61|-0.37|0.08|1.00|0.02
0.74|0.23|0.46|-0.14|0.81|-0.17|0.63|0.27|-0.39|0.28|-0.34|0.55|-0.02|0.04|-0.01|-0.15|0.01|0.08|0.80|-0.55|-0.44|-0.18|-0.42|0.48|-0.50|0.86|0.53
-0.12|0.49|1.01|0.36|0.26|-0.93|-0.52|-0.01|-0.43|-0.20|0.40|-0.25|-0.05|0.08|-0.05|-0.16|-0.33|0.05|-0.24|-1.22|-0.71|-0.10|0.28|-0.07|-0.23|-0.08|-0.41
------ Dim separator ------
0.30|-0.40|-0.50|1.00|0.05|-0.02|0.00|-0.51|-0.83|-0.24|0.32|0.17|0.05|-0.07|-0.01|-0.21|-0.02|-0.50|-0.49|0.37|-0.02|-0.01|0.25|-0.05|-1.41|-0.03|-0.50
0.28|0.03|-0.26|-0.60|-0.36|-0.31|0.23|-0.04|0.51|-0.13|0.35|-0.47|-0.01|0.03|0.10|0.84|0.66|0.08|-0.05|-0.34|0.08|-0.03|0.04|0.47|0.14|-0.57|-0.65
-0.01|0.27|0.40|0.86|0.25|0.27|0.03|0.04|-0.15|-0.02|0.01|0.21|0.01|0.01|0.07|0.15|-0.43|0.53|0.20|-0.47|1.02|-0.35|0.68|0.83|0.32|-0.48|0.16
-1.41|0.69|0.17|0.03|-0.37|0.78|0.54|0.04|0.20|0.50|-0.64|0.39|-0.06|-0.03|0.03|0.20|-0.54|-0.39|-0.57|-0.86|-0.59|-0.18|-0.01|0.51|0.43|-0.12|-0.07
0.28|-0.46|0.45|-1.25|1.47|0.37|0.07|-1.13|0.00|0.78|0.17|-0.99|-0.03|-0.03|0.05|-0.32|-0.93|0.14|-0.40|-0.13|0.48|0.25|-0.70|0.31|0.01|0.90|0.03
------ Dim separator ------
0.57|-0.39|-0.75|-1.28|0.71|0.34|0.16|-0.36|-0.38|0.14|-0.04|0.31|-0.02|0.02|0.06|-0.48|-0.57|-0.77|-1.26|0.15|-0.13|-0.17|1.17|-0.86|0.36|0.45|-0.04
-0.07|0.20|-0.22|0.61|-0.50|-0.21|-0.13|-0.22|-0.47|0.19|-0.47|-0.22|-0.02|-0.02|0.00|0.11|0.22|0.12|0.01|-0.26|0.27|-0.16|0.33|0.22|-0.12|1.18|-0.14
0.47|0.15|-0.41|0.99|0.31|0.08|0.40|0.27|0.34|-0.44|0.22|-0.05|-0.02|-0.00|0.01|0.39|0.11|0.02|0.92|0.51|-0.61|0.31|0.17|0.82|0.32|-0.48|-0.29
0.81|-0.11|0.33|-0.38|0.43|-0.27|0.79|-0.26|0.28|-0.19|-0.25|0.09|-0.02|-0.06|-0.03|0.77|-0.23|0.19|0.49|-0.01|0.21|-0.15|-0.34|-0.21|0.16|-0.11|-0.31
1.13|-0.13|-0.84|-1.27|0.12|0.70|-0.33|0.46|-0.04|-0.86|0.96|0.21|0.08|0.03|0.02|0.71|0.04|-0.14|-0.89|0.21|0.56|-0.83|0.28|0.35|1.20|-0.07|0.44
------ Dim separator ------
-0.38|0.98|0.37|0.53|0.52|-1.07|0.67|0.77|-0.49|-0.32|0.53|0.11|0.05|-0.08|0.06|-0.03|0.29|0.13|-0.40|-0.46|-0.11|-0.41|0.07|-1.18|0.83|-0.25|0.21
-0.74|-0.25|-0.88|0.19|0.07|-0.13|0.66|0.31|0.08|0.45|-0.89|-0.78|0.08|0.03|-0.00|-0.02|0.48|0.48|0.12|-0.13|-0.67|-0.49|-0.72|-0.55|-0.13|0.42|0.24
0.60|0.01|-0.07|0.79|-0.39|-0.20|-0.08|-0.35|-0.59|-0.15|0.78|0.10|0.93|0.02|0.02|-0.01|0.98|0.02|0.03|0.17|-0.53|0.18|0.53|-0.03|1.11|-0.23|0.48
0.71|0.52|-0.13|0.30|-0.32|-0.03|-0.32|-0.31|-0.81|0.34|-0.14|0.18|0.05|-0.01|-0.03|0.31|0.14|0.10|0.94|0.23|0.42|-0.35|-0.13|0.69|-1.16|0.07|1.17
0.64|0.39|0.30|-0.31|-0.14|-0.22|0.34|-0.78|0.17|-0.25|-0.67|0.90|0.01|-0.04|-0.11|-0.81|-0.85|-0.55|-0.25|-0.13|0.19|0.27|-0.62|-0.19|0.43|0.42|-0.65
