------ Dim separator ------
0.39|-0.42|0.19|-0.55|-0.12|-0.05|-0.58|-0.13|-0.40|-0.59|-0.07|-0.03|0.02|-0.00|0.01|0.20|-0.39|0.45|-0.29|0.41|-0.81|0.12|-0.11|0.67|0.97|-0.00|-0.66
0.02|0.57|-0.09|0.30|-0.14|-0.18|0.21|-0.46|0.07|-0.88|-0.82|-1.00|0.03|-0.02|0.05|0.23|-0.52|1.03|0.42|0.46|0.77|-0.63|0.24|0.22|0.42|0.09|-0.15
0.86|-0.44|-0.41|0.64|-0.16|-0.53|-0.28|0.32|-0.02|0.05|-0.02|0.28|-0.00|0.06|-0.06|-0.20|0.14|-0.23|0.90|0.89|0.06|-0.56|0.11|0.39|-0.08|-0.85|-0.27
-0.02|0.65|0.91|-0.14|0.62|0.14|-0.01|-0.31|0.15|-0.41|-0.29|1.09|-0.01|-0.01|-0.06|-0.64|0.15|-0.06|-0.28|0.12|0.11|-0.13|-0.03|-0.21|-0.85|0.58|1.29
0.28|-0.45|-0.31|-0.06|0.64|0.42|-0.10|-0.28|0.36|-0.64|0.49|0.56|0.01|0.02|0.00|0.72|-0.03|0.47|-0.33|-0.04|-0.56|0.41|0.20|-0.92|0.84|0.40|-0.31
------ Dim separator ------
0.88|0.03|0.24|0.49|0.07|-0.06|0.48|0.60|0.06|-0.18|-0.43|0.01|0.07|0.02|-0.02|0.83|0.50|0.40|-0.73|-0.25|1.10|-0.30|-0.70|-0.29|0.79|-0.29|0.07
0.94|-0.23|0.32|-0.30|0.23|-0.80|0.14|0.11|-0.21|-0.10|-0.32|-0.42|-0.01|-0.01|-0.00|0.26|-0.47|0.40|-0.19|-0.91|0.55|0.15|-0.24|0.24|-0.36|0.38|0.60
0.10|-0.41|-0.41|0.61|0.21|0.48|0.84|-0.18|-0.09|-0.77|0.74|-1.06|-0.06|0.02|0.02|0.20|-0.26|0.24|0.90|0.32|-0.17|-0.13|0.60|-0.36|0.10|1.03|-0.02
0.76|0.24|0.47|-0.15|0.79|-0.18|0.65|0.26|-0.40|0.28|-0.35|0.55|-0.03|0.03|-0.01|-0.16|0.03|0.08|0.78|-0.56|-0.47|-0.19|-0.45|0.50|-0.52|0.86|0.55
-0.11|0.51|1.04|0.38|0.28|-0.93|-0.55|0.00|-0.42|-0.20|0.41|-0.21|-0.04|0.07|-0.04|-0.17|-0.35|0.07|-0.25|-1.26|-0.73|-0.10|0.26|-0.09|-0.23|-0.10|-0.40
------ Dim separator ------
0.31|-0.41|-0.53|1.02|0.05|-0.02|-0.01|-0.55|-0.84|-0.25|0.31|0.15|0.04|-0.05|-0.01|-0.23|-0.02|-0.51|-0.50|0.38|-0.00|-0.01|0.25|-0.04|-1.44|-0.03|-0.51
0.29|0.05|-0.25|-0.62|-0.34|-0.32|0.23|-0.04|0.51|-0.14|0.36|-0.48|-0.01|0.02|0.08|0.85|0.66|0.09|-0.05|-0.33|0.06|-0.02|0.03|0.49|0.16|-0.57|-0.65
-0.04|0.27|0.43|0.88|0.25|0.26|0.03|0.03|-0.14|-0.02|0.01|0.19|0.01|0.01|0.05|0.14|-0.41|0.53|0.20|-0.49|1.04|-0.34|0.70|0.85|0.33|-0.50|0.16
-1.44|0.73|0.19|0.04|-0.37|0.81|0.56|0.05|0.19|0.51|-0.64|0.40|-0.05|-0.02|0.02|0.20|-0.53|-0.37|-0.57|-0.88|-0.59|-0.17|-0.05|0.53|0.45|-0.12|-0.06
0.29|-0.46|0.46|-1.26|1.48|0.38|0.09|-1.15|0.01|0.78|0.18|-1.01|-0.02|-0.02|0.05|-0.32|-0.93|0.14|-0.41|-0.13|0.48|0.26|-0.70|0.32|-0.01|0.92|-0.01
------ Dim separator ------
0.58|-0.39|-0.78|-1.30|0.71|0.36|0.15|-0.38|-0.37|0.12|-0.01|0.31|-0.02|0.01|0.06|-0.51|-0.60|-0.77|-1.28|0.16|-0.13|-0.17|1.20|-0.89|0.35|0.44|-0.05
-0.07|0.20|-0.21|0.62|-0.50|-0.21|-0.12|-0.23|-0.47|0.20|-0.49|-0.21|-0.01|-0.02|0.00|0.11|0.22|0.10|0.03|-0.27|0.29|-0.16|0.32|0.20|-0.12|1.18|-0.15
0.47|0.16|-0.43|0.99|0.29|0.09|0.40|0.28|0.35|-0.45|0.23|-0.04|-0.04|-0.01|0.01|0.42|0.13|0.02|0.90|0.52|-0.62|0.34|0.16|0.84|0.34|-0.50|-0.29
0.84|-0.11|0.36|-0.38|0.41|-0.26|0.81|-0.25|0.28|-0.17|-0.27|0.09|-0.00|-0.05|-0.04|0.76|-0.26|0.21|0.50|-0.01|0.22|-0.16|-0.37|-0.20|0.16|-0.08|-0.29
1.13|-0.14|-0.86|-1.32|0.09|0.70|-0.33|0.47|-0.03|-0.88|0.97|0.21|0.07|0.03|0.02|0.73|0.05|-0.13|-0.89|0.22|0.55|-0.84|0.29|0.37|1.19|-0.07|0.48
------ Dim separator ------
-0.36|0.99|0.39|0.56|0.54|-1.08|0.67|0.80|-0.51|-0.32|0.50|0.13|0.04|-0.07|0.06|-0.03|0.31|0.15|-0.42|-0.46|-0.10|-0.44|0.05|-1.19|0.84|-0.24|0.22
-0.72|-0.25|-0.88|0.18|0.06|-0.15|0.68|0.32|0.09|0.46|-0.91|-0.78|0.05|0.02|0.00|-0.01|0.48|0.48|0.14|-0.11|-0.67|-0.48|-0.74|-0.55|-0.10|0.42|0.23
0.60|0.03|-0.10|0.78|-0.40|-0.18|-0.08|-0.35|-0.61|-0.15|0.78|0.13|0.94|0.02|0.01|-0.01|1.00|0.01|0.01|0.20|-0.54|0.17|0.54|-0.04|1.11|-0.23|0.49
0.70|0.55|-0.14|0.29|-0.34|-0.03|-0.29|-0.31|-0.82|0.33|-0.14|0.19|0.02|-0.00|-0.03|0.33|0.16|0.13|0.95|0.23|0.42|-0.36|-0.15|0.68|-1.18|0.07|1.17
0.62|0.38|0.34|-0.32|-0.14|-0.21|0.35|-0.81|0.18|-0.27|-0.68|0.92|-0.00|-0.03|-0.10|-0.82|-0.88|-0.54|-0.27|-0.11|0.18|0.27|-0.63|-0.19|0.44|0.43|-0.69
