------ Dim separator ------
-0.16|0.12|-0.28|-0.26|0.78|-0.63|0.77|0.34|-0.21|1.01|-0.85|-0.20|0.04|-0.05|-0.11|-0.24|-0.63|0.42|-1.02|-0.34|-0.16|0.36|-0.35|0.11|0.80|-0.51|-0.05
0.03|0.50|0.25|0.25|0.37|1.19|-0.00|0.16|-0.65|0.83|-0.07|-1.20|-0.02|-0.22|-0.09|-0.58|-0.10|0.21|-0.26|-0.17|-0.10|0.03|0.59|-0.67|-0.84|-0.63|-0.06
0.14|-0.28|-0.22|0.07|0.81|0.31|-0.83|-0.06|-0.07|-0.21|-0.81|0.51|0.03|0.03|0.04|-0.85|-0.60|-0.03|0.19|0.89|0.00|-0.83|0.71|-0.66|0.18|0.24|0.40
0.21|0.04|-0.31|0.05|-1.08|-0.88|0.41|0.09|-1.37|0.45|0.65|-0.26|0.01|0.01|0.09|-0.18|0.52|-0.45|-0.07|0.35|0.28|0.31|-0.84|0.48|-0.32|0.35|-0.24
0.12|0.39|-0.35|0.11|-0.02|-0.85|0.42|-0.13|0.27|-0.52|0.23|1.16|-0.05|-0.03|-0.08|-0.11|0.43|0.57|0.64|0.68|0.32|-0.30|0.33|0.10|1.04|0.32|-0.29
------ Dim separator ------
-0.44|0.67|-0.86|0.63|0.25|-0.71|-0.53|-0.66|0.74|0.76|-0.27|-0.09|0.06|-0.01|-0.01|0.36|-0.02|-0.88|0.16|0.09|-0.21|0.02|0.07|0.07|-0.49|-0.53|1.07
0.60|0.02|-0.01|-0.48|0.03|0.77|0.07|-0.66|-0.07|-0.73|0.71|1.51|-0.21|0.07|-0.10|0.56|0.27|1.17|-0.21|0.18|0.18|-0.58|0.87|0.26|-0.19|0.10|0.03
-0.57|-0.24|0.06|0.25|0.76|0.15|0.43|-0.47|-0.02|0.17|0.45|-0.11|-0.05|0.03|0.05|0.19|-0.19|0.48|0.34|-0.05|-0.09|0.16|0.06|-0.25|-0.11|1.27|-0.02
-0.54|0.79|-0.46|0.40|0.69|-0.48|0.05|-0.69|0.43|0.52|-0.61|0.00|0.04|-0.11|-0.02|0.21|-0.14|0.07|-0.75|0.17|-0.17|0.39|0.42|-0.14|-0.48|0.20|-0.77
0.68|-1.28|0.23|0.76|0.19|0.25|0.01|0.21|-0.32|0.40|0.52|-0.49|0.10|-0.11|-0.01|0.32|-0.48|-0.56|-0.17|-0.05|1.38|-0.13|-0.63|-1.33|-0.05|-0.29|0.85
------ Dim separator ------
-0.53|-0.52|0.81|-0.56|-0.13|0.28|0.20|0.24|1.02|0.38|0.75|0.46|-0.03|0.08|-0.02|1.06|0.12|0.72|-0.43|1.04|-1.16|0.42|-0.29|0.28|-0.02|-0.84|0.01
-0.89|-0.11|-0.60|-1.17|0.25|-0.11|-1.23|-0.44|-0.28|-0.52|0.29|-0.72|0.05|-0.03|-0.02|0.48|-0.48|0.21|0.46|0.52|1.02|0.04|0.12|0.03|-0.01|1.04|0.41
-0.73|0.66|0.93|-0.75|-0.38|0.06|0.09|-0.11|-0.73|-0.52|0.03|-0.98|0.04|0.03|0.00|0.73|0.53|0.37|-0.37|0.12|0.28|0.77|-0.13|0.72|0.22|-0.94|-0.64
-0.14|0.41|0.18|0.19|-0.38|0.84|0.13|0.52|0.47|0.04|-0.01|0.03|0.02|0.09|0.03|-0.31|0.48|0.18|1.03|-0.28|-0.05|-0.05|-0.17|0.24|-0.29|0.31|-0.88
0.11|-0.67|0.20|-0.20|0.39|-0.06|-0.20|-0.23|-0.60|-0.50|0.15|0.24|-0.16|-0.00|0.10|-0.10|0.26|-0.31|0.32|0.26|-0.01|0.65|1.24|-0.37|0.06|0.03|0.67
------ Dim separator ------
0.34|-0.10|0.40|0.45|-0.11|-0.55|0.37|-0.21|-0.44|0.71|0.51|-0.15|-0.05|0.09|-0.08|2.11|0.40|0.76|-0.07|0.08|0.01|-0.98|0.44|-0.19|-0.26|-0.64|0.77
0.71|0.27|0.01|-0.22|0.35|0.64|-0.49|0.90|-0.38|0.00|0.52|0.70|0.07|-0.05|-0.03|0.26|-0.61|0.11|0.47|0.10|0.18|0.42|0.80|0.50|-1.13|-0.00|0.73
0.34|-0.10|0.16|0.06|0.29|0.87|0.21|0.55|-0.53|0.37|0.52|-0.70|-0.03|-0.01|-0.00|0.37|-0.87|-0.24|1.14|-0.39|0.58|-0.60|-0.30|0.03|-0.39|-1.24|0.56
-0.90|-0.41|-0.02|-0.61|0.25|0.71|0.27|-0.39|0.10|-0.43|-0.06|0.23|-0.04|0.13|0.08|-0.03|-0.15|0.07|0.29|-0.23|-1.21|0.18|0.35|-0.41|0.91|-0.29|-0.46
-1.46|0.09|-0.10|0.31|-0.60|-0.86|0.58|-0.51|-0.44|-0.65|-0.63|0.79|0.03|-0.02|-0.05|-0.47|0.68|-0.43|-0.66|0.09|-1.40|-0.69|-0.79|0.41|0.20|-0.41|-0.40
------ Dim separator ------
1.45|-0.41|0.61|-0.96|-0.41|0.70|-0.71|-0.61|-0.41|1.14|0.34|-0.26|0.02|-0.02|0.13|1.28|-0.15|-0.22|0.01|-0.10|-0.78|-0.39|-0.20|0.02|-0.10|0.26|0.72
-0.67|-0.11|0.50|0.11|-0.15|-0.10|0.03|-0.47|-0.07|-0.30|0.45|0.17|-0.04|0.06|0.07|-0.48|0.23|-0.51|0.31|0.77|0.38|-0.02|-0.38|0.27|-0.55|-0.12|0.11
0.59|0.25|-0.38|0.76|0.11|0.11|0.09|1.02|-0.17|0.14|0.03|-1.24|0.95|-0.03|0.05|-0.02|1.05|0.06|-0.05|-0.22|-1.01|-0.21|-0.56|0.53|-0.21|0.39|-0.26
-0.39|0.23|-0.09|0.01|0.08|-0.03|0.19|-0.51|0.53|0.36|0.75|-0.96|0.06|0.10|-0.02|0.20|1.14|0.00|0.02|-0.16|0.44|-0.59|0.27|-0.57|0.79|-0.89|0.07
-0.65|-0.06|1.23|-1.05|-0.61|-0.54|-0.18|-0.73|-0.21|-0.43|0.48|0.60|-0.01|-0.00|0.03|-0.33|-0.44|0.32|-0.03|0.10|-0.30|-0.62|-0.21|-0.11|0.71|0.42|-0.62
