------ Dim separator ------
0.27|-0.12|0.25|-0.38|-0.19|-0.13|-0.64|-0.14|-0.46|-0.31|-0.18|-0.04|0.07|-0.06|-0.02|0.25|-0.29|0.66|-0.34|0.53|-0.94|0.37|0.06|0.70|1.01|0.17|-0.91
0.12|0.55|-0.05|0.11|-0.16|-0.02|0.23|-0.40|0.22|-0.67|-0.90|-0.91|-0.03|0.00|-0.03|0.14|-0.46|0.99|0.54|0.43|0.76|-0.49|0.12|0.41|0.43|0.15|-0.22
0.85|-0.63|-0.34|0.66|0.04|-0.25|-0.18|0.14|0.01|-0.01|0.03|0.22|-0.00|-0.07|0.03|-0.42|-0.24|-0.11|0.83|0.82|0.06|-0.62|0.03|0.44|-0.26|-0.85|-0.29
-0.13|0.76|0.78|-0.20|0.42|0.06|0.31|-0.23|-0.09|-0.40|-0.31|1.02|0.01|0.01|0.04|-0.41|0.19|0.01|-0.40|0.11|-0.02|0.12|0.17|-0.28|-0.99|0.61|1.37
0.28|-0.30|-0.46|-0.18|0.68|0.30|-0.05|-0.19|0.10|-0.62|0.42|0.42|-0.02|-0.04|-0.04|0.62|-0.14|0.49|-0.10|-0.16|-0.49|0.42|-0.01|-0.96|0.86|0.35|-0.29
------ Dim separator ------
0.72|0.09|0.25|0.50|0.06|-0.15|0.50|0.49|-0.01|-0.17|-0.39|-0.04|-0.05|0.03|0.03|0.76|0.34|0.22|-0.77|-0.17|1.05|-0.24|-0.53|-0.43|0.55|0.02|0.24
0.93|-0.43|0.23|-0.39|0.11|-0.66|0.29|-0.12|-0.30|-0.14|-0.21|-0.16|0.00|0.04|-0.00|0.13|-0.40|0.60|-0.33|-0.91|0.69|0.05|-0.49|0.22|-0.30|0.20|0.67
0.32|-0.42|-0.35|0.75|0.10|0.36|0.56|-0.21|-0.04|-0.47|0.60|-0.95|-0.01|-0.01|0.01|0.24|-0.12|-0.09|0.80|0.05|-0.06|-0.23|0.72|-0.37|-0.11|0.85|-0.02
0.68|0.42|0.39|-0.05|1.08|-0.17|0.67|0.58|-0.19|0.24|-0.45|0.51|-0.04|0.05|0.05|0.00|0.07|-0.17|0.96|-0.47|-0.28|-0.09|-0.43|0.52|-0.52|0.96|0.83
-0.13|0.35|1.17|0.45|0.40|-0.89|-0.33|-0.18|-0.36|-0.20|0.31|-0.35|-0.00|0.02|0.01|-0.21|-0.13|0.02|-0.32|-1.22|-0.56|0.07|0.35|0.09|-0.08|0.11|-0.40
------ Dim separator ------
0.28|-0.52|-0.77|0.86|0.06|0.07|-0.01|-0.68|-0.75|-0.10|0.32|0.12|0.02|-0.00|0.01|-0.03|-0.30|-0.50|-0.42|0.56|-0.05|0.23|0.11|-0.46|-1.32|-0.05|-0.45
0.43|0.01|-0.29|-0.46|-0.21|-0.18|0.44|-0.02|0.60|-0.11|0.44|-0.53|0.03|-0.02|0.03|0.88|0.66|0.23|-0.26|-0.21|0.02|-0.04|-0.03|0.21|0.19|-0.52|-0.74
-0.08|0.20|0.47|0.88|0.27|0.42|0.00|0.31|-0.08|-0.18|-0.02|0.08|0.01|-0.02|-0.08|0.37|-0.37|0.68|0.36|-0.56|0.98|-0.48|0.91|0.74|0.20|-0.46|0.27
-1.36|0.59|0.20|0.10|-0.49|0.72|0.56|0.09|0.19|0.39|-0.45|0.31|0.04|0.04|-0.01|0.20|-0.73|-0.30|-0.61|-0.94|-0.78|-0.18|-0.11|0.25|0.44|-0.11|-0.33
0.30|-0.31|0.45|-0.98|1.03|0.45|-0.11|-1.05|-0.03|0.94|0.13|-0.88|0.02|-0.01|-0.04|-0.22|-0.84|0.20|-0.19|0.04|0.45|0.26|-0.67|0.27|0.04|0.89|0.29
------ Dim separator ------
0.35|-0.23|-0.36|-1.46|0.76|0.30|0.18|-0.15|-0.15|0.36|-0.09|0.22|0.04|0.08|-0.01|-0.43|-0.35|-0.71|-1.25|0.41|-0.31|-0.09|1.13|-0.72|0.36|0.45|-0.07
-0.10|0.21|-0.25|0.54|-0.52|-0.53|0.02|-0.07|-0.60|0.28|-0.37|-0.09|-0.06|0.02|-0.01|-0.05|0.29|0.26|-0.05|-0.20|0.42|-0.05|0.23|0.03|-0.01|1.18|0.20
0.52|0.11|-0.40|0.90|0.50|0.05|0.23|0.19|0.08|-0.25|0.05|0.04|-0.00|0.03|-0.03|0.03|0.14|0.02|0.86|0.52|-0.62|0.20|0.17|0.68|0.23|-0.33|-0.13
0.97|0.19|0.00|-0.23|0.32|-0.11|0.60|-0.25|0.19|-0.34|-0.16|0.03|-0.06|-0.01|0.00|0.87|-0.23|-0.00|0.59|-0.15|-0.03|-0.10|-0.34|-0.36|-0.28|-0.11|-0.35
1.14|-0.13|-0.96|-1.20|-0.05|0.72|-0.35|0.47|-0.04|-0.62|1.05|0.30|-0.02|-0.04|-0.02|0.67|-0.06|-0.03|-0.93|0.23|0.43|-0.85|0.21|0.28|1.22|-0.22|0.29
------ Dim separator ------
-0.68|0.78|0.13|0.41|0.31|-0.91|0.87|0.66|-0.48|-0.34|0.51|0.04|-0.03|0.01|-0.05|-0.32|0.13|-0.05|-0.40|-0.54|-0.21|-0.24|-0.06|-1.20|0.70|-0.27|0.23
-0.65|-0.30|-1.05|0.13|0.24|-0.23|0.78|0.09|0.09|0.44|-0.72|-0.73|0.07|-0.05|0.00|-0.03|0.42|0.39|-0.12|-0.27|-0.67|-0.44|-0.72|-0.46|-0.25|0.24|0.07
0.47|0.04|-0.24|0.72|-0.42|-0.16|-0.03|-0.29|-0.58|-0.21|1.05|0.07|0.13|-0.01|-0.07|-0.07|0.22|0.11|0.64|0.03|-0.44|0.40|0.71|-0.03|1.16|-0.17|0.19
0.70|0.60|-0.09|0.33|-0.13|0.11|-0.51|-0.18|-0.85|0.26|-0.10|0.03|0.23|-0.02|-0.04|0.08|0.01|0.08|0.92|0.36|0.24|-0.25|-0.07|0.72|-1.30|0.13|1.14
0.74|0.21|0.38|-0.45|-0.23|-0.29|0.27|-0.95|0.28|-0.23|-0.72|0.86|0.04|-0.08|-0.02|-0.93|-0.74|-0.59|-0.19|-0.04|0.30|0.11|-0.64|-0.15|0.38|0.22|-0.63
