------ Dim separator ------
0.49|-0.40|-0.13|-0.36|-0.13|-0.16|-0.96|-0.34|-0.41|-0.02|-0.36|0.35|-0.00|0.03|0.02|0.23|-0.56|0.71|-0.60|0.83|-0.82|0.24|0.01|0.43|1.24|0.25|-0.98
0.05|0.72|-0.11|0.45|-0.21|-0.30|-0.12|-0.19|0.32|-0.69|-0.88|-0.98|0.01|-0.01|-0.01|-0.24|-0.43|0.87|0.69|0.63|0.98|-0.52|-0.18|0.55|0.15|0.28|0.14
0.85|-0.51|-0.50|0.63|-0.09|-0.30|-0.40|-0.07|-0.36|-0.28|-0.16|0.47|0.08|0.03|0.03|-0.27|-0.07|0.19|1.07|0.73|0.26|-0.68|-0.23|0.48|-0.20|-0.53|-0.21
-0.20|0.82|0.58|-0.40|0.22|0.21|0.31|0.01|0.03|-0.31|-0.63|1.20|-0.02|-0.00|0.00|-0.67|0.03|-0.15|-0.64|-0.17|-0.31|0.19|0.42|-0.33|-1.05|0.59|1.69
0.26|-0.14|-0.38|-0.20|0.96|0.49|-0.43|-0.16|0.15|-0.58|0.63|0.24|-0.00|-0.01|0.03|0.64|-0.54|0.62|-0.07|-0.31|-0.31|0.60|-0.06|-1.40|1.40|0.11|-0.25
------ Dim separator ------
0.86|0.18|0.65|0.51|0.31|-0.17|0.75|0.42|0.04|-0.08|-0.51|-0.43|-0.03|-0.01|0.00|0.65|0.09|0.31|-0.83|-0.32|0.96|0.20|-0.67|-0.05|0.61|-0.10|0.68
0.70|-0.56|0.10|-0.40|-0.13|-0.83|0.22|-0.11|-0.38|-0.24|-0.39|0.19|-0.01|-0.03|0.02|-0.18|-0.56|0.76|-0.47|-0.82|0.36|0.09|-0.79|-0.04|-0.21|0.16|0.87
0.21|-0.58|-0.35|0.92|-0.01|0.28|0.48|-0.45|-0.20|-0.18|0.50|-1.21|0.99|-0.01|-0.03|0.01|-0.01|0.00|0.99|-0.07|-0.02|-0.37|1.06|0.10|-0.35|0.72|0.06
0.14|0.25|0.58|0.36|1.23|0.06|0.46|0.39|-0.16|0.32|-0.21|0.59|0.99|0.01|-0.02|-0.00|0.01|-0.02|0.99|-0.30|0.14|-0.20|-0.23|0.07|-0.77|1.28|1.09
-0.25|0.05|1.31|0.59|0.94|-0.58|-0.31|-0.07|-0.33|-0.21|-0.11|-0.55|-0.01|0.02|0.02|-0.57|0.07|-0.38|-0.38|-1.84|-0.33|-0.18|0.47|0.49|0.15|0.17|-0.51
------ Dim separator ------
0.45|-0.73|-0.87|0.95|-0.10|-0.26|0.26|-0.66|-0.58|-0.20|0.58|0.30|-0.05|-0.01|-0.00|0.21|-0.41|-0.55|-0.43|0.49|-0.25|0.28|0.31|-0.49|-1.11|-0.13|-0.50
0.37|-0.19|-0.24|-0.59|-0.22|-0.77|0.42|-0.02|0.44|-0.36|0.41|-0.60|-0.02|-0.01|0.02|0.95|0.51|0.37|-0.43|-0.23|0.10|-0.42|-0.23|0.28|-0.07|-0.61|-0.97
0.10|0.28|0.88|0.68|0.31|0.46|-0.03|0.16|-0.40|-0.25|-0.09|-0.04|-0.03|-0.01|0.02|0.33|-0.23|0.78|-0.00|-0.35|0.86|-0.41|0.82|0.80|0.01|-0.40|0.17
-1.35|0.79|0.59|0.07|-0.50|1.25|0.68|0.24|0.44|0.13|-0.56|0.26|-0.05|-0.04|0.01|0.35|-0.76|-0.09|-0.39|-0.87|-1.03|-0.45|0.71|-0.02|0.89|-0.34|-0.20
0.20|-0.47|0.44|-0.83|0.98|0.37|-0.15|-1.22|-0.17|0.86|0.20|-0.55|-0.03|0.02|-0.05|-0.26|-0.48|0.61|-0.44|0.08|0.56|0.51|-0.83|0.47|0.19|0.97|0.62
------ Dim separator ------
0.40|-0.33|-0.47|-1.49|0.94|0.12|0.30|-0.10|0.11|0.41|-0.22|0.42|-0.03|-0.01|-0.03|-0.36|-0.30|-0.44|-1.49|0.55|-0.05|-0.15|0.74|-0.67|0.33|0.55|-0.21
-0.25|-0.12|-0.47|0.38|-0.15|-0.79|-0.05|-0.19|-0.24|0.32|0.06|-0.24|0.01|-0.01|-0.00|-0.04|0.54|0.25|-0.13|-0.43|0.54|-0.19|0.34|0.19|-0.05|1.00|0.27
0.26|-0.01|-0.12|0.73|0.42|0.19|0.28|0.20|-0.09|-0.13|0.12|0.24|0.99|-0.02|-0.02|0.01|0.01|-0.01|0.99|0.52|-0.88|0.33|0.37|0.86|0.36|-0.18|-0.20
1.17|0.18|-0.27|-0.17|0.53|-0.13|0.59|-0.54|0.36|-0.32|-0.42|0.37|0.03|0.02|0.00|0.96|-0.02|-0.04|0.75|-0.14|-0.06|-0.65|-0.19|-0.33|-0.29|0.17|-0.40
1.35|-0.47|-1.33|-0.83|-0.15|0.54|-0.19|0.57|0.21|-0.58|0.97|0.06|0.00|-0.00|-0.01|0.60|-0.47|-0.41|-1.51|0.21|0.31|-0.98|0.24|0.13|1.35|-0.34|0.45
------ Dim separator ------
-0.21|1.05|0.24|0.51|0.12|-1.18|0.86|0.51|-0.42|-0.64|0.32|0.09|-0.01|0.00|-0.00|-0.09|0.06|-0.04|-0.32|-0.57|0.05|0.06|-0.31|-1.29|0.79|-0.43|0.33
-0.60|-0.25|-1.30|-0.22|0.28|0.12|0.82|0.07|0.26|0.78|-0.76|-0.86|0.02|0.03|-0.01|0.32|0.06|0.64|0.02|-0.36|-0.74|-0.47|-0.59|-0.76|-0.39|-0.17|0.02
0.60|0.07|-0.12|0.75|-0.53|0.05|-0.26|-0.26|-0.63|-0.12|1.29|0.36|0.96|0.01|0.04|0.00|-0.01|0.02|1.00|0.02|-0.20|0.60|1.00|-0.13|1.06|-0.01|-0.03
0.27|0.56|0.36|0.06|0.32|-0.10|-0.56|-0.20|-1.28|0.35|-0.14|0.03|0.95|-0.00|-0.02|0.00|-0.00|0.01|1.00|0.30|0.19|-0.18|-0.06|1.04|-1.23|0.24|1.45
0.98|0.44|0.34|-0.58|0.04|-0.27|0.08|-1.21|-0.02|-0.62|-0.70|0.82|0.01|0.02|0.03|-0.82|-0.77|-0.51|0.04|-0.50|0.48|0.33|-0.66|-0.03|0.57|0.33|-0.53
