------ Dim separator ------
0.42|0.11|0.22|-0.26|-0.14|-0.15|-0.67|-0.26|-0.29|-0.34|-0.08|0.11|-0.02|-0.05|0.01|0.38|-0.24|0.39|-0.30|0.49|-0.77|0.14|-0.10|0.79|0.86|0.10|-0.89
0.24|0.54|-0.08|0.14|-0.03|-0.05|0.21|-0.27|0.30|-0.54|-0.89|-0.83|-0.03|-0.06|-0.03|0.18|-0.47|0.82|0.57|0.30|0.71|-0.43|-0.13|0.52|0.42|0.26|-0.16
0.81|-0.52|-0.26|0.72|0.05|-0.18|-0.17|0.13|0.19|0.04|0.05|0.09|0.28|-0.04|0.01|-0.19|-0.24|-0.14|0.83|0.66|0.05|-0.67|0.05|0.39|-0.29|-0.87|-0.05
-0.14|0.72|0.66|-0.16|0.40|0.25|0.29|-0.06|-0.07|-0.32|-0.23|0.89|-0.02|0.00|0.01|-0.58|0.09|0.03|-0.28|0.23|0.07|0.22|0.15|-0.41|-1.11|0.84|1.06
0.18|-0.12|-0.35|-0.23|0.77|0.33|-0.04|-0.31|0.24|-0.53|0.47|0.50|-0.02|0.01|0.02|0.51|-0.07|0.40|-0.03|-0.15|-0.56|0.45|0.21|-0.82|0.70|0.48|-0.20
------ Dim separator ------
0.73|0.11|0.11|0.60|0.09|-0.19|0.40|0.59|0.14|-0.10|-0.22|-0.03|-0.06|-0.00|0.06|0.82|0.37|0.25|-0.76|-0.17|0.88|-0.12|-0.42|-0.44|0.54|0.16|0.39
0.82|-0.37|0.21|-0.34|-0.03|-0.62|0.17|-0.23|-0.34|-0.03|-0.31|-0.21|-0.07|-0.01|-0.00|0.01|-0.46|0.62|-0.23|-0.82|0.63|0.00|-0.45|0.36|-0.32|0.07|0.56
0.38|-0.35|-0.36|0.70|-0.02|0.41|0.47|-0.17|-0.05|-0.62|0.66|-0.92|-0.11|0.02|0.02|0.17|-0.10|-0.26|0.63|0.04|0.02|-0.19|0.80|-0.36|0.09|0.94|0.01
0.72|0.32|0.37|-0.05|0.97|-0.15|0.65|0.57|-0.14|0.20|-0.44|0.44|0.21|-0.04|0.05|0.06|-0.01|-0.10|0.91|-0.28|-0.32|-0.08|-0.36|0.52|-0.43|0.99|0.79
-0.04|0.42|1.15|0.42|0.46|-0.84|-0.37|-0.13|-0.24|-0.28|0.17|-0.47|0.01|0.06|0.03|-0.22|-0.12|-0.09|-0.50|-1.30|-0.71|-0.03|0.34|0.01|-0.12|0.09|-0.45
------ Dim separator ------
0.35|-0.57|-0.83|0.75|0.03|0.12|-0.00|-0.59|-0.61|0.06|0.36|-0.05|-0.02|0.00|0.01|-0.09|-0.14|-0.59|-0.36|0.49|-0.08|0.20|0.17|-0.48|-1.24|-0.02|-0.28
0.46|-0.06|-0.31|-0.34|-0.26|-0.16|0.40|-0.05|0.61|-0.00|0.39|-0.34|0.07|0.03|0.02|0.86|0.66|0.14|-0.33|-0.27|0.02|-0.08|-0.02|0.12|0.32|-0.44|-0.65
-0.22|0.25|0.46|0.87|0.33|0.34|0.19|0.22|-0.06|-0.23|-0.09|0.04|0.00|0.08|-0.00|0.52|-0.24|0.56|0.37|-0.43|1.02|-0.50|0.88|0.70|0.21|-0.30|0.40
-1.31|0.63|0.20|0.20|-0.42|0.61|0.47|0.10|0.15|0.39|-0.51|0.53|0.03|0.02|-0.00|0.25|-0.72|-0.34|-0.39|-0.76|-0.58|-0.22|-0.12|-0.01|0.53|-0.19|-0.12
0.29|-0.22|0.32|-1.08|0.95|0.30|-0.23|-1.00|0.02|0.93|0.27|-0.66|0.01|-0.04|0.04|-0.29|-0.95|0.19|-0.22|0.07|0.37|0.02|-0.75|0.30|0.12|0.83|0.25
------ Dim separator ------
0.12|-0.14|-0.38|-1.28|0.60|0.33|0.07|-0.12|-0.16|0.28|-0.20|0.19|0.02|0.01|0.07|-0.30|-0.33|-0.72|-1.23|0.37|-0.24|-0.10|1.04|-0.90|0.13|0.53|0.09
-0.06|0.34|-0.09|0.50|-0.44|-0.51|0.12|0.02|-0.55|0.26|-0.30|-0.06|-0.05|0.01|-0.03|-0.16|0.23|0.21|-0.08|-0.17|0.42|-0.01|0.24|0.03|0.01|1.22|0.11
0.64|0.04|-0.26|0.84|0.49|-0.15|0.39|0.36|-0.04|-0.24|0.07|0.08|0.16|0.06|0.05|0.09|0.14|0.09|0.90|0.69|-0.78|0.26|0.10|0.74|0.22|-0.42|-0.01
0.80|0.26|-0.07|-0.20|0.48|-0.21|0.61|-0.36|0.17|-0.45|-0.28|0.02|-0.01|0.01|0.01|0.87|-0.22|0.15|0.57|-0.13|-0.01|-0.19|-0.37|-0.45|-0.07|-0.25|-0.28
1.12|-0.15|-1.08|-1.15|-0.07|0.71|-0.50|0.53|0.07|-0.66|0.94|0.36|0.03|-0.04|0.02|0.60|-0.05|-0.11|-1.00|0.31|0.34|-0.64|0.05|0.24|1.20|-0.12|0.34
------ Dim separator ------
-0.62|0.70|0.20|0.35|0.37|-1.06|0.89|0.54|-0.36|-0.28|0.43|-0.07|0.02|0.02|-0.06|-0.46|0.23|0.02|-0.43|-0.57|-0.24|-0.40|-0.09|-1.13|0.64|-0.14|0.23
-0.68|-0.18|-1.04|0.15|0.07|-0.22|0.65|0.03|0.09|0.55|-0.74|-0.63|-0.00|0.06|0.00|-0.06|0.47|0.39|-0.01|-0.25|-0.71|-0.35|-0.61|-0.32|-0.14|0.19|-0.10
0.38|0.10|-0.22|0.68|-0.23|-0.02|-0.18|-0.24|-0.54|-0.09|0.93|0.05|0.24|-0.03|-0.02|-0.02|0.22|0.03|0.66|-0.01|-0.43|0.25|0.81|0.05|1.13|-0.05|0.25
0.90|0.59|-0.03|0.34|-0.07|0.18|-0.55|-0.17|-0.77|0.37|-0.07|0.01|0.70|-0.04|0.01|-0.01|0.00|0.00|1.00|0.43|0.13|-0.13|-0.16|0.57|-1.34|0.20|1.14
0.71|0.14|0.34|-0.35|-0.23|-0.41|0.38|-0.69|0.33|-0.36|-0.72|0.82|0.01|-0.03|0.04|-0.75|-0.78|-0.67|-0.23|0.03|0.26|0.10|-0.66|-0.20|0.56|0.15|-0.59
