------ Dim separator ------
-0.57|0.11|-0.03|0.28|-0.94|-0.56|0.28|0.07|0.02|-0.19|-0.36|-0.39|-0.04|0.06|0.03|-0.19|0.51|0.54|-0.48|-0.59|-0.04|-0.23|0.29|-0.26|0.36|-0.09|0.65
-0.13|0.33|-0.20|0.25|0.14|0.24|0.13|-0.08|0.25|-0.07|-0.24|0.15|-0.03|0.07|0.00|-0.22|0.01|-0.13|-0.06|-0.30|-0.22|0.25|0.13|-0.35|0.37|0.10|-0.34
0.73|-0.03|-0.42|0.73|0.49|-0.63|0.30|-0.27|-0.42|0.17|-0.36|-0.55|0.34|0.04|-0.06|-0.05|0.06|0.02|0.89|-0.22|-1.25|0.45|-0.23|0.28|-0.34|0.36|-0.88
-0.38|-0.03|0.10|0.42|0.23|-0.50|-0.54|0.06|-0.05|-0.35|-0.88|-0.63|-0.01|0.00|0.01|-0.40|0.49|0.03|-0.13|-0.29|0.60|0.50|0.61|0.60|0.24|0.13|-0.32
0.35|0.06|0.18|0.26|0.53|-0.49|-0.73|0.20|0.29|-0.07|-0.32|-0.30|-0.03|0.00|0.08|-0.10|0.40|-0.30|-0.56|-0.44|-0.25|-0.10|-0.57|-0.23|-0.15|-0.44|-0.32
------ Dim separator ------
-0.10|-0.01|0.22|0.82|-0.07|0.52|-0.04|0.65|0.36|-0.05|0.45|0.69|0.03|0.02|-0.08|0.51|0.59|0.49|-0.18|-0.57|-0.36|0.24|0.12|1.04|-0.87|0.42|0.22
-0.94|0.01|-0.24|-0.33|0.23|-0.02|-0.20|0.41|-0.22|0.81|0.05|0.27|-0.04|-0.02|-0.02|0.14|-0.54|-0.77|-0.07|0.18|0.17|-0.55|-0.13|-0.20|-0.53|-0.82|0.62
0.17|0.19|-0.56|0.90|0.60|-0.12|-0.44|-0.12|-0.61|-0.19|0.12|-0.47|0.39|0.03|-0.01|0.08|-0.05|-0.07|1.10|-0.39|0.26|0.25|0.09|0.00|0.74|0.35|0.09
0.41|0.70|-0.11|0.25|0.01|0.04|-0.52|-0.03|-0.00|-0.28|-0.45|0.36|0.59|0.04|-0.01|0.01|-0.04|-0.01|1.02|-0.81|0.73|-0.88|0.07|-0.05|0.67|0.44|0.21
0.14|-0.37|-0.19|0.50|0.51|0.06|-0.13|-0.42|-0.51|0.49|-0.54|-0.19|-0.01|-0.00|0.06|0.23|0.32|-0.54|-0.80|0.31|-0.45|0.39|-0.49|0.45|-1.15|0.60|0.07
------ Dim separator ------
-0.66|0.56|-0.27|0.53|-0.32|-0.35|0.41|-0.29|0.42|-0.02|0.41|0.00|0.03|-0.01|0.01|0.48|0.31|0.26|-0.36|-0.49|-1.00|-0.13|-0.06|-0.14|0.22|-0.78|0.19
-0.50|-0.33|-0.24|-0.08|0.23|0.19|0.01|0.34|-0.09|0.21|0.38|0.37|0.01|-0.05|-0.03|-0.46|-0.51|0.61|0.12|0.19|0.77|-0.06|0.05|0.24|0.45|0.69|-1.33
-0.39|-0.14|0.14|0.73|0.10|-0.31|-0.32|0.39|-0.19|-0.58|0.06|0.83|0.01|0.01|0.02|-0.18|0.22|-0.42|0.75|-0.18|-0.23|-0.67|-0.12|0.18|0.16|0.03|0.70
0.06|-0.59|-0.72|0.32|-0.83|0.31|0.50|0.32|0.53|0.31|-0.72|0.35|0.03|0.05|-0.01|-0.23|0.38|-0.13|0.99|0.00|-0.14|0.55|-0.33|0.17|0.14|0.26|0.14
-0.59|0.29|-1.02|-0.48|-0.12|0.67|0.72|-0.29|0.28|0.33|-0.13|0.30|0.06|-0.02|-0.00|-0.07|-0.44|-0.39|-0.12|0.34|0.42|-0.35|1.00|0.47|-0.22|-0.51|-0.02
------ Dim separator ------
0.40|0.45|-0.67|-0.02|0.11|-0.10|-0.43|0.09|0.82|-0.06|-0.69|-0.14|-0.03|0.01|0.00|-0.07|0.50|-0.13|-0.62|-0.14|0.40|-0.28|-0.76|0.06|0.70|-0.95|-0.66
-0.55|-0.02|0.02|-0.14|-0.54|0.34|0.57|-1.08|-0.20|0.13|-0.91|-0.14|-0.04|0.00|0.06|-0.75|0.17|0.00|-0.17|-0.38|0.19|-0.21|0.44|0.44|0.33|0.05|0.03
0.44|-0.15|-0.06|0.78|-0.06|-0.13|-0.34|0.44|0.30|-0.16|-0.27|-0.58|0.57|-0.03|-0.03|0.05|0.04|-0.03|1.07|0.45|0.30|-0.07|-0.04|-0.27|-0.02|0.18|-0.14
0.18|-0.03|-0.28|0.70|-0.14|0.40|-0.42|0.36|0.18|-0.03|-0.46|0.29|0.05|-0.05|-0.06|0.10|0.03|0.31|0.85|-0.19|-0.22|-1.19|-0.18|0.23|-0.95|0.00|-0.52
0.42|-0.42|-0.61|-0.01|-0.96|0.10|-0.42|-0.84|0.52|-0.30|-0.08|-0.55|0.01|-0.02|0.03|-0.77|0.31|-0.19|-0.05|-0.12|0.73|-0.49|0.46|0.20|0.11|-0.71|0.16
------ Dim separator ------
0.58|-0.03|0.21|-0.21|-0.14|0.20|0.25|0.11|-1.03|0.28|0.46|0.06|0.02|-0.04|-0.04|0.17|0.40|-0.09|0.03|0.28|-0.14|-1.30|0.03|0.17|-0.18|0.09|0.26
-0.69|-0.42|0.30|-0.24|-0.13|0.11|0.48|-0.50|-0.61|-0.24|0.35|-0.31|0.01|0.01|-0.05|-0.26|0.13|0.19|-0.12|-0.21|0.58|-0.00|0.26|-0.69|-0.33|0.28|-0.19
0.56|-0.17|0.53|0.74|-0.08|-0.17|0.19|0.45|-0.08|0.15|-0.40|0.04|0.81|0.05|0.05|-0.04|0.39|0.01|0.64|-0.39|-0.32|-0.43|0.12|-0.56|-0.45|0.26|-0.42
0.56|0.05|-0.66|0.17|-0.04|0.11|-0.52|-0.62|0.21|0.34|-0.33|-0.37|0.54|0.07|0.03|0.04|-0.01|0.03|0.97|-0.16|0.33|-0.37|0.37|0.13|0.13|0.76|-0.54
-0.32|-0.25|-0.61|-0.55|0.23|0.38|0.42|-0.01|-0.49|0.59|-0.06|0.34|0.02|0.07|0.03|0.72|-0.32|-0.38|-0.28|0.22|0.16|0.11|0.54|0.14|0.35|0.32|-0.09
