------ Dim separator ------
0.55|-0.09|0.07|-0.37|-0.16|-0.13|-0.74|-0.14|-0.21|-0.28|-0.10|0.02|-0.05|0.03|-0.03|0.38|-0.36|0.21|-0.42|0.62|-0.82|0.11|-0.14|0.58|0.83|0.16|-0.90
0.04|0.55|-0.32|0.29|-0.04|-0.03|0.02|-0.27|0.23|-0.53|-0.95|-0.99|0.02|0.05|0.03|0.10|-0.43|0.67|0.59|0.44|0.79|-0.56|-0.14|0.54|0.35|0.42|-0.10
0.75|-0.40|-0.23|0.74|-0.17|-0.09|-0.29|0.14|0.00|-0.18|-0.04|0.13|0.84|0.02|0.01|-0.00|-0.00|-0.01|1.00|0.64|0.10|-0.72|-0.16|0.42|-0.09|-0.79|-0.02
0.11|0.75|0.39|-0.09|0.30|0.43|0.36|-0.01|-0.07|-0.41|-0.44|0.88|0.04|0.00|0.01|-0.68|0.08|0.04|-0.41|0.23|-0.01|0.23|0.17|-0.34|-1.08|0.86|1.17
0.16|-0.07|-0.39|-0.18|0.86|0.41|-0.06|-0.20|0.34|-0.36|0.54|0.32|0.02|0.00|-0.04|0.52|-0.05|0.37|-0.11|-0.27|-0.43|0.44|0.23|-0.89|1.08|0.41|-0.12
------ Dim separator ------
0.78|0.07|0.27|0.66|0.40|0.00|0.53|0.52|0.07|0.11|-0.08|-0.14|0.07|-0.02|-0.03|0.75|0.24|0.21|-0.74|-0.12|0.77|0.09|-0.43|-0.36|0.61|0.06|0.43
0.76|-0.21|0.17|-0.51|-0.17|-0.65|0.01|-0.36|-0.14|-0.09|-0.36|-0.12|0.06|-0.02|-0.01|-0.19|-0.46|0.64|-0.28|-0.84|0.50|0.12|-0.58|0.43|-0.40|0.16|0.52
0.21|-0.52|-0.30|0.76|0.01|0.39|0.50|-0.15|-0.33|-0.72|0.63|-1.04|0.05|-0.03|-0.01|0.11|-0.27|-0.10|0.87|0.06|0.06|-0.13|0.96|-0.11|-0.06|0.86|0.05
0.70|0.37|0.47|0.05|0.89|-0.33|0.67|0.57|-0.08|0.27|-0.20|0.40|0.89|-0.05|-0.06|-0.01|-0.01|0.02|1.00|-0.22|-0.33|-0.09|-0.32|0.44|-0.51|1.14|0.74
-0.23|0.42|1.35|0.48|0.56|-0.70|-0.39|-0.08|-0.31|-0.32|0.22|-0.60|0.07|-0.16|-0.02|-0.38|-0.23|-0.03|-0.42|-1.56|-0.51|-0.07|0.35|0.02|-0.26|0.06|-0.31
------ Dim separator ------
0.41|-0.78|-0.85|0.81|-0.05|-0.04|0.13|-0.58|-0.62|0.13|0.58|0.09|0.02|0.06|0.01|-0.12|-0.12|-0.53|-0.20|0.43|-0.12|0.15|0.35|-0.32|-1.22|-0.08|-0.24
0.38|-0.17|-0.22|-0.29|-0.15|-0.28|0.33|-0.14|0.62|-0.13|0.38|-0.47|-0.03|0.01|-0.15|0.92|0.66|0.14|-0.16|-0.56|0.01|-0.21|-0.05|0.22|0.31|-0.38|-0.65
-0.27|0.28|0.62|0.59|0.20|0.24|-0.03|0.14|-0.14|-0.18|-0.10|0.15|-0.01|-0.04|-0.01|0.62|-0.32|0.62|0.27|-0.21|1.07|-0.35|0.84|0.62|0.33|-0.31|0.26
-1.41|0.74|0.36|0.26|-0.54|0.83|0.69|0.03|0.35|0.50|-0.56|0.53|0.04|0.04|-0.03|0.12|-0.54|-0.27|-0.33|-0.84|-0.65|-0.47|0.08|-0.15|0.62|-0.18|-0.14
0.09|-0.41|0.29|-1.18|1.05|0.38|-0.29|-0.97|0.04|0.80|0.25|-0.66|0.03|0.04|0.02|-0.41|-0.73|0.11|-0.20|0.07|0.47|0.25|-0.83|0.38|0.21|0.84|0.32
------ Dim separator ------
0.17|-0.08|-0.33|-1.23|0.72|0.38|0.15|-0.24|-0.11|0.18|-0.38|0.18|0.01|-0.09|-0.05|-0.28|-0.36|-0.82|-1.35|0.31|-0.12|-0.10|1.00|-0.83|0.07|0.58|-0.02
-0.17|0.24|-0.17|0.47|-0.41|-0.51|0.00|0.08|-0.28|0.31|-0.20|-0.08|0.09|0.01|0.06|-0.14|0.20|0.15|-0.19|-0.23|0.56|-0.13|0.49|0.11|-0.02|1.02|-0.01
0.59|0.16|-0.22|0.78|0.36|-0.01|0.40|0.41|-0.13|-0.19|0.26|0.20|0.90|-0.03|0.02|-0.02|-0.01|0.01|1.01|0.84|-0.78|0.25|0.24|0.76|0.33|-0.42|-0.11
0.95|-0.03|-0.12|-0.18|0.57|-0.12|0.74|-0.45|0.12|-0.35|-0.31|0.13|0.04|0.02|0.01|0.67|-0.01|0.22|0.53|-0.02|-0.06|-0.41|-0.36|-0.34|0.01|0.01|-0.30
1.22|-0.25|-1.12|-1.13|-0.07|0.76|-0.51|0.73|0.21|-0.60|1.17|0.38|-0.08|0.03|-0.01|0.79|-0.21|-0.50|-1.13|0.16|0.47|-0.76|0.17|0.04|1.27|0.07|0.42
------ Dim separator ------
-0.52|1.08|0.28|0.21|0.18|-1.20|0.85|0.53|-0.34|-0.44|0.57|-0.04|0.01|0.04|0.04|-0.29|0.35|0.20|-0.32|-0.62|-0.20|-0.42|0.01|-1.12|0.73|-0.16|0.18
-0.75|-0.14|-1.21|0.06|0.08|0.04|0.82|0.15|0.33|0.47|-0.65|-0.48|-0.13|-0.05|0.01|-0.02|0.30|0.68|0.14|-0.31|-0.76|-0.32|-0.71|-0.51|-0.13|0.15|0.01
0.45|0.19|-0.19|0.69|-0.35|0.04|-0.24|-0.20|-0.60|-0.14|1.25|0.20|0.89|0.01|0.01|0.00|0.02|-0.02|0.96|0.09|-0.46|0.42|0.89|-0.06|1.23|0.00|0.19
0.80|0.62|0.12|0.14|-0.18|0.06|-0.42|-0.11|-0.89|0.31|-0.12|-0.05|0.43|0.02|0.08|0.07|0.00|-0.06|1.18|0.26|0.16|-0.19|-0.12|0.65|-1.40|0.24|1.25
0.65|0.23|0.51|-0.31|-0.06|-0.44|0.34|-0.73|0.16|-0.52|-0.65|0.82|-0.05|0.11|0.03|-0.65|-0.70|-0.81|-0.18|-0.09|0.21|0.27|-0.71|-0.18|0.60|0.19|-0.54
