------ Dim separator ------
0.43|0.12|0.24|-0.27|-0.14|-0.15|-0.68|-0.30|-0.30|-0.34|-0.09|0.11|-0.03|-0.04|0.00|0.38|-0.25|0.41|-0.32|0.51|-0.78|0.15|-0.10|0.81|0.88|0.10|-0.90
0.25|0.56|-0.09|0.13|-0.02|-0.07|0.23|-0.26|0.31|-0.55|-0.91|-0.82|-0.03|-0.06|-0.03|0.18|-0.47|0.84|0.58|0.32|0.73|-0.43|-0.13|0.54|0.42|0.26|-0.15
0.81|-0.52|-0.25|0.74|0.07|-0.20|-0.16|0.13|0.21|0.06|0.04|0.10|0.22|-0.03|0.00|-0.21|-0.26|-0.15|0.82|0.66|0.07|-0.66|0.05|0.41|-0.29|-0.89|-0.05
-0.15|0.70|0.71|-0.18|0.41|0.24|0.31|-0.07|-0.06|-0.34|-0.24|0.91|-0.02|0.01|0.01|-0.56|0.06|0.00|-0.29|0.23|0.05|0.22|0.15|-0.42|-1.12|0.86|1.09
0.19|-0.11|-0.36|-0.24|0.79|0.34|-0.04|-0.33|0.23|-0.57|0.47|0.53|-0.02|0.01|0.02|0.53|-0.06|0.41|-0.04|-0.15|-0.58|0.45|0.23|-0.85|0.68|0.48|-0.21
------ Dim separator ------
0.74|0.10|0.11|0.60|0.09|-0.20|0.40|0.58|0.14|-0.12|-0.22|-0.02|-0.06|-0.00|0.05|0.83|0.37|0.26|-0.77|-0.17|0.89|-0.13|-0.43|-0.43|0.55|0.15|0.39
0.83|-0.36|0.18|-0.33|-0.02|-0.65|0.21|-0.22|-0.35|-0.02|-0.30|-0.21|-0.07|-0.02|-0.01|0.03|-0.47|0.63|-0.24|-0.83|0.65|-0.00|-0.44|0.34|-0.32|0.06|0.57
0.39|-0.36|-0.36|0.71|-0.01|0.41|0.46|-0.16|-0.04|-0.62|0.64|-0.92|-0.10|0.03|0.02|0.17|-0.10|-0.27|0.62|0.05|0.02|-0.20|0.82|-0.35|0.11|0.97|-0.02
0.73|0.31|0.38|-0.04|0.99|-0.14|0.65|0.58|-0.15|0.19|-0.46|0.45|0.17|-0.03|0.04|0.07|0.00|-0.13|0.91|-0.29|-0.32|-0.07|-0.37|0.54|-0.44|0.99|0.82
-0.04|0.43|1.18|0.42|0.47|-0.86|-0.37|-0.13|-0.25|-0.27|0.15|-0.46|0.01|0.07|0.02|-0.21|-0.12|-0.08|-0.51|-1.33|-0.74|-0.04|0.33|0.00|-0.09|0.10|-0.44
------ Dim separator ------
0.37|-0.57|-0.86|0.76|0.04|0.12|-0.02|-0.59|-0.61|0.07|0.37|-0.06|-0.02|0.00|-0.00|-0.10|-0.15|-0.60|-0.37|0.52|-0.09|0.20|0.16|-0.48|-1.26|-0.00|-0.28
0.48|-0.05|-0.32|-0.34|-0.24|-0.15|0.40|-0.05|0.62|-0.02|0.41|-0.33|0.06|0.03|0.03|0.86|0.65|0.15|-0.33|-0.25|-0.00|-0.08|-0.01|0.13|0.32|-0.44|-0.65
-0.22|0.26|0.48|0.91|0.33|0.35|0.19|0.22|-0.07|-0.24|-0.10|0.01|0.00|0.08|0.00|0.52|-0.23|0.57|0.37|-0.46|1.04|-0.51|0.92|0.72|0.19|-0.31|0.40
-1.32|0.65|0.20|0.21|-0.43|0.61|0.47|0.11|0.14|0.37|-0.51|0.54|0.02|0.01|0.01|0.28|-0.73|-0.33|-0.39|-0.79|-0.59|-0.23|-0.14|0.00|0.54|-0.21|-0.12
0.29|-0.21|0.33|-1.09|0.96|0.30|-0.24|-1.02|0.02|0.95|0.27|-0.67|0.00|-0.04|0.05|-0.29|-0.94|0.19|-0.23|0.08|0.37|0.03|-0.76|0.30|0.10|0.85|0.25
------ Dim separator ------
0.12|-0.16|-0.38|-1.29|0.60|0.34|0.06|-0.10|-0.14|0.28|-0.19|0.19|0.01|0.02|0.06|-0.33|-0.33|-0.72|-1.24|0.40|-0.26|-0.10|1.06|-0.92|0.13|0.52|0.08
-0.05|0.35|-0.08|0.49|-0.44|-0.53|0.11|0.00|-0.56|0.27|-0.30|-0.05|-0.05|0.02|-0.03|-0.16|0.23|0.20|-0.06|-0.17|0.44|-0.01|0.21|0.02|0.01|1.25|0.12
0.65|0.03|-0.28|0.83|0.49|-0.14|0.39|0.37|-0.04|-0.23|0.05|0.09|0.12|0.05|0.04|0.10|0.16|0.09|0.88|0.69|-0.79|0.25|0.08|0.75|0.23|-0.44|-0.01
0.82|0.28|-0.07|-0.20|0.46|-0.22|0.62|-0.35|0.20|-0.45|-0.29|-0.00|-0.01|0.01|0.01|0.92|-0.26|0.13|0.59|-0.14|-0.02|-0.20|-0.38|-0.45|-0.10|-0.26|-0.27
1.13|-0.15|-1.11|-1.17|-0.08|0.71|-0.50|0.52|0.06|-0.69|0.93|0.37|0.04|-0.03|0.02|0.62|-0.05|-0.10|-1.00|0.33|0.33|-0.63|0.05|0.25|1.21|-0.13|0.36
------ Dim separator ------
-0.63|0.70|0.20|0.36|0.39|-1.08|0.92|0.55|-0.38|-0.28|0.42|-0.05|0.01|0.03|-0.05|-0.47|0.23|0.02|-0.45|-0.57|-0.24|-0.42|-0.11|-1.14|0.65|-0.14|0.24
-0.69|-0.20|-1.05|0.16|0.07|-0.24|0.65|0.02|0.07|0.56|-0.75|-0.66|0.01|0.06|-0.01|-0.05|0.47|0.39|-0.01|-0.27|-0.73|-0.35|-0.61|-0.32|-0.14|0.19|-0.13
0.39|0.11|-0.24|0.67|-0.26|-0.02|-0.18|-0.24|-0.54|-0.09|0.93|0.05|0.18|-0.03|-0.01|-0.01|0.22|0.04|0.67|-0.02|-0.43|0.26|0.83|0.05|1.14|-0.05|0.24
0.90|0.60|-0.04|0.34|-0.07|0.20|-0.55|-0.16|-0.78|0.37|-0.05|0.01|0.74|-0.04|-0.00|-0.01|-0.01|0.00|0.99|0.46|0.12|-0.13|-0.18|0.59|-1.36|0.21|1.14
0.71|0.12|0.34|-0.35|-0.24|-0.40|0.38|-0.71|0.34|-0.37|-0.71|0.84|0.01|-0.04|0.04|-0.75|-0.79|-0.67|-0.24|0.04|0.27|0.10|-0.66|-0.19|0.57|0.14|-0.60
