------ Dim separator ------
0.58|-0.11|0.08|-0.39|-0.16|-0.13|-0.76|-0.16|-0.19|-0.28|-0.10|0.01|-0.04|0.03|-0.03|0.39|-0.37|0.21|-0.45|0.64|-0.84|0.11|-0.15|0.60|0.84|0.15|-0.89
0.03|0.56|-0.35|0.30|-0.03|-0.04|0.02|-0.27|0.23|-0.57|-0.99|-1.00|0.02|0.04|0.03|0.10|-0.44|0.69|0.59|0.47|0.82|-0.57|-0.12|0.57|0.36|0.43|-0.11
0.75|-0.39|-0.21|0.75|-0.17|-0.11|-0.29|0.16|-0.00|-0.19|-0.05|0.15|0.89|0.02|0.01|-0.00|-0.01|-0.01|1.00|0.65|0.12|-0.72|-0.15|0.44|-0.07|-0.81|-0.02
0.12|0.74|0.40|-0.11|0.31|0.44|0.38|-0.02|-0.07|-0.43|-0.45|0.89|0.04|0.00|-0.00|-0.68|0.07|0.02|-0.41|0.23|-0.02|0.23|0.17|-0.34|-1.07|0.88|1.21
0.15|-0.06|-0.40|-0.19|0.86|0.41|-0.06|-0.21|0.34|-0.37|0.56|0.34|0.01|-0.00|-0.04|0.54|-0.03|0.38|-0.12|-0.28|-0.44|0.44|0.26|-0.91|1.10|0.41|-0.12
------ Dim separator ------
0.79|0.06|0.29|0.67|0.41|0.01|0.56|0.52|0.08|0.11|-0.07|-0.14|0.06|-0.03|-0.03|0.75|0.23|0.21|-0.74|-0.13|0.77|0.11|-0.44|-0.34|0.64|0.04|0.44
0.77|-0.18|0.14|-0.51|-0.15|-0.67|0.00|-0.37|-0.14|-0.08|-0.35|-0.13|0.05|-0.01|-0.01|-0.19|-0.46|0.67|-0.26|-0.84|0.51|0.14|-0.57|0.43|-0.41|0.14|0.52
0.20|-0.54|-0.30|0.77|0.03|0.38|0.48|-0.14|-0.34|-0.73|0.63|-1.05|0.04|-0.03|-0.01|0.11|-0.28|-0.11|0.88|0.07|0.06|-0.14|0.96|-0.08|-0.05|0.89|0.04
0.70|0.36|0.50|0.06|0.89|-0.34|0.67|0.57|-0.06|0.27|-0.21|0.40|0.92|-0.03|-0.06|-0.00|-0.00|0.01|1.00|-0.22|-0.34|-0.08|-0.33|0.46|-0.53|1.15|0.75
-0.25|0.45|1.39|0.48|0.57|-0.70|-0.39|-0.07|-0.34|-0.32|0.22|-0.59|0.06|-0.15|-0.02|-0.39|-0.24|-0.02|-0.41|-1.59|-0.53|-0.06|0.34|0.01|-0.25|0.05|-0.29
------ Dim separator ------
0.43|-0.78|-0.88|0.82|-0.05|-0.02|0.12|-0.58|-0.62|0.14|0.61|0.11|0.02|0.06|0.01|-0.16|-0.12|-0.53|-0.19|0.43|-0.11|0.14|0.35|-0.29|-1.24|-0.07|-0.23
0.39|-0.17|-0.23|-0.29|-0.12|-0.28|0.34|-0.15|0.63|-0.14|0.39|-0.46|-0.03|-0.01|-0.12|0.94|0.67|0.16|-0.16|-0.58|-0.01|-0.23|-0.06|0.22|0.31|-0.39|-0.65
-0.28|0.29|0.65|0.62|0.18|0.25|-0.05|0.13|-0.15|-0.18|-0.11|0.14|-0.00|-0.04|-0.02|0.62|-0.32|0.62|0.27|-0.20|1.07|-0.33|0.85|0.62|0.35|-0.30|0.25
-1.42|0.75|0.37|0.27|-0.54|0.84|0.70|0.03|0.35|0.51|-0.56|0.54|0.03|0.03|-0.02|0.13|-0.55|-0.25|-0.31|-0.86|-0.66|-0.49|0.06|-0.15|0.63|-0.18|-0.14
0.09|-0.41|0.29|-1.21|1.08|0.39|-0.29|-0.97|0.04|0.80|0.23|-0.66|0.03|0.03|0.01|-0.42|-0.70|0.09|-0.21|0.08|0.47|0.27|-0.85|0.40|0.20|0.85|0.31
------ Dim separator ------
0.17|-0.08|-0.35|-1.22|0.70|0.40|0.14|-0.26|-0.09|0.17|-0.38|0.17|0.01|-0.08|-0.04|-0.31|-0.36|-0.84|-1.37|0.33|-0.13|-0.11|1.03|-0.85|0.06|0.58|-0.02
-0.16|0.23|-0.17|0.46|-0.40|-0.51|-0.01|0.07|-0.26|0.34|-0.20|-0.07|0.07|0.01|0.05|-0.14|0.20|0.15|-0.19|-0.23|0.59|-0.15|0.49|0.10|-0.01|1.03|-0.02
0.58|0.17|-0.24|0.78|0.34|0.01|0.40|0.42|-0.12|-0.19|0.26|0.22|0.93|-0.03|0.02|-0.02|-0.01|0.01|1.00|0.87|-0.80|0.25|0.24|0.76|0.34|-0.45|-0.11
0.98|-0.04|-0.12|-0.19|0.55|-0.12|0.75|-0.43|0.13|-0.33|-0.32|0.12|0.04|0.01|0.01|0.69|-0.03|0.22|0.55|-0.02|-0.07|-0.44|-0.39|-0.34|-0.00|0.03|-0.30
1.23|-0.24|-1.15|-1.14|-0.07|0.76|-0.51|0.74|0.21|-0.63|1.21|0.39|-0.07|0.03|-0.01|0.83|-0.22|-0.52|-1.14|0.17|0.47|-0.76|0.19|0.04|1.29|0.09|0.46
------ Dim separator ------
-0.51|1.11|0.28|0.22|0.21|-1.22|0.86|0.55|-0.35|-0.45|0.56|-0.03|-0.00|0.03|0.03|-0.29|0.38|0.23|-0.30|-0.62|-0.19|-0.45|0.00|-1.15|0.76|-0.17|0.19
-0.77|-0.14|-1.24|0.06|0.05|0.04|0.85|0.16|0.33|0.46|-0.67|-0.49|-0.11|-0.04|0.01|-0.02|0.28|0.71|0.15|-0.32|-0.77|-0.32|-0.71|-0.53|-0.11|0.15|0.00
0.44|0.21|-0.20|0.69|-0.39|0.03|-0.24|-0.20|-0.60|-0.14|1.27|0.21|0.92|0.01|0.01|-0.00|0.02|-0.01|0.97|0.08|-0.47|0.43|0.89|-0.05|1.23|0.00|0.19
0.80|0.64|0.12|0.12|-0.19|0.07|-0.39|-0.09|-0.91|0.30|-0.11|-0.04|0.38|0.02|0.08|0.09|-0.02|-0.06|1.18|0.25|0.15|-0.19|-0.13|0.67|-1.42|0.25|1.27
0.64|0.22|0.54|-0.30|-0.05|-0.44|0.34|-0.75|0.14|-0.55|-0.65|0.84|-0.05|0.10|0.02|-0.66|-0.73|-0.83|-0.18|-0.08|0.21|0.29|-0.71|-0.16|0.62|0.18|-0.55
