------ Dim separator ------
0.48|-0.41|-0.11|-0.37|-0.13|-0.17|-0.98|-0.36|-0.41|-0.02|-0.38|0.35|0.01|0.03|0.01|0.24|-0.58|0.74|-0.60|0.85|-0.80|0.25|-0.01|0.44|1.29|0.23|-1.02
0.07|0.74|-0.13|0.46|-0.21|-0.32|-0.12|-0.19|0.32|-0.71|-0.92|-0.99|0.00|0.00|-0.01|-0.24|-0.45|0.91|0.68|0.65|1.01|-0.53|-0.17|0.59|0.15|0.29|0.14
0.85|-0.51|-0.48|0.64|-0.09|-0.32|-0.41|-0.06|-0.36|-0.28|-0.19|0.50|0.08|0.02|0.02|-0.29|-0.10|0.19|1.08|0.74|0.29|-0.67|-0.22|0.49|-0.20|-0.55|-0.21
-0.20|0.83|0.60|-0.41|0.21|0.23|0.32|0.02|0.05|-0.34|-0.63|1.22|-0.02|-0.01|0.00|-0.67|0.01|-0.17|-0.64|-0.18|-0.33|0.20|0.45|-0.34|-1.07|0.60|1.74
0.26|-0.16|-0.41|-0.22|0.95|0.48|-0.46|-0.17|0.15|-0.61|0.63|0.25|0.01|0.00|0.03|0.66|-0.54|0.62|-0.08|-0.31|-0.32|0.59|-0.05|-1.42|1.41|0.11|-0.25
------ Dim separator ------
0.86|0.19|0.67|0.53|0.31|-0.19|0.78|0.41|0.04|-0.08|-0.52|-0.44|-0.02|-0.01|-0.00|0.66|0.09|0.33|-0.86|-0.33|0.98|0.21|-0.68|-0.04|0.63|-0.12|0.70
0.69|-0.56|0.08|-0.39|-0.10|-0.84|0.24|-0.11|-0.38|-0.23|-0.40|0.20|0.00|-0.02|0.02|-0.18|-0.56|0.77|-0.47|-0.83|0.38|0.08|-0.80|-0.04|-0.21|0.15|0.87
0.20|-0.60|-0.35|0.92|0.01|0.29|0.48|-0.45|-0.18|-0.18|0.50|-1.22|0.98|-0.01|-0.02|0.00|-0.01|0.00|1.00|-0.07|-0.02|-0.40|1.08|0.13|-0.35|0.74|0.05
0.15|0.26|0.60|0.36|1.25|0.03|0.45|0.37|-0.15|0.32|-0.23|0.59|0.99|0.02|-0.01|-0.01|0.01|-0.02|0.99|-0.29|0.14|-0.21|-0.24|0.08|-0.80|1.31|1.11
-0.27|0.05|1.33|0.61|0.95|-0.59|-0.33|-0.06|-0.36|-0.23|-0.12|-0.56|-0.01|0.02|0.01|-0.58|0.08|-0.36|-0.37|-1.87|-0.35|-0.17|0.47|0.46|0.18|0.18|-0.51
------ Dim separator ------
0.45|-0.72|-0.91|0.98|-0.08|-0.26|0.25|-0.66|-0.57|-0.23|0.60|0.32|-0.04|-0.01|-0.01|0.19|-0.43|-0.57|-0.43|0.50|-0.27|0.29|0.31|-0.50|-1.14|-0.12|-0.49
0.39|-0.16|-0.24|-0.61|-0.20|-0.77|0.43|-0.03|0.45|-0.37|0.42|-0.60|-0.02|-0.02|0.03|0.98|0.50|0.37|-0.43|-0.23|0.09|-0.44|-0.24|0.29|-0.08|-0.63|-0.99
0.10|0.29|0.90|0.70|0.31|0.47|-0.03|0.14|-0.41|-0.25|-0.09|-0.06|-0.02|-0.01|0.02|0.34|-0.22|0.78|-0.00|-0.36|0.87|-0.43|0.83|0.81|0.00|-0.41|0.16
-1.38|0.80|0.59|0.05|-0.49|1.28|0.71|0.27|0.44|0.11|-0.57|0.26|-0.05|-0.03|0.00|0.37|-0.76|-0.09|-0.39|-0.88|-1.05|-0.45|0.72|-0.01|0.90|-0.35|-0.21
0.20|-0.48|0.45|-0.84|1.00|0.39|-0.16|-1.24|-0.18|0.87|0.19|-0.54|-0.03|0.00|-0.04|-0.26|-0.45|0.61|-0.46|0.09|0.56|0.52|-0.88|0.48|0.18|0.99|0.64
------ Dim separator ------
0.39|-0.35|-0.48|-1.52|0.94|0.10|0.28|-0.10|0.12|0.43|-0.20|0.41|-0.02|-0.01|-0.02|-0.38|-0.31|-0.45|-1.51|0.58|-0.05|-0.14|0.76|-0.69|0.33|0.55|-0.22
-0.25|-0.13|-0.48|0.39|-0.14|-0.81|-0.04|-0.22|-0.24|0.32|0.06|-0.23|-0.00|-0.01|-0.01|-0.03|0.56|0.25|-0.13|-0.45|0.56|-0.21|0.32|0.18|-0.04|1.02|0.27
0.25|-0.01|-0.13|0.73|0.40|0.20|0.28|0.19|-0.09|-0.13|0.10|0.25|0.99|-0.02|-0.02|0.01|0.01|-0.01|0.99|0.53|-0.91|0.33|0.36|0.88|0.39|-0.19|-0.20
1.20|0.17|-0.27|-0.17|0.52|-0.13|0.61|-0.55|0.38|-0.33|-0.43|0.38|0.02|0.01|0.02|0.97|-0.05|-0.04|0.77|-0.14|-0.07|-0.66|-0.21|-0.34|-0.32|0.18|-0.42
1.36|-0.48|-1.35|-0.84|-0.16|0.56|-0.18|0.59|0.22|-0.60|1.00|0.06|0.01|-0.00|-0.02|0.64|-0.47|-0.39|-1.53|0.23|0.31|-0.99|0.26|0.13|1.38|-0.34|0.48
------ Dim separator ------
-0.21|1.05|0.23|0.54|0.16|-1.19|0.89|0.51|-0.44|-0.66|0.29|0.10|-0.00|0.00|-0.00|-0.09|0.07|-0.02|-0.32|-0.56|0.07|0.04|-0.33|-1.32|0.80|-0.41|0.33
-0.61|-0.25|-1.31|-0.23|0.26|0.13|0.84|0.07|0.25|0.79|-0.79|-0.87|0.03|0.02|-0.02|0.33|0.06|0.64|0.03|-0.38|-0.79|-0.49|-0.59|-0.79|-0.39|-0.20|0.03
0.60|0.09|-0.13|0.75|-0.55|0.04|-0.26|-0.27|-0.64|-0.12|1.31|0.39|0.96|0.00|0.02|-0.01|-0.01|0.02|1.00|0.01|-0.20|0.63|1.01|-0.13|1.05|-0.01|-0.04
0.27|0.57|0.36|0.06|0.33|-0.09|-0.56|-0.20|-1.30|0.35|-0.13|0.05|0.96|-0.00|-0.03|0.00|-0.00|0.01|1.00|0.31|0.16|-0.18|-0.08|1.06|-1.25|0.23|1.46
0.99|0.45|0.35|-0.59|0.04|-0.28|0.09|-1.24|-0.04|-0.63|-0.71|0.83|0.00|0.00|0.02|-0.84|-0.79|-0.51|0.05|-0.51|0.49|0.33|-0.66|-0.02|0.58|0.34|-0.56
