------ Dim separator ------
0.28|-0.10|0.26|-0.39|-0.18|-0.13|-0.67|-0.16|-0.46|-0.32|-0.20|-0.06|0.06|-0.04|-0.01|0.26|-0.31|0.69|-0.36|0.56|-0.94|0.39|0.05|0.71|1.03|0.18|-0.94
0.12|0.57|-0.07|0.11|-0.15|-0.04|0.23|-0.40|0.22|-0.70|-0.93|-0.92|-0.03|0.00|-0.02|0.15|-0.45|1.02|0.54|0.47|0.80|-0.49|0.15|0.41|0.43|0.15|-0.23
0.85|-0.63|-0.33|0.67|0.05|-0.26|-0.18|0.14|0.03|0.01|0.02|0.23|-0.02|-0.07|0.03|-0.44|-0.25|-0.13|0.82|0.83|0.08|-0.61|0.03|0.45|-0.27|-0.87|-0.29
-0.13|0.77|0.82|-0.21|0.44|0.05|0.32|-0.23|-0.08|-0.42|-0.32|1.03|0.01|0.01|0.04|-0.39|0.18|-0.01|-0.40|0.11|-0.02|0.10|0.17|-0.29|-1.01|0.61|1.40
0.27|-0.31|-0.49|-0.20|0.69|0.31|-0.06|-0.20|0.11|-0.64|0.42|0.43|-0.02|-0.03|-0.04|0.63|-0.13|0.49|-0.10|-0.16|-0.51|0.41|0.01|-0.97|0.83|0.35|-0.31
------ Dim separator ------
0.73|0.08|0.24|0.52|0.08|-0.16|0.50|0.47|-0.02|-0.19|-0.40|-0.04|-0.04|0.03|0.02|0.76|0.34|0.21|-0.78|-0.17|1.06|-0.25|-0.54|-0.42|0.57|-0.01|0.22
0.94|-0.41|0.20|-0.38|0.13|-0.69|0.33|-0.11|-0.30|-0.13|-0.21|-0.15|0.00|0.04|-0.01|0.14|-0.41|0.61|-0.34|-0.92|0.70|0.05|-0.50|0.22|-0.31|0.20|0.69
0.33|-0.44|-0.34|0.74|0.12|0.36|0.55|-0.19|-0.04|-0.48|0.59|-0.96|0.00|-0.01|0.00|0.24|-0.11|-0.09|0.79|0.05|-0.06|-0.24|0.73|-0.36|-0.11|0.87|-0.05
0.69|0.42|0.41|-0.05|1.10|-0.19|0.68|0.58|-0.20|0.24|-0.45|0.51|-0.05|0.04|0.05|0.01|0.08|-0.18|0.97|-0.47|-0.29|-0.08|-0.46|0.55|-0.53|0.97|0.85
-0.13|0.35|1.20|0.46|0.42|-0.90|-0.34|-0.17|-0.38|-0.21|0.31|-0.34|-0.00|0.01|0.01|-0.22|-0.13|0.04|-0.32|-1.25|-0.57|0.06|0.33|0.08|-0.05|0.10|-0.40
------ Dim separator ------
0.29|-0.54|-0.80|0.87|0.07|0.08|-0.03|-0.67|-0.76|-0.11|0.34|0.12|0.01|0.00|0.00|-0.04|-0.30|-0.50|-0.44|0.58|-0.06|0.25|0.10|-0.47|-1.33|-0.03|-0.45
0.44|0.04|-0.30|-0.47|-0.20|-0.17|0.43|-0.02|0.61|-0.13|0.46|-0.53|0.02|-0.03|0.01|0.88|0.65|0.24|-0.24|-0.21|0.02|-0.04|-0.03|0.23|0.19|-0.51|-0.74
-0.08|0.20|0.47|0.90|0.25|0.42|-0.01|0.30|-0.08|-0.18|-0.03|0.06|0.00|-0.02|-0.07|0.37|-0.36|0.71|0.37|-0.58|1.02|-0.48|0.94|0.76|0.20|-0.47|0.28
-1.39|0.62|0.21|0.11|-0.52|0.72|0.56|0.09|0.19|0.39|-0.45|0.32|0.04|0.04|-0.01|0.22|-0.73|-0.28|-0.62|-0.98|-0.79|-0.19|-0.14|0.28|0.45|-0.11|-0.34
0.30|-0.31|0.46|-1.00|1.04|0.45|-0.11|-1.06|-0.04|0.95|0.12|-0.90|0.03|-0.00|-0.04|-0.22|-0.83|0.20|-0.19|0.06|0.45|0.28|-0.69|0.28|0.04|0.90|0.29
------ Dim separator ------
0.35|-0.25|-0.36|-1.49|0.77|0.31|0.17|-0.15|-0.15|0.37|-0.07|0.22|0.04|0.08|-0.02|-0.45|-0.36|-0.72|-1.28|0.43|-0.32|-0.09|1.16|-0.75|0.37|0.44|-0.09
-0.10|0.20|-0.24|0.54|-0.51|-0.54|0.03|-0.09|-0.61|0.29|-0.39|-0.08|-0.04|0.02|-0.01|-0.04|0.29|0.26|-0.04|-0.20|0.44|-0.06|0.21|0.03|-0.01|1.20|0.20
0.53|0.12|-0.43|0.89|0.49|0.05|0.23|0.19|0.09|-0.25|0.04|0.06|-0.02|0.02|-0.04|0.04|0.15|0.01|0.86|0.53|-0.62|0.20|0.16|0.68|0.24|-0.34|-0.12
0.99|0.20|0.01|-0.23|0.30|-0.10|0.61|-0.25|0.20|-0.34|-0.17|0.02|-0.05|-0.01|0.01|0.89|-0.26|-0.02|0.61|-0.15|-0.05|-0.10|-0.36|-0.36|-0.32|-0.11|-0.35
1.14|-0.13|-0.97|-1.23|-0.06|0.72|-0.35|0.47|-0.03|-0.63|1.07|0.31|-0.02|-0.03|-0.01|0.70|-0.06|-0.03|-0.93|0.23|0.43|-0.86|0.22|0.28|1.24|-0.22|0.31
------ Dim separator ------
-0.69|0.81|0.12|0.42|0.33|-0.92|0.89|0.69|-0.51|-0.35|0.50|0.06|-0.03|0.02|-0.05|-0.32|0.15|-0.04|-0.41|-0.55|-0.20|-0.27|-0.05|-1.21|0.71|-0.27|0.23
-0.66|-0.31|-1.06|0.12|0.24|-0.23|0.80|0.08|0.08|0.44|-0.72|-0.74|0.06|-0.04|0.00|-0.04|0.42|0.38|-0.11|-0.29|-0.69|-0.44|-0.73|-0.47|-0.24|0.23|0.07
0.48|0.06|-0.26|0.72|-0.44|-0.16|-0.03|-0.29|-0.61|-0.22|1.07|0.10|0.09|-0.00|-0.06|-0.06|0.23|0.12|0.64|0.02|-0.45|0.41|0.73|-0.03|1.18|-0.18|0.19
0.70|0.63|-0.10|0.33|-0.15|0.14|-0.50|-0.18|-0.86|0.25|-0.09|0.04|0.21|-0.01|-0.03|0.08|0.01|0.08|0.91|0.37|0.24|-0.26|-0.08|0.73|-1.32|0.11|1.14
0.73|0.19|0.39|-0.46|-0.23|-0.29|0.26|-0.97|0.27|-0.23|-0.71|0.88|0.03|-0.07|-0.01|-0.95|-0.75|-0.60|-0.19|-0.03|0.31|0.12|-0.63|-0.14|0.40|0.22|-0.64
