------ Dim separator ------
0.41|-0.42|0.20|-0.57|-0.12|-0.05|-0.60|-0.16|-0.40|-0.61|-0.07|-0.06|0.02|-0.01|0.01|0.21|-0.41|0.45|-0.31|0.42|-0.81|0.14|-0.12|0.67|0.99|0.01|-0.67
0.02|0.59|-0.11|0.31|-0.13|-0.19|0.20|-0.46|0.07|-0.89|-0.84|-1.02|0.02|-0.02|0.05|0.24|-0.51|1.05|0.42|0.49|0.79|-0.64|0.27|0.22|0.42|0.09|-0.16
0.86|-0.43|-0.40|0.64|-0.15|-0.55|-0.28|0.32|-0.01|0.07|-0.03|0.30|0.00|0.06|-0.06|-0.21|0.13|-0.25|0.89|0.91|0.08|-0.55|0.11|0.40|-0.08|-0.86|-0.26
0.00|0.64|0.93|-0.13|0.63|0.15|-0.01|-0.30|0.17|-0.42|-0.29|1.10|-0.01|-0.01|-0.05|-0.65|0.13|-0.07|-0.29|0.11|0.12|-0.15|-0.03|-0.22|-0.85|0.58|1.30
0.29|-0.45|-0.33|-0.07|0.64|0.43|-0.08|-0.28|0.37|-0.66|0.50|0.58|0.01|0.02|0.01|0.76|-0.00|0.47|-0.33|-0.04|-0.56|0.40|0.22|-0.93|0.82|0.41|-0.33
------ Dim separator ------
0.90|0.02|0.24|0.52|0.08|-0.07|0.50|0.60|0.05|-0.18|-0.43|0.01|0.05|0.01|-0.02|0.84|0.52|0.39|-0.73|-0.25|1.10|-0.32|-0.70|-0.29|0.82|-0.31|0.06
0.93|-0.22|0.30|-0.29|0.27|-0.83|0.16|0.12|-0.20|-0.09|-0.32|-0.43|-0.00|-0.00|-0.01|0.27|-0.48|0.41|-0.20|-0.92|0.55|0.16|-0.24|0.25|-0.35|0.38|0.61
0.10|-0.41|-0.42|0.61|0.22|0.49|0.85|-0.16|-0.08|-0.78|0.73|-1.06|-0.05|0.03|0.00|0.20|-0.26|0.24|0.90|0.31|-0.16|-0.13|0.60|-0.34|0.11|1.07|-0.05
0.78|0.24|0.49|-0.16|0.78|-0.20|0.67|0.24|-0.41|0.28|-0.37|0.54|-0.04|0.02|-0.01|-0.16|0.05|0.08|0.78|-0.56|-0.49|-0.19|-0.48|0.52|-0.53|0.87|0.57
-0.11|0.54|1.07|0.40|0.29|-0.94|-0.58|0.01|-0.44|-0.20|0.42|-0.17|-0.02|0.06|-0.04|-0.16|-0.37|0.09|-0.26|-1.28|-0.74|-0.11|0.25|-0.12|-0.22|-0.11|-0.39
------ Dim separator ------
0.31|-0.41|-0.54|1.03|0.06|-0.03|-0.04|-0.57|-0.85|-0.26|0.30|0.16|0.03|-0.03|-0.01|-0.23|-0.02|-0.53|-0.52|0.39|0.00|-0.01|0.25|-0.04|-1.46|-0.02|-0.52
0.30|0.06|-0.24|-0.64|-0.32|-0.32|0.24|-0.04|0.50|-0.15|0.37|-0.48|-0.01|0.01|0.06|0.85|0.65|0.10|-0.05|-0.34|0.03|-0.02|0.05|0.52|0.17|-0.58|-0.65
-0.05|0.28|0.43|0.90|0.24|0.25|0.02|0.03|-0.14|-0.02|0.01|0.16|0.01|0.01|0.05|0.14|-0.40|0.53|0.22|-0.50|1.07|-0.34|0.71|0.86|0.33|-0.52|0.15
-1.45|0.76|0.21|0.03|-0.39|0.82|0.56|0.05|0.19|0.51|-0.64|0.41|-0.04|-0.02|0.01|0.21|-0.53|-0.36|-0.58|-0.90|-0.59|-0.17|-0.07|0.56|0.46|-0.13|-0.06
0.29|-0.48|0.47|-1.27|1.50|0.38|0.10|-1.16|0.00|0.78|0.17|-1.02|-0.02|-0.01|0.04|-0.34|-0.92|0.13|-0.42|-0.12|0.48|0.26|-0.73|0.32|-0.02|0.95|-0.03
------ Dim separator ------
0.59|-0.40|-0.79|-1.31|0.72|0.38|0.14|-0.39|-0.37|0.11|0.01|0.31|-0.01|0.01|0.04|-0.54|-0.60|-0.79|-1.30|0.17|-0.12|-0.18|1.22|-0.93|0.34|0.42|-0.07
-0.07|0.19|-0.20|0.62|-0.51|-0.20|-0.12|-0.24|-0.47|0.22|-0.50|-0.20|-0.01|-0.00|-0.00|0.12|0.21|0.09|0.03|-0.27|0.32|-0.16|0.31|0.20|-0.12|1.19|-0.17
0.47|0.17|-0.47|0.98|0.27|0.10|0.42|0.29|0.36|-0.46|0.24|-0.03|-0.04|-0.01|0.01|0.44|0.14|0.01|0.89|0.52|-0.63|0.34|0.14|0.85|0.35|-0.52|-0.29
0.85|-0.12|0.37|-0.38|0.39|-0.25|0.83|-0.26|0.29|-0.14|-0.29|0.08|0.00|-0.05|-0.03|0.76|-0.28|0.21|0.52|-0.02|0.23|-0.16|-0.40|-0.20|0.15|-0.07|-0.29
1.13|-0.15|-0.87|-1.36|0.07|0.70|-0.33|0.48|-0.03|-0.90|0.97|0.23|0.06|0.03|0.01|0.74|0.07|-0.11|-0.89|0.23|0.55|-0.84|0.29|0.38|1.20|-0.08|0.50
------ Dim separator ------
-0.36|1.02|0.40|0.58|0.57|-1.08|0.67|0.82|-0.52|-0.32|0.47|0.15|0.03|-0.05|0.06|-0.03|0.33|0.18|-0.43|-0.45|-0.08|-0.47|0.05|-1.19|0.85|-0.24|0.23
-0.72|-0.25|-0.88|0.17|0.04|-0.16|0.69|0.32|0.10|0.46|-0.92|-0.78|0.03|0.02|0.01|-0.01|0.48|0.49|0.15|-0.13|-0.68|-0.47|-0.74|-0.56|-0.09|0.42|0.22
0.60|0.05|-0.13|0.77|-0.42|-0.18|-0.08|-0.34|-0.63|-0.15|0.80|0.15|0.95|0.01|0.00|-0.00|1.00|0.01|0.01|0.21|-0.55|0.17|0.55|-0.05|1.11|-0.23|0.50
0.70|0.57|-0.14|0.28|-0.36|-0.03|-0.25|-0.30|-0.82|0.33|-0.14|0.20|0.00|-0.00|-0.02|0.35|0.16|0.14|0.95|0.22|0.43|-0.37|-0.17|0.69|-1.21|0.07|1.17
0.61|0.37|0.37|-0.31|-0.14|-0.21|0.34|-0.82|0.19|-0.28|-0.67|0.93|-0.00|-0.03|-0.08|-0.83|-0.90|-0.54|-0.28|-0.10|0.17|0.28|-0.63|-0.18|0.46|0.44|-0.71
