------ Dim separator ------
0.42|-0.44|0.21|-0.59|-0.12|-0.04|-0.62|-0.18|-0.39|-0.62|-0.07|-0.07|0.01|-0.01|0.02|0.22|-0.42|0.46|-0.32|0.44|-0.82|0.14|-0.13|0.67|1.01|0.02|-0.68
0.02|0.60|-0.12|0.32|-0.11|-0.20|0.20|-0.46|0.08|-0.91|-0.86|-1.02|0.02|-0.02|0.05|0.24|-0.50|1.07|0.42|0.52|0.81|-0.64|0.28|0.22|0.41|0.10|-0.16
0.86|-0.42|-0.40|0.64|-0.15|-0.57|-0.28|0.33|-0.00|0.08|-0.03|0.31|0.01|0.05|-0.04|-0.22|0.13|-0.26|0.87|0.92|0.09|-0.54|0.12|0.41|-0.09|-0.87|-0.26
0.01|0.65|0.94|-0.14|0.64|0.16|-0.01|-0.30|0.18|-0.43|-0.30|1.11|-0.00|-0.01|-0.04|-0.65|0.12|-0.07|-0.29|0.10|0.14|-0.17|-0.02|-0.24|-0.85|0.59|1.33
0.27|-0.47|-0.34|-0.08|0.64|0.44|-0.08|-0.28|0.38|-0.68|0.51|0.59|0.01|0.01|0.01|0.77|0.01|0.47|-0.34|-0.05|-0.57|0.40|0.23|-0.94|0.81|0.42|-0.34
------ Dim separator ------
0.91|0.03|0.24|0.55|0.10|-0.07|0.51|0.59|0.04|-0.19|-0.42|0.00|0.04|0.01|-0.01|0.85|0.53|0.39|-0.74|-0.25|1.10|-0.32|-0.71|-0.30|0.83|-0.32|0.06
0.91|-0.21|0.28|-0.28|0.29|-0.85|0.17|0.12|-0.19|-0.07|-0.32|-0.45|0.00|-0.01|-0.00|0.28|-0.49|0.42|-0.22|-0.93|0.55|0.18|-0.24|0.26|-0.34|0.40|0.61
0.09|-0.42|-0.43|0.61|0.24|0.50|0.85|-0.16|-0.08|-0.77|0.71|-1.06|-0.04|0.02|-0.00|0.21|-0.27|0.24|0.89|0.32|-0.15|-0.12|0.62|-0.33|0.11|1.09|-0.06
0.78|0.24|0.50|-0.18|0.77|-0.21|0.68|0.24|-0.42|0.28|-0.40|0.55|-0.04|0.01|-0.01|-0.15|0.07|0.08|0.78|-0.57|-0.51|-0.19|-0.50|0.53|-0.54|0.87|0.57
-0.11|0.57|1.08|0.41|0.31|-0.95|-0.60|0.01|-0.44|-0.20|0.42|-0.15|-0.02|0.05|-0.03|-0.18|-0.38|0.10|-0.26|-1.31|-0.75|-0.12|0.26|-0.14|-0.20|-0.12|-0.39
------ Dim separator ------
0.30|-0.41|-0.55|1.05|0.06|-0.03|-0.04|-0.59|-0.85|-0.26|0.29|0.16|0.03|-0.03|-0.01|-0.24|-0.04|-0.54|-0.53|0.40|0.01|0.00|0.25|-0.04|-1.46|-0.01|-0.53
0.32|0.08|-0.24|-0.66|-0.30|-0.33|0.24|-0.04|0.50|-0.17|0.38|-0.48|-0.01|0.01|0.04|0.84|0.64|0.11|-0.05|-0.34|0.01|-0.01|0.05|0.54|0.18|-0.57|-0.66
-0.06|0.28|0.44|0.91|0.24|0.25|0.00|0.02|-0.14|-0.02|0.02|0.15|0.01|0.01|0.05|0.15|-0.40|0.53|0.22|-0.50|1.08|-0.33|0.72|0.89|0.33|-0.54|0.16
-1.47|0.77|0.23|0.03|-0.40|0.83|0.57|0.04|0.20|0.51|-0.64|0.42|-0.04|-0.02|0.00|0.21|-0.54|-0.35|-0.58|-0.92|-0.60|-0.17|-0.08|0.56|0.48|-0.12|-0.06
0.28|-0.49|0.48|-1.28|1.51|0.39|0.10|-1.17|-0.01|0.78|0.16|-1.03|-0.02|-0.00|0.04|-0.35|-0.91|0.12|-0.43|-0.13|0.49|0.27|-0.74|0.33|-0.04|0.96|-0.04
------ Dim separator ------
0.58|-0.41|-0.80|-1.33|0.73|0.38|0.13|-0.40|-0.37|0.10|0.02|0.30|-0.01|0.00|0.04|-0.55|-0.61|-0.80|-1.31|0.19|-0.11|-0.18|1.24|-0.97|0.34|0.42|-0.07
-0.07|0.19|-0.20|0.62|-0.51|-0.20|-0.13|-0.26|-0.47|0.24|-0.51|-0.21|-0.01|-0.01|0.00|0.13|0.22|0.09|0.03|-0.27|0.35|-0.18|0.31|0.21|-0.12|1.19|-0.17
0.47|0.18|-0.49|0.97|0.27|0.11|0.42|0.29|0.36|-0.45|0.25|-0.02|-0.04|-0.01|0.01|0.46|0.15|0.00|0.88|0.53|-0.63|0.35|0.14|0.86|0.36|-0.53|-0.29
0.86|-0.12|0.38|-0.38|0.39|-0.24|0.84|-0.27|0.30|-0.14|-0.31|0.08|0.01|-0.04|-0.03|0.76|-0.30|0.21|0.53|-0.01|0.23|-0.17|-0.41|-0.20|0.13|-0.05|-0.29
1.13|-0.16|-0.88|-1.38|0.06|0.71|-0.33|0.49|-0.02|-0.90|0.98|0.24|0.05|0.02|0.01|0.75|0.08|-0.11|-0.90|0.24|0.55|-0.85|0.29|0.38|1.21|-0.08|0.52
------ Dim separator ------
-0.35|1.04|0.41|0.60|0.59|-1.09|0.68|0.85|-0.53|-0.32|0.44|0.17|0.02|-0.03|0.05|-0.03|0.34|0.20|-0.43|-0.45|-0.08|-0.49|0.05|-1.21|0.86|-0.24|0.24
-0.72|-0.25|-0.89|0.15|0.03|-0.16|0.70|0.31|0.10|0.47|-0.93|-0.78|0.01|0.02|0.01|-0.01|0.47|0.50|0.15|-0.14|-0.69|-0.46|-0.75|-0.57|-0.08|0.43|0.21
0.60|0.08|-0.14|0.77|-0.43|-0.18|-0.08|-0.33|-0.65|-0.16|0.82|0.16|0.96|0.00|-0.00|0.00|1.00|0.00|0.01|0.21|-0.56|0.17|0.55|-0.06|1.12|-0.24|0.50
0.70|0.58|-0.13|0.27|-0.37|-0.03|-0.22|-0.28|-0.82|0.32|-0.15|0.21|-0.02|-0.00|-0.01|0.36|0.16|0.15|0.95|0.23|0.43|-0.37|-0.18|0.70|-1.22|0.07|1.19
0.60|0.37|0.38|-0.30|-0.14|-0.20|0.34|-0.83|0.20|-0.29|-0.67|0.94|0.01|-0.03|-0.08|-0.84|-0.93|-0.55|-0.29|-0.10|0.16|0.29|-0.64|-0.18|0.47|0.43|-0.71
