------ Dim separator ------
0.43|0.12|0.26|-0.27|-0.14|-0.16|-0.70|-0.33|-0.29|-0.34|-0.09|0.12|-0.03|-0.03|0.00|0.38|-0.26|0.44|-0.33|0.53|-0.78|0.15|-0.10|0.82|0.90|0.11|-0.92
0.26|0.57|-0.10|0.13|-0.00|-0.09|0.24|-0.25|0.32|-0.56|-0.92|-0.81|-0.02|-0.06|-0.03|0.18|-0.48|0.86|0.59|0.34|0.74|-0.43|-0.14|0.56|0.43|0.27|-0.15
0.82|-0.52|-0.23|0.74|0.07|-0.20|-0.16|0.12|0.23|0.08|0.04|0.11|0.17|-0.03|0.00|-0.23|-0.28|-0.16|0.81|0.67|0.08|-0.66|0.06|0.42|-0.31|-0.92|-0.06
-0.17|0.70|0.74|-0.20|0.43|0.23|0.32|-0.07|-0.05|-0.35|-0.25|0.93|-0.02|0.01|0.02|-0.56|0.05|-0.01|-0.29|0.22|0.04|0.21|0.16|-0.42|-1.13|0.87|1.12
0.18|-0.13|-0.38|-0.24|0.80|0.35|-0.05|-0.34|0.23|-0.60|0.47|0.55|-0.02|0.01|0.02|0.52|-0.06|0.42|-0.04|-0.15|-0.61|0.45|0.24|-0.87|0.68|0.48|-0.23
------ Dim separator ------
0.74|0.10|0.11|0.61|0.09|-0.22|0.40|0.57|0.14|-0.14|-0.22|-0.03|-0.06|0.00|0.05|0.84|0.39|0.28|-0.77|-0.17|0.88|-0.13|-0.45|-0.43|0.56|0.15|0.38
0.83|-0.36|0.16|-0.30|-0.01|-0.66|0.23|-0.23|-0.35|-0.01|-0.30|-0.21|-0.07|-0.03|-0.00|0.04|-0.47|0.64|-0.25|-0.84|0.66|-0.00|-0.44|0.33|-0.33|0.05|0.59
0.40|-0.36|-0.36|0.73|0.00|0.41|0.45|-0.17|-0.04|-0.63|0.64|-0.92|-0.09|0.03|0.02|0.18|-0.09|-0.28|0.60|0.06|0.01|-0.19|0.84|-0.33|0.11|0.98|-0.03
0.73|0.29|0.39|-0.04|1.00|-0.13|0.65|0.58|-0.15|0.18|-0.49|0.48|0.15|-0.03|0.04|0.08|0.01|-0.15|0.92|-0.30|-0.33|-0.06|-0.38|0.55|-0.45|0.99|0.84
-0.03|0.44|1.19|0.42|0.50|-0.87|-0.37|-0.11|-0.26|-0.27|0.14|-0.45|0.00|0.08|0.02|-0.22|-0.12|-0.09|-0.51|-1.35|-0.76|-0.06|0.33|0.00|-0.06|0.12|-0.44
------ Dim separator ------
0.38|-0.57|-0.88|0.77|0.06|0.13|-0.01|-0.58|-0.61|0.07|0.37|-0.08|-0.02|-0.00|-0.01|-0.11|-0.17|-0.61|-0.38|0.53|-0.10|0.21|0.15|-0.50|-1.26|0.01|-0.28
0.49|-0.05|-0.32|-0.36|-0.22|-0.15|0.40|-0.04|0.62|-0.05|0.42|-0.32|0.05|0.03|0.03|0.87|0.63|0.16|-0.34|-0.25|-0.02|-0.09|-0.02|0.13|0.32|-0.43|-0.66
-0.22|0.27|0.50|0.94|0.34|0.36|0.19|0.21|-0.07|-0.24|-0.09|-0.01|0.00|0.08|0.01|0.52|-0.22|0.57|0.36|-0.48|1.05|-0.51|0.94|0.74|0.18|-0.30|0.41
-1.33|0.66|0.21|0.22|-0.43|0.62|0.48|0.12|0.13|0.36|-0.52|0.54|0.02|0.01|0.01|0.30|-0.74|-0.32|-0.40|-0.80|-0.61|-0.23|-0.15|0.00|0.57|-0.21|-0.12
0.29|-0.20|0.34|-1.11|0.98|0.30|-0.24|-1.03|0.01|0.96|0.27|-0.68|0.00|-0.04|0.05|-0.29|-0.93|0.19|-0.25|0.08|0.38|0.04|-0.78|0.30|0.10|0.85|0.25
------ Dim separator ------
0.11|-0.19|-0.38|-1.30|0.60|0.35|0.04|-0.09|-0.12|0.27|-0.19|0.19|-0.01|0.01|0.06|-0.34|-0.33|-0.72|-1.26|0.42|-0.26|-0.11|1.07|-0.94|0.14|0.52|0.08
-0.04|0.35|-0.06|0.50|-0.43|-0.54|0.10|-0.02|-0.57|0.27|-0.30|-0.05|-0.05|0.01|-0.03|-0.16|0.23|0.20|-0.04|-0.17|0.46|-0.02|0.20|0.01|0.01|1.26|0.12
0.67|0.02|-0.30|0.82|0.48|-0.14|0.39|0.37|-0.04|-0.23|0.03|0.10|0.08|0.04|0.04|0.11|0.17|0.10|0.87|0.69|-0.79|0.25|0.07|0.75|0.24|-0.45|0.01
0.84|0.30|-0.07|-0.20|0.45|-0.22|0.63|-0.36|0.23|-0.47|-0.30|-0.02|-0.01|0.01|-0.00|0.94|-0.29|0.11|0.61|-0.15|-0.03|-0.20|-0.38|-0.45|-0.12|-0.27|-0.27
1.14|-0.14|-1.13|-1.19|-0.09|0.72|-0.49|0.53|0.05|-0.71|0.93|0.39|0.04|-0.03|0.02|0.63|-0.03|-0.09|-1.00|0.34|0.32|-0.64|0.05|0.27|1.22|-0.13|0.37
------ Dim separator ------
-0.63|0.70|0.19|0.38|0.40|-1.09|0.94|0.56|-0.41|-0.28|0.40|-0.03|0.02|0.02|-0.04|-0.49|0.23|0.01|-0.45|-0.59|-0.23|-0.43|-0.13|-1.17|0.65|-0.15|0.26
-0.70|-0.21|-1.06|0.16|0.07|-0.24|0.65|0.01|0.05|0.57|-0.76|-0.68|0.02|0.07|-0.01|-0.04|0.47|0.39|-0.02|-0.29|-0.75|-0.36|-0.60|-0.32|-0.14|0.19|-0.15
0.40|0.12|-0.26|0.68|-0.28|-0.04|-0.18|-0.24|-0.55|-0.09|0.94|0.05|0.14|-0.03|-0.01|-0.00|0.22|0.05|0.67|-0.04|-0.44|0.27|0.83|0.06|1.15|-0.06|0.23
0.90|0.61|-0.04|0.34|-0.07|0.21|-0.55|-0.16|-0.79|0.37|-0.04|0.02|0.78|-0.03|-0.01|-0.00|0.00|-0.00|0.99|0.49|0.10|-0.13|-0.20|0.60|-1.37|0.22|1.15
0.72|0.11|0.32|-0.35|-0.26|-0.40|0.38|-0.73|0.35|-0.37|-0.72|0.85|0.01|-0.04|0.04|-0.75|-0.81|-0.68|-0.24|0.04|0.28|0.10|-0.66|-0.19|0.59|0.13|-0.61
