------ Dim separator ------
0.59|-0.13|0.10|-0.41|-0.16|-0.14|-0.78|-0.18|-0.16|-0.27|-0.09|0.00|-0.03|0.02|-0.03|0.39|-0.38|0.23|-0.47|0.66|-0.85|0.10|-0.15|0.60|0.83|0.15|-0.90
0.03|0.57|-0.37|0.32|-0.02|-0.05|0.02|-0.26|0.23|-0.59|-1.01|-1.02|0.02|0.04|0.02|0.10|-0.45|0.71|0.59|0.50|0.84|-0.58|-0.12|0.58|0.36|0.44|-0.12
0.75|-0.38|-0.18|0.75|-0.18|-0.13|-0.30|0.17|0.00|-0.19|-0.05|0.16|0.91|0.02|0.01|-0.00|-0.01|-0.00|1.00|0.67|0.12|-0.74|-0.15|0.45|-0.05|-0.84|-0.02
0.12|0.74|0.41|-0.12|0.32|0.45|0.39|-0.03|-0.06|-0.44|-0.47|0.90|0.03|-0.00|-0.01|-0.68|0.07|0.02|-0.41|0.22|-0.03|0.22|0.17|-0.34|-1.07|0.90|1.23
0.13|-0.07|-0.41|-0.19|0.86|0.40|-0.07|-0.21|0.34|-0.39|0.57|0.36|0.01|-0.01|-0.03|0.54|-0.03|0.39|-0.13|-0.29|-0.46|0.42|0.28|-0.93|1.11|0.41|-0.12
------ Dim separator ------
0.79|0.06|0.31|0.70|0.43|0.02|0.57|0.51|0.08|0.11|-0.06|-0.15|0.05|-0.03|-0.03|0.77|0.23|0.22|-0.76|-0.13|0.76|0.12|-0.45|-0.33|0.66|0.04|0.44
0.76|-0.17|0.12|-0.50|-0.13|-0.68|-0.01|-0.39|-0.12|-0.06|-0.35|-0.13|0.04|-0.01|-0.00|-0.18|-0.46|0.69|-0.26|-0.85|0.52|0.16|-0.57|0.44|-0.42|0.14|0.52
0.20|-0.55|-0.31|0.78|0.03|0.39|0.48|-0.14|-0.35|-0.74|0.62|-1.06|0.03|-0.03|-0.01|0.12|-0.29|-0.12|0.88|0.08|0.05|-0.14|0.96|-0.06|-0.05|0.91|0.03
0.70|0.35|0.52|0.05|0.89|-0.34|0.68|0.57|-0.06|0.27|-0.23|0.41|0.93|-0.03|-0.05|-0.00|-0.00|0.01|1.00|-0.22|-0.35|-0.09|-0.34|0.46|-0.55|1.16|0.75
-0.26|0.48|1.41|0.47|0.58|-0.69|-0.40|-0.05|-0.35|-0.32|0.21|-0.58|0.05|-0.14|-0.02|-0.40|-0.25|-0.01|-0.40|-1.63|-0.56|-0.06|0.35|-0.01|-0.23|0.05|-0.28
------ Dim separator ------
0.45|-0.78|-0.90|0.84|-0.04|-0.00|0.12|-0.59|-0.62|0.16|0.62|0.11|0.02|0.06|0.02|-0.19|-0.14|-0.55|-0.18|0.43|-0.10|0.14|0.36|-0.27|-1.25|-0.07|-0.22
0.40|-0.17|-0.22|-0.30|-0.09|-0.28|0.33|-0.15|0.62|-0.15|0.40|-0.46|-0.02|-0.01|-0.10|0.95|0.66|0.17|-0.16|-0.58|-0.02|-0.24|-0.07|0.23|0.31|-0.39|-0.66
-0.28|0.29|0.69|0.63|0.18|0.25|-0.07|0.11|-0.15|-0.19|-0.12|0.14|0.00|-0.05|-0.02|0.64|-0.33|0.62|0.27|-0.18|1.07|-0.32|0.85|0.63|0.36|-0.30|0.24
-1.42|0.76|0.40|0.27|-0.53|0.86|0.72|0.04|0.36|0.52|-0.55|0.54|0.03|0.03|-0.03|0.13|-0.55|-0.25|-0.31|-0.88|-0.67|-0.51|0.05|-0.16|0.64|-0.18|-0.15
0.08|-0.42|0.30|-1.24|1.10|0.39|-0.29|-0.97|0.05|0.80|0.22|-0.66|0.03|0.03|0.01|-0.43|-0.68|0.06|-0.22|0.07|0.48|0.29|-0.87|0.42|0.19|0.87|0.32
------ Dim separator ------
0.17|-0.08|-0.36|-1.22|0.70|0.41|0.12|-0.27|-0.07|0.15|-0.38|0.16|0.01|-0.08|-0.04|-0.32|-0.35|-0.84|-1.38|0.34|-0.13|-0.11|1.06|-0.88|0.06|0.58|-0.01
-0.15|0.23|-0.17|0.46|-0.40|-0.52|-0.02|0.06|-0.26|0.36|-0.20|-0.07|0.06|-0.00|0.05|-0.13|0.20|0.14|-0.19|-0.23|0.62|-0.18|0.49|0.09|-0.01|1.03|-0.03
0.58|0.17|-0.26|0.78|0.33|0.03|0.40|0.43|-0.12|-0.18|0.26|0.23|0.95|-0.03|0.01|-0.01|-0.01|0.00|1.01|0.89|-0.80|0.25|0.25|0.76|0.36|-0.46|-0.11
1.00|-0.04|-0.12|-0.20|0.55|-0.12|0.77|-0.43|0.14|-0.33|-0.33|0.13|0.04|0.00|0.01|0.70|-0.04|0.21|0.57|-0.02|-0.07|-0.47|-0.40|-0.33|-0.01|0.05|-0.31
1.25|-0.24|-1.17|-1.14|-0.07|0.78|-0.51|0.76|0.22|-0.65|1.24|0.40|-0.07|0.02|-0.02|0.87|-0.21|-0.53|-1.15|0.18|0.48|-0.77|0.19|0.04|1.31|0.11|0.49
------ Dim separator ------
-0.51|1.14|0.29|0.23|0.22|-1.24|0.86|0.56|-0.37|-0.46|0.55|-0.01|-0.00|0.02|0.02|-0.29|0.40|0.25|-0.28|-0.63|-0.17|-0.47|-0.01|-1.19|0.76|-0.17|0.21
-0.78|-0.13|-1.26|0.04|0.02|0.04|0.86|0.17|0.34|0.47|-0.68|-0.50|-0.10|-0.04|0.02|-0.01|0.26|0.73|0.16|-0.34|-0.79|-0.33|-0.70|-0.55|-0.10|0.16|-0.00
0.44|0.23|-0.21|0.69|-0.42|-0.00|-0.24|-0.20|-0.59|-0.14|1.30|0.21|0.94|0.01|0.01|0.00|0.01|-0.00|0.97|0.06|-0.48|0.44|0.89|-0.03|1.24|-0.01|0.19
0.79|0.66|0.14|0.10|-0.19|0.07|-0.37|-0.07|-0.92|0.29|-0.11|-0.02|0.32|0.03|0.07|0.11|-0.03|-0.06|1.18|0.25|0.14|-0.19|-0.14|0.70|-1.42|0.26|1.29
0.65|0.23|0.56|-0.29|-0.04|-0.43|0.34|-0.76|0.13|-0.56|-0.65|0.84|-0.04|0.08|0.01|-0.66|-0.76|-0.84|-0.17|-0.09|0.22|0.31|-0.71|-0.15|0.63|0.17|-0.55
