------ Dim separator ------
0.48|-0.43|-0.10|-0.39|-0.12|-0.17|-1.01|-0.38|-0.40|-0.02|-0.38|0.35|0.01|0.02|0.01|0.25|-0.58|0.79|-0.60|0.88|-0.80|0.25|-0.03|0.43|1.32|0.22|-1.04
0.09|0.76|-0.14|0.48|-0.22|-0.34|-0.12|-0.19|0.32|-0.73|-0.95|-1.00|0.00|0.01|-0.00|-0.24|-0.47|0.93|0.67|0.68|1.04|-0.53|-0.16|0.61|0.14|0.29|0.15
0.84|-0.50|-0.47|0.65|-0.08|-0.33|-0.41|-0.05|-0.36|-0.28|-0.21|0.53|0.06|0.02|0.01|-0.30|-0.13|0.19|1.07|0.75|0.31|-0.67|-0.21|0.50|-0.20|-0.56|-0.22
-0.22|0.86|0.63|-0.42|0.22|0.23|0.33|0.01|0.06|-0.34|-0.66|1.25|-0.02|-0.01|-0.00|-0.66|-0.00|-0.17|-0.63|-0.20|-0.35|0.20|0.49|-0.35|-1.09|0.60|1.77
0.25|-0.18|-0.42|-0.24|0.95|0.48|-0.49|-0.18|0.16|-0.63|0.63|0.25|0.00|-0.00|0.03|0.66|-0.55|0.63|-0.10|-0.31|-0.33|0.59|-0.05|-1.45|1.42|0.11|-0.26
------ Dim separator ------
0.87|0.20|0.69|0.56|0.34|-0.20|0.78|0.40|0.05|-0.08|-0.52|-0.45|-0.03|-0.00|0.00|0.69|0.08|0.35|-0.90|-0.33|0.99|0.23|-0.70|-0.04|0.66|-0.15|0.72
0.68|-0.56|0.06|-0.40|-0.07|-0.84|0.25|-0.11|-0.37|-0.23|-0.42|0.20|0.01|-0.02|0.02|-0.18|-0.57|0.77|-0.47|-0.83|0.40|0.09|-0.80|-0.03|-0.22|0.15|0.89
0.20|-0.62|-0.36|0.92|0.01|0.30|0.48|-0.46|-0.17|-0.18|0.51|-1.23|0.98|-0.01|-0.02|0.01|-0.00|-0.00|0.99|-0.07|-0.02|-0.42|1.09|0.14|-0.36|0.74|0.05
0.15|0.26|0.60|0.36|1.27|0.03|0.45|0.35|-0.15|0.32|-0.24|0.60|0.99|0.01|-0.00|-0.01|0.01|-0.02|0.99|-0.29|0.14|-0.22|-0.24|0.07|-0.82|1.33|1.12
-0.26|0.05|1.34|0.62|0.96|-0.58|-0.34|-0.03|-0.37|-0.23|-0.13|-0.57|-0.01|0.02|0.01|-0.60|0.08|-0.36|-0.36|-1.91|-0.37|-0.17|0.48|0.46|0.21|0.18|-0.52
------ Dim separator ------
0.45|-0.72|-0.93|1.01|-0.05|-0.26|0.26|-0.66|-0.57|-0.23|0.61|0.34|-0.03|-0.02|-0.01|0.19|-0.44|-0.60|-0.43|0.51|-0.27|0.30|0.32|-0.52|-1.16|-0.12|-0.47
0.41|-0.14|-0.24|-0.63|-0.19|-0.78|0.42|-0.03|0.45|-0.37|0.43|-0.61|-0.01|-0.01|0.03|1.01|0.49|0.39|-0.43|-0.22|0.09|-0.45|-0.25|0.29|-0.11|-0.65|-1.00
0.10|0.28|0.92|0.70|0.31|0.48|-0.04|0.12|-0.41|-0.24|-0.09|-0.06|-0.02|-0.00|0.02|0.34|-0.20|0.78|-0.01|-0.36|0.87|-0.43|0.84|0.82|-0.00|-0.41|0.16
-1.39|0.80|0.59|0.04|-0.49|1.29|0.73|0.28|0.43|0.10|-0.58|0.26|-0.04|-0.03|0.00|0.39|-0.77|-0.10|-0.40|-0.90|-1.08|-0.46|0.73|-0.01|0.92|-0.36|-0.23
0.21|-0.49|0.46|-0.85|1.02|0.40|-0.16|-1.26|-0.19|0.87|0.20|-0.55|-0.02|0.00|-0.03|-0.27|-0.43|0.60|-0.48|0.09|0.56|0.54|-0.92|0.50|0.18|1.01|0.65
------ Dim separator ------
0.39|-0.37|-0.48|-1.55|0.94|0.09|0.27|-0.11|0.13|0.44|-0.18|0.41|-0.01|-0.00|-0.01|-0.39|-0.32|-0.45|-1.54|0.60|-0.05|-0.14|0.78|-0.71|0.33|0.55|-0.23
-0.24|-0.14|-0.49|0.40|-0.13|-0.83|-0.05|-0.24|-0.24|0.32|0.06|-0.23|-0.00|-0.01|0.00|-0.04|0.57|0.25|-0.13|-0.46|0.57|-0.24|0.31|0.18|-0.04|1.04|0.27
0.26|-0.02|-0.14|0.73|0.40|0.22|0.28|0.18|-0.09|-0.13|0.09|0.26|0.99|-0.01|-0.02|0.01|0.01|-0.01|1.00|0.54|-0.93|0.34|0.36|0.89|0.42|-0.19|-0.20
1.22|0.18|-0.29|-0.17|0.51|-0.12|0.63|-0.56|0.39|-0.35|-0.45|0.40|0.01|0.02|0.01|0.98|-0.08|-0.05|0.79|-0.13|-0.06|-0.67|-0.22|-0.34|-0.33|0.20|-0.42
1.36|-0.50|-1.37|-0.86|-0.17|0.58|-0.17|0.60|0.23|-0.61|1.01|0.05|0.02|-0.00|-0.01|0.65|-0.47|-0.39|-1.54|0.24|0.31|-1.02|0.27|0.14|1.40|-0.34|0.51
------ Dim separator ------
-0.20|1.05|0.22|0.56|0.18|-1.20|0.91|0.52|-0.46|-0.68|0.28|0.10|-0.00|-0.00|-0.01|-0.09|0.08|-0.01|-0.30|-0.56|0.10|0.03|-0.35|-1.36|0.80|-0.40|0.33
-0.62|-0.24|-1.32|-0.26|0.25|0.14|0.85|0.07|0.25|0.80|-0.82|-0.89|0.03|0.02|-0.02|0.35|0.07|0.63|0.03|-0.40|-0.83|-0.50|-0.59|-0.80|-0.39|-0.21|0.02
0.60|0.12|-0.15|0.75|-0.55|0.03|-0.26|-0.28|-0.66|-0.13|1.33|0.39|0.96|-0.00|0.01|-0.00|-0.01|0.01|1.00|-0.01|-0.20|0.65|1.00|-0.12|1.05|-0.01|-0.05
0.27|0.59|0.38|0.06|0.33|-0.08|-0.56|-0.19|-1.32|0.35|-0.12|0.06|0.96|0.00|-0.02|0.00|-0.00|0.01|1.00|0.33|0.15|-0.17|-0.09|1.08|-1.27|0.22|1.49
1.01|0.47|0.35|-0.59|0.05|-0.29|0.09|-1.26|-0.06|-0.63|-0.71|0.84|0.00|-0.00|0.01|-0.87|-0.82|-0.51|0.08|-0.52|0.51|0.34|-0.66|-0.01|0.58|0.34|-0.59
