------ Dim separator ------
0.28|-0.11|0.26|-0.40|-0.18|-0.13|-0.69|-0.17|-0.45|-0.33|-0.21|-0.06|0.06|-0.03|-0.01|0.25|-0.33|0.72|-0.38|0.58|-0.94|0.41|0.05|0.71|1.05|0.20|-0.96
0.13|0.58|-0.08|0.12|-0.15|-0.05|0.24|-0.40|0.21|-0.72|-0.95|-0.92|-0.02|0.00|-0.02|0.15|-0.45|1.04|0.55|0.49|0.83|-0.49|0.17|0.40|0.43|0.16|-0.23
0.85|-0.63|-0.31|0.67|0.06|-0.26|-0.18|0.14|0.03|0.03|0.02|0.24|-0.04|-0.05|0.03|-0.45|-0.26|-0.14|0.81|0.84|0.09|-0.61|0.04|0.45|-0.27|-0.89|-0.31
-0.13|0.78|0.84|-0.23|0.45|0.04|0.33|-0.23|-0.06|-0.44|-0.34|1.05|0.01|0.01|0.04|-0.38|0.17|-0.01|-0.41|0.10|-0.02|0.09|0.18|-0.29|-1.02|0.61|1.44
0.26|-0.33|-0.51|-0.21|0.69|0.31|-0.08|-0.20|0.12|-0.65|0.43|0.44|-0.01|-0.02|-0.05|0.64|-0.13|0.49|-0.11|-0.17|-0.52|0.41|0.01|-0.99|0.83|0.37|-0.32
------ Dim separator ------
0.72|0.08|0.25|0.54|0.10|-0.17|0.51|0.45|-0.04|-0.20|-0.40|-0.06|-0.03|0.02|0.02|0.76|0.34|0.22|-0.78|-0.17|1.06|-0.25|-0.56|-0.43|0.59|-0.03|0.22
0.93|-0.39|0.19|-0.37|0.15|-0.71|0.35|-0.11|-0.29|-0.12|-0.22|-0.16|0.00|0.04|-0.01|0.16|-0.42|0.62|-0.36|-0.92|0.71|0.06|-0.51|0.23|-0.32|0.20|0.71
0.34|-0.45|-0.33|0.75|0.14|0.37|0.54|-0.19|-0.04|-0.48|0.59|-0.96|0.01|-0.01|0.01|0.25|-0.11|-0.09|0.79|0.06|-0.06|-0.24|0.74|-0.34|-0.11|0.88|-0.06
0.69|0.42|0.41|-0.06|1.11|-0.20|0.68|0.57|-0.22|0.23|-0.47|0.52|-0.06|0.03|0.04|0.02|0.09|-0.18|0.97|-0.47|-0.31|-0.08|-0.47|0.56|-0.55|0.98|0.87
-0.12|0.36|1.21|0.47|0.45|-0.91|-0.35|-0.15|-0.38|-0.22|0.32|-0.33|-0.00|0.00|0.01|-0.24|-0.14|0.05|-0.32|-1.28|-0.58|0.04|0.33|0.08|-0.03|0.11|-0.40
------ Dim separator ------
0.30|-0.55|-0.81|0.89|0.07|0.09|-0.03|-0.67|-0.78|-0.12|0.35|0.12|0.01|0.00|0.00|-0.05|-0.32|-0.50|-0.45|0.58|-0.06|0.26|0.09|-0.49|-1.33|-0.02|-0.44
0.45|0.06|-0.30|-0.49|-0.19|-0.16|0.42|-0.02|0.61|-0.15|0.48|-0.55|0.02|-0.02|0.00|0.89|0.64|0.26|-0.23|-0.22|0.02|-0.05|-0.04|0.24|0.18|-0.51|-0.75
-0.08|0.20|0.48|0.91|0.25|0.43|-0.03|0.30|-0.07|-0.19|-0.02|0.05|-0.01|-0.03|-0.06|0.37|-0.36|0.71|0.37|-0.59|1.04|-0.49|0.96|0.78|0.20|-0.47|0.29
-1.41|0.63|0.22|0.10|-0.53|0.73|0.57|0.09|0.19|0.38|-0.44|0.32|0.03|0.03|-0.01|0.23|-0.73|-0.28|-0.63|-1.01|-0.81|-0.19|-0.16|0.28|0.46|-0.12|-0.35
0.31|-0.32|0.47|-1.02|1.05|0.46|-0.11|-1.07|-0.04|0.96|0.12|-0.91|0.02|-0.00|-0.04|-0.22|-0.81|0.19|-0.19|0.07|0.46|0.30|-0.70|0.28|0.04|0.92|0.30
------ Dim separator ------
0.35|-0.27|-0.36|-1.51|0.78|0.32|0.16|-0.14|-0.15|0.36|-0.06|0.22|0.03|0.07|-0.03|-0.47|-0.36|-0.73|-1.30|0.45|-0.31|-0.09|1.17|-0.77|0.37|0.44|-0.11
-0.10|0.20|-0.24|0.54|-0.51|-0.54|0.03|-0.11|-0.62|0.30|-0.40|-0.07|-0.04|0.02|-0.00|-0.04|0.29|0.26|-0.03|-0.20|0.46|-0.08|0.21|0.04|-0.02|1.20|0.20
0.55|0.13|-0.45|0.89|0.49|0.06|0.22|0.18|0.09|-0.25|0.03|0.06|-0.03|0.02|-0.03|0.05|0.17|0.01|0.86|0.54|-0.61|0.20|0.16|0.68|0.26|-0.34|-0.12
1.01|0.21|0.02|-0.24|0.29|-0.08|0.63|-0.27|0.21|-0.35|-0.18|0.02|-0.04|-0.01|0.00|0.90|-0.28|-0.05|0.62|-0.16|-0.07|-0.11|-0.37|-0.35|-0.35|-0.10|-0.36
1.15|-0.13|-0.98|-1.25|-0.07|0.74|-0.35|0.48|-0.02|-0.64|1.08|0.32|-0.02|-0.02|-0.01|0.72|-0.05|-0.04|-0.93|0.23|0.43|-0.87|0.24|0.28|1.26|-0.23|0.33
------ Dim separator ------
-0.69|0.84|0.12|0.44|0.33|-0.94|0.90|0.70|-0.53|-0.35|0.48|0.08|-0.02|0.01|-0.04|-0.31|0.15|-0.04|-0.41|-0.57|-0.20|-0.29|-0.05|-1.25|0.71|-0.27|0.24
-0.67|-0.31|-1.08|0.10|0.25|-0.22|0.80|0.07|0.08|0.45|-0.73|-0.75|0.04|-0.04|-0.00|-0.03|0.42|0.37|-0.11|-0.32|-0.70|-0.44|-0.74|-0.48|-0.24|0.23|0.06
0.49|0.08|-0.27|0.73|-0.45|-0.18|-0.04|-0.30|-0.63|-0.23|1.10|0.11|0.05|0.00|-0.05|-0.06|0.23|0.12|0.64|0.01|-0.45|0.42|0.74|-0.03|1.19|-0.20|0.19
0.70|0.65|-0.09|0.33|-0.17|0.14|-0.48|-0.17|-0.86|0.25|-0.08|0.04|0.20|-0.01|-0.03|0.08|0.01|0.07|0.91|0.38|0.23|-0.27|-0.10|0.75|-1.34|0.09|1.14
0.73|0.20|0.38|-0.45|-0.23|-0.30|0.26|-1.00|0.26|-0.23|-0.71|0.90|0.03|-0.05|-0.01|-0.95|-0.77|-0.61|-0.19|-0.02|0.32|0.12|-0.63|-0.13|0.40|0.21|-0.65
