------ Dim separator ------
0.60|-0.14|0.10|-0.42|-0.17|-0.15|-0.81|-0.20|-0.14|-0.26|-0.08|0.01|-0.02|0.01|-0.03|0.40|-0.38|0.25|-0.48|0.68|-0.86|0.11|-0.15|0.60|0.84|0.13|-0.91
0.02|0.57|-0.38|0.32|-0.03|-0.04|0.03|-0.27|0.23|-0.61|-1.04|-1.03|0.02|0.04|0.02|0.11|-0.47|0.73|0.60|0.52|0.85|-0.58|-0.11|0.59|0.37|0.46|-0.13
0.75|-0.36|-0.18|0.75|-0.18|-0.14|-0.29|0.19|-0.00|-0.18|-0.06|0.16|0.94|0.02|0.01|0.00|-0.01|-0.00|1.00|0.68|0.13|-0.74|-0.15|0.46|-0.04|-0.86|-0.03
0.12|0.75|0.42|-0.13|0.33|0.46|0.40|-0.04|-0.05|-0.46|-0.48|0.93|0.02|0.00|-0.01|-0.69|0.07|0.01|-0.41|0.22|-0.04|0.22|0.18|-0.34|-1.07|0.91|1.26
0.13|-0.08|-0.41|-0.19|0.86|0.40|-0.06|-0.22|0.33|-0.41|0.58|0.36|0.00|-0.01|-0.03|0.54|-0.02|0.39|-0.13|-0.29|-0.47|0.42|0.28|-0.95|1.13|0.41|-0.12
------ Dim separator ------
0.80|0.06|0.32|0.71|0.44|0.03|0.58|0.50|0.08|0.11|-0.05|-0.15|0.05|-0.03|-0.03|0.79|0.23|0.23|-0.77|-0.15|0.76|0.14|-0.46|-0.32|0.67|0.05|0.45
0.77|-0.15|0.10|-0.49|-0.12|-0.68|-0.02|-0.41|-0.12|-0.05|-0.35|-0.15|0.03|-0.01|-0.00|-0.18|-0.45|0.72|-0.26|-0.86|0.53|0.17|-0.57|0.45|-0.45|0.13|0.54
0.19|-0.56|-0.32|0.79|0.03|0.39|0.48|-0.14|-0.35|-0.75|0.62|-1.08|0.02|-0.03|-0.00|0.12|-0.29|-0.12|0.88|0.09|0.03|-0.13|0.96|-0.05|-0.04|0.92|0.03
0.70|0.35|0.54|0.06|0.89|-0.34|0.68|0.57|-0.04|0.27|-0.23|0.42|0.95|-0.02|-0.05|-0.00|0.00|0.01|1.00|-0.22|-0.37|-0.08|-0.34|0.46|-0.55|1.17|0.76
-0.27|0.50|1.41|0.47|0.59|-0.69|-0.40|-0.04|-0.36|-0.32|0.21|-0.58|0.04|-0.12|-0.02|-0.42|-0.26|0.00|-0.38|-1.66|-0.58|-0.07|0.35|-0.02|-0.22|0.05|-0.28
------ Dim separator ------
0.46|-0.78|-0.92|0.85|-0.02|0.01|0.14|-0.59|-0.62|0.17|0.64|0.13|0.02|0.05|0.02|-0.20|-0.16|-0.56|-0.18|0.44|-0.10|0.14|0.38|-0.27|-1.27|-0.06|-0.23
0.40|-0.17|-0.22|-0.31|-0.07|-0.28|0.33|-0.14|0.62|-0.15|0.39|-0.47|-0.02|-0.01|-0.09|0.96|0.65|0.17|-0.17|-0.59|-0.03|-0.25|-0.08|0.24|0.30|-0.40|-0.67
-0.29|0.30|0.72|0.65|0.18|0.26|-0.08|0.09|-0.16|-0.20|-0.12|0.15|0.00|-0.04|-0.03|0.66|-0.33|0.62|0.28|-0.17|1.07|-0.32|0.84|0.64|0.37|-0.29|0.23
-1.44|0.77|0.42|0.28|-0.52|0.87|0.73|0.04|0.36|0.53|-0.55|0.54|0.02|0.03|-0.02|0.13|-0.55|-0.24|-0.30|-0.91|-0.68|-0.53|0.06|-0.17|0.65|-0.17|-0.14
0.07|-0.42|0.30|-1.27|1.13|0.39|-0.29|-0.99|0.05|0.80|0.22|-0.66|0.02|0.03|0.01|-0.45|-0.66|0.05|-0.24|0.06|0.48|0.29|-0.88|0.43|0.19|0.88|0.33
------ Dim separator ------
0.17|-0.09|-0.38|-1.22|0.70|0.42|0.11|-0.28|-0.05|0.14|-0.39|0.15|0.01|-0.07|-0.03|-0.34|-0.35|-0.85|-1.40|0.35|-0.14|-0.12|1.08|-0.90|0.05|0.60|-0.00
-0.14|0.24|-0.17|0.47|-0.40|-0.52|-0.03|0.05|-0.26|0.36|-0.20|-0.07|0.06|-0.01|0.05|-0.12|0.21|0.13|-0.19|-0.23|0.64|-0.20|0.49|0.08|-0.01|1.03|-0.04
0.58|0.17|-0.28|0.78|0.34|0.04|0.40|0.44|-0.12|-0.19|0.27|0.24|0.96|-0.03|0.02|-0.01|-0.00|0.00|1.00|0.91|-0.81|0.26|0.26|0.77|0.38|-0.47|-0.11
1.03|-0.05|-0.13|-0.21|0.54|-0.12|0.79|-0.43|0.14|-0.32|-0.34|0.14|0.03|0.00|0.01|0.70|-0.05|0.20|0.57|-0.02|-0.07|-0.48|-0.41|-0.32|-0.02|0.06|-0.31
1.28|-0.25|-1.19|-1.14|-0.06|0.79|-0.52|0.77|0.21|-0.67|1.27|0.41|-0.06|0.02|-0.01|0.89|-0.21|-0.55|-1.16|0.18|0.48|-0.78|0.19|0.05|1.33|0.12|0.51
------ Dim separator ------
-0.50|1.15|0.29|0.23|0.24|-1.25|0.87|0.58|-0.38|-0.47|0.54|0.00|-0.00|0.02|0.02|-0.29|0.41|0.26|-0.28|-0.64|-0.16|-0.48|-0.01|-1.22|0.76|-0.17|0.22
-0.79|-0.12|-1.28|0.03|0.01|0.04|0.87|0.17|0.35|0.48|-0.70|-0.50|-0.09|-0.04|0.02|-0.00|0.23|0.75|0.16|-0.35|-0.79|-0.35|-0.70|-0.56|-0.10|0.17|-0.01
0.45|0.24|-0.21|0.70|-0.44|-0.03|-0.24|-0.20|-0.60|-0.14|1.33|0.21|0.96|0.01|0.02|-0.01|0.01|-0.00|0.98|0.04|-0.48|0.45|0.88|-0.02|1.27|-0.02|0.18
0.78|0.67|0.15|0.08|-0.19|0.07|-0.36|-0.06|-0.93|0.28|-0.12|-0.01|0.27|0.02|0.06|0.12|-0.04|-0.07|1.18|0.25|0.13|-0.18|-0.15|0.72|-1.43|0.27|1.31
0.66|0.23|0.56|-0.28|-0.03|-0.43|0.35|-0.77|0.13|-0.57|-0.65|0.86|-0.03|0.07|0.01|-0.66|-0.78|-0.84|-0.16|-0.09|0.23|0.32|-0.72|-0.14|0.63|0.18|-0.55
