------ Dim separator ------
0.47|-0.43|-0.09|-0.41|-0.12|-0.17|-1.04|-0.40|-0.40|-0.01|-0.39|0.36|0.01|0.02|0.01|0.25|-0.60|0.83|-0.61|0.90|-0.80|0.25|-0.05|0.43|1.34|0.20|-1.06
0.09|0.77|-0.14|0.48|-0.24|-0.35|-0.12|-0.19|0.32|-0.73|-0.98|-1.02|-0.00|0.01|-0.00|-0.25|-0.49|0.95|0.68|0.70|1.07|-0.53|-0.15|0.64|0.13|0.30|0.15
0.83|-0.49|-0.47|0.66|-0.07|-0.34|-0.41|-0.03|-0.37|-0.29|-0.22|0.54|0.04|0.01|0.00|-0.31|-0.16|0.19|1.08|0.77|0.32|-0.68|-0.20|0.50|-0.20|-0.56|-0.23
-0.23|0.89|0.66|-0.44|0.22|0.24|0.33|0.01|0.07|-0.35|-0.68|1.28|-0.01|-0.01|-0.00|-0.67|-0.01|-0.18|-0.63|-0.21|-0.35|0.20|0.51|-0.34|-1.11|0.60|1.80
0.25|-0.20|-0.43|-0.26|0.95|0.48|-0.50|-0.19|0.16|-0.65|0.63|0.25|0.00|0.00|0.03|0.67|-0.54|0.65|-0.10|-0.30|-0.33|0.59|-0.05|-1.48|1.44|0.12|-0.27
------ Dim separator ------
0.88|0.20|0.70|0.58|0.36|-0.21|0.79|0.40|0.05|-0.08|-0.52|-0.45|-0.02|-0.00|0.00|0.71|0.08|0.37|-0.93|-0.35|1.00|0.24|-0.72|-0.03|0.67|-0.15|0.73
0.69|-0.58|0.04|-0.40|-0.06|-0.84|0.26|-0.12|-0.38|-0.24|-0.42|0.20|0.01|-0.01|0.02|-0.17|-0.58|0.78|-0.47|-0.84|0.41|0.10|-0.82|-0.02|-0.23|0.15|0.90
0.20|-0.62|-0.37|0.93|0.00|0.32|0.48|-0.47|-0.16|-0.18|0.51|-1.25|0.98|-0.00|-0.02|0.00|-0.01|-0.00|1.00|-0.07|-0.02|-0.44|1.10|0.14|-0.37|0.75|0.06
0.15|0.27|0.61|0.36|1.28|0.04|0.45|0.34|-0.15|0.32|-0.24|0.61|0.99|0.01|0.00|-0.01|0.01|-0.01|1.00|-0.29|0.12|-0.22|-0.25|0.07|-0.83|1.35|1.14
-0.25|0.05|1.35|0.63|0.97|-0.57|-0.35|-0.02|-0.37|-0.23|-0.13|-0.58|-0.01|0.02|0.01|-0.61|0.09|-0.35|-0.35|-1.94|-0.38|-0.18|0.49|0.46|0.24|0.19|-0.53
------ Dim separator ------
0.45|-0.71|-0.95|1.02|-0.04|-0.26|0.26|-0.65|-0.57|-0.23|0.62|0.36|-0.02|-0.01|-0.01|0.19|-0.46|-0.61|-0.45|0.53|-0.27|0.30|0.33|-0.54|-1.19|-0.12|-0.47
0.42|-0.12|-0.24|-0.65|-0.19|-0.79|0.42|-0.04|0.45|-0.38|0.43|-0.62|-0.01|-0.01|0.02|1.03|0.48|0.40|-0.42|-0.22|0.08|-0.47|-0.25|0.28|-0.13|-0.67|-1.01
0.10|0.28|0.93|0.70|0.31|0.47|-0.04|0.10|-0.40|-0.25|-0.09|-0.06|-0.01|0.00|0.01|0.35|-0.20|0.79|-0.01|-0.37|0.88|-0.43|0.84|0.81|0.00|-0.41|0.17
-1.41|0.81|0.61|0.03|-0.49|1.31|0.75|0.30|0.44|0.08|-0.59|0.26|-0.04|-0.03|-0.00|0.41|-0.77|-0.10|-0.40|-0.92|-1.10|-0.46|0.74|-0.02|0.93|-0.36|-0.23
0.21|-0.48|0.47|-0.86|1.03|0.41|-0.16|-1.29|-0.20|0.88|0.20|-0.54|-0.02|0.01|-0.02|-0.28|-0.43|0.60|-0.49|0.10|0.56|0.56|-0.95|0.51|0.19|1.02|0.68
------ Dim separator ------
0.39|-0.38|-0.49|-1.58|0.95|0.08|0.26|-0.12|0.15|0.45|-0.17|0.41|-0.02|0.00|-0.01|-0.41|-0.32|-0.45|-1.57|0.61|-0.05|-0.14|0.80|-0.72|0.35|0.56|-0.24
-0.23|-0.14|-0.50|0.40|-0.14|-0.85|-0.05|-0.25|-0.23|0.32|0.07|-0.22|-0.00|-0.01|-0.00|-0.04|0.57|0.24|-0.14|-0.47|0.57|-0.26|0.30|0.18|-0.05|1.05|0.27
0.26|-0.03|-0.15|0.73|0.42|0.22|0.28|0.17|-0.09|-0.13|0.10|0.26|0.99|-0.01|-0.01|0.01|0.01|-0.01|1.00|0.55|-0.94|0.35|0.36|0.90|0.43|-0.20|-0.21
1.24|0.19|-0.30|-0.18|0.50|-0.12|0.65|-0.56|0.40|-0.36|-0.46|0.41|0.01|0.02|0.02|0.98|-0.08|-0.05|0.79|-0.12|-0.07|-0.67|-0.23|-0.34|-0.34|0.21|-0.42
1.37|-0.53|-1.39|-0.87|-0.18|0.60|-0.18|0.61|0.24|-0.63|1.02|0.05|0.01|-0.00|-0.01|0.66|-0.48|-0.40|-1.55|0.24|0.31|-1.05|0.26|0.14|1.42|-0.35|0.52
------ Dim separator ------
-0.20|1.06|0.21|0.57|0.20|-1.22|0.94|0.53|-0.46|-0.68|0.27|0.09|0.00|-0.00|-0.01|-0.09|0.09|-0.00|-0.31|-0.57|0.11|0.03|-0.37|-1.40|0.81|-0.39|0.33
-0.64|-0.22|-1.34|-0.27|0.24|0.14|0.87|0.06|0.24|0.82|-0.84|-0.90|0.03|0.02|-0.01|0.38|0.07|0.63|0.02|-0.41|-0.86|-0.51|-0.59|-0.81|-0.39|-0.21|0.02
0.60|0.14|-0.15|0.76|-0.54|0.02|-0.26|-0.29|-0.68|-0.13|1.35|0.40|0.97|-0.00|0.01|-0.00|-0.01|0.01|1.00|-0.03|-0.20|0.67|1.00|-0.12|1.06|-0.02|-0.05
0.27|0.60|0.39|0.06|0.34|-0.08|-0.56|-0.18|-1.34|0.34|-0.11|0.06|0.97|0.00|-0.02|-0.00|-0.00|0.01|0.99|0.35|0.13|-0.17|-0.10|1.09|-1.28|0.21|1.51
1.03|0.48|0.34|-0.61|0.05|-0.30|0.09|-1.27|-0.06|-0.63|-0.72|0.85|0.00|-0.00|0.01|-0.90|-0.85|-0.52|0.09|-0.53|0.52|0.33|-0.67|0.00|0.58|0.35|-0.61
