------ Dim separator ------
0.28|-0.12|0.26|-0.41|-0.18|-0.12|-0.72|-0.18|-0.45|-0.34|-0.22|-0.06|0.05|-0.02|-0.01|0.24|-0.34|0.75|-0.39|0.60|-0.95|0.44|0.04|0.71|1.07|0.20|-0.98
0.13|0.61|-0.09|0.12|-0.16|-0.06|0.25|-0.40|0.20|-0.74|-0.97|-0.93|-0.01|0.01|-0.02|0.15|-0.46|1.05|0.56|0.51|0.85|-0.50|0.19|0.40|0.43|0.17|-0.24
0.85|-0.63|-0.31|0.68|0.06|-0.26|-0.17|0.15|0.03|0.04|0.02|0.25|-0.04|-0.05|0.03|-0.46|-0.26|-0.15|0.81|0.86|0.09|-0.61|0.05|0.46|-0.28|-0.91|-0.32
-0.13|0.80|0.86|-0.24|0.46|0.04|0.34|-0.23|-0.05|-0.46|-0.35|1.07|0.01|0.01|0.03|-0.38|0.18|-0.01|-0.41|0.09|-0.03|0.08|0.18|-0.29|-1.02|0.61|1.47
0.26|-0.35|-0.52|-0.22|0.70|0.31|-0.07|-0.21|0.12|-0.66|0.43|0.44|-0.01|-0.02|-0.05|0.65|-0.13|0.49|-0.11|-0.17|-0.53|0.40|0.01|-1.02|0.85|0.38|-0.32
------ Dim separator ------
0.73|0.08|0.25|0.56|0.13|-0.17|0.51|0.44|-0.05|-0.20|-0.39|-0.08|-0.02|0.02|0.01|0.76|0.35|0.23|-0.79|-0.17|1.06|-0.25|-0.57|-0.43|0.60|-0.04|0.22
0.93|-0.36|0.19|-0.36|0.15|-0.72|0.36|-0.11|-0.29|-0.12|-0.22|-0.16|0.01|0.04|-0.02|0.18|-0.43|0.63|-0.37|-0.93|0.72|0.06|-0.52|0.24|-0.34|0.20|0.73
0.34|-0.45|-0.33|0.77|0.16|0.38|0.55|-0.19|-0.05|-0.48|0.59|-0.98|0.01|-0.01|0.01|0.25|-0.11|-0.08|0.79|0.07|-0.07|-0.23|0.75|-0.34|-0.11|0.89|-0.06
0.70|0.42|0.43|-0.06|1.11|-0.20|0.69|0.57|-0.22|0.23|-0.47|0.53|-0.06|0.02|0.04|0.03|0.11|-0.18|0.97|-0.47|-0.32|-0.08|-0.49|0.57|-0.55|0.98|0.89
-0.13|0.35|1.22|0.47|0.47|-0.91|-0.37|-0.14|-0.38|-0.22|0.32|-0.34|-0.00|-0.01|0.01|-0.26|-0.15|0.07|-0.31|-1.30|-0.60|0.02|0.33|0.08|-0.02|0.11|-0.41
------ Dim separator ------
0.31|-0.56|-0.83|0.90|0.08|0.10|-0.02|-0.67|-0.79|-0.12|0.37|0.12|0.01|0.00|0.00|-0.06|-0.34|-0.51|-0.45|0.59|-0.06|0.26|0.10|-0.51|-1.34|-0.02|-0.44
0.45|0.08|-0.30|-0.50|-0.18|-0.16|0.41|-0.02|0.61|-0.16|0.48|-0.56|0.01|-0.02|-0.01|0.89|0.63|0.27|-0.23|-0.23|0.02|-0.05|-0.04|0.25|0.18|-0.51|-0.75
-0.09|0.20|0.49|0.91|0.25|0.43|-0.04|0.29|-0.07|-0.20|-0.02|0.05|-0.01|-0.03|-0.05|0.38|-0.36|0.73|0.37|-0.60|1.06|-0.49|0.97|0.79|0.19|-0.47|0.30
-1.43|0.64|0.23|0.11|-0.54|0.74|0.58|0.10|0.19|0.38|-0.44|0.33|0.03|0.02|-0.00|0.24|-0.74|-0.29|-0.64|-1.04|-0.83|-0.20|-0.16|0.29|0.46|-0.12|-0.34
0.30|-0.33|0.47|-1.04|1.07|0.47|-0.11|-1.08|-0.04|0.97|0.11|-0.92|0.01|-0.00|-0.04|-0.22|-0.80|0.19|-0.19|0.08|0.48|0.32|-0.71|0.28|0.05|0.92|0.31
------ Dim separator ------
0.34|-0.29|-0.36|-1.54|0.80|0.33|0.16|-0.15|-0.15|0.36|-0.06|0.22|0.03|0.06|-0.03|-0.49|-0.37|-0.74|-1.32|0.47|-0.32|-0.09|1.19|-0.78|0.38|0.45|-0.12
-0.10|0.20|-0.24|0.54|-0.50|-0.55|0.02|-0.12|-0.62|0.31|-0.41|-0.08|-0.02|0.01|-0.01|-0.03|0.30|0.25|-0.03|-0.20|0.47|-0.09|0.21|0.04|-0.03|1.21|0.20
0.55|0.13|-0.48|0.89|0.50|0.06|0.22|0.18|0.10|-0.25|0.03|0.06|-0.03|0.01|-0.03|0.06|0.18|0.01|0.86|0.55|-0.60|0.21|0.16|0.68|0.27|-0.35|-0.12
1.03|0.21|0.03|-0.24|0.27|-0.08|0.64|-0.28|0.22|-0.36|-0.19|0.02|-0.02|-0.01|0.01|0.92|-0.29|-0.07|0.62|-0.16|-0.08|-0.10|-0.37|-0.36|-0.37|-0.09|-0.36
1.16|-0.14|-0.98|-1.27|-0.07|0.76|-0.36|0.48|-0.01|-0.66|1.10|0.32|-0.02|-0.01|-0.00|0.73|-0.04|-0.05|-0.94|0.23|0.43|-0.89|0.25|0.29|1.28|-0.22|0.34
------ Dim separator ------
-0.69|0.86|0.12|0.45|0.33|-0.95|0.92|0.72|-0.55|-0.36|0.47|0.11|-0.02|0.01|-0.03|-0.31|0.16|-0.04|-0.42|-0.59|-0.19|-0.30|-0.04|-1.28|0.71|-0.26|0.25
-0.67|-0.32|-1.09|0.09|0.26|-0.21|0.81|0.06|0.07|0.46|-0.74|-0.76|0.03|-0.05|-0.01|-0.02|0.41|0.36|-0.11|-0.34|-0.71|-0.45|-0.75|-0.50|-0.24|0.23|0.06
0.50|0.09|-0.27|0.74|-0.45|-0.18|-0.04|-0.30|-0.64|-0.25|1.13|0.12|0.04|0.00|-0.04|-0.07|0.24|0.13|0.64|-0.01|-0.45|0.43|0.75|-0.04|1.20|-0.22|0.19
0.70|0.66|-0.08|0.32|-0.17|0.15|-0.46|-0.18|-0.87|0.24|-0.09|0.05|0.18|-0.00|-0.02|0.08|-0.00|0.07|0.92|0.39|0.22|-0.27|-0.11|0.76|-1.36|0.07|1.15
0.73|0.20|0.38|-0.46|-0.23|-0.31|0.26|-1.02|0.27|-0.23|-0.72|0.91|0.02|-0.04|-0.01|-0.96|-0.79|-0.61|-0.20|-0.02|0.33|0.12|-0.64|-0.12|0.41|0.21|-0.66
