------ Dim separator ------
0.43|-0.44|0.21|-0.60|-0.13|-0.03|-0.63|-0.20|-0.38|-0.63|-0.07|-0.08|0.01|-0.01|0.02|0.22|-0.43|0.48|-0.34|0.46|-0.83|0.15|-0.14|0.67|1.03|0.01|-0.69
0.02|0.62|-0.13|0.32|-0.11|-0.21|0.20|-0.47|0.08|-0.91|-0.88|-1.03|0.02|-0.02|0.04|0.24|-0.50|1.08|0.44|0.53|0.83|-0.65|0.30|0.21|0.40|0.10|-0.17
0.86|-0.42|-0.40|0.64|-0.15|-0.58|-0.28|0.34|-0.00|0.08|-0.02|0.33|0.01|0.04|-0.04|-0.22|0.13|-0.28|0.87|0.94|0.09|-0.54|0.13|0.41|-0.09|-0.88|-0.26
0.01|0.67|0.95|-0.14|0.64|0.17|-0.00|-0.30|0.19|-0.43|-0.30|1.13|-0.00|-0.00|-0.03|-0.65|0.12|-0.07|-0.28|0.09|0.15|-0.18|-0.02|-0.25|-0.85|0.59|1.35
0.27|-0.48|-0.35|-0.08|0.64|0.44|-0.07|-0.28|0.40|-0.70|0.51|0.59|0.00|0.01|0.01|0.79|0.02|0.46|-0.33|-0.05|-0.58|0.40|0.24|-0.95|0.81|0.43|-0.35
------ Dim separator ------
0.92|0.03|0.24|0.57|0.12|-0.07|0.51|0.60|0.03|-0.19|-0.42|-0.01|0.04|0.00|-0.01|0.87|0.54|0.40|-0.74|-0.26|1.11|-0.32|-0.71|-0.30|0.84|-0.33|0.07
0.91|-0.21|0.27|-0.27|0.31|-0.86|0.17|0.12|-0.19|-0.06|-0.32|-0.47|0.00|-0.01|-0.00|0.29|-0.49|0.42|-0.22|-0.94|0.55|0.19|-0.24|0.26|-0.34|0.41|0.63
0.09|-0.42|-0.44|0.62|0.25|0.52|0.85|-0.15|-0.07|-0.77|0.72|-1.06|-0.04|0.02|-0.01|0.21|-0.28|0.24|0.89|0.31|-0.16|-0.11|0.62|-0.32|0.10|1.11|-0.07
0.78|0.25|0.51|-0.18|0.76|-0.22|0.69|0.23|-0.44|0.28|-0.42|0.56|-0.03|0.01|-0.01|-0.13|0.08|0.08|0.78|-0.57|-0.53|-0.18|-0.51|0.54|-0.55|0.88|0.58
-0.11|0.58|1.10|0.42|0.32|-0.96|-0.61|0.02|-0.45|-0.21|0.43|-0.15|-0.01|0.05|-0.02|-0.18|-0.38|0.10|-0.26|-1.33|-0.76|-0.13|0.27|-0.15|-0.18|-0.11|-0.40
------ Dim separator ------
0.30|-0.40|-0.55|1.05|0.07|-0.04|-0.04|-0.60|-0.86|-0.26|0.29|0.17|0.02|-0.02|-0.01|-0.24|-0.06|-0.55|-0.53|0.40|0.01|0.00|0.26|-0.06|-1.47|-0.01|-0.54
0.32|0.09|-0.23|-0.68|-0.28|-0.34|0.23|-0.04|0.49|-0.19|0.39|-0.48|-0.02|0.01|0.03|0.85|0.63|0.13|-0.05|-0.35|0.01|-0.00|0.06|0.56|0.18|-0.57|-0.66
-0.07|0.28|0.45|0.91|0.25|0.24|-0.01|0.02|-0.14|-0.03|0.02|0.14|0.01|0.01|0.04|0.15|-0.40|0.53|0.22|-0.50|1.09|-0.33|0.72|0.90|0.33|-0.55|0.16
-1.48|0.79|0.25|0.02|-0.40|0.85|0.57|0.05|0.20|0.51|-0.64|0.43|-0.03|-0.02|-0.00|0.21|-0.54|-0.35|-0.60|-0.93|-0.62|-0.17|-0.09|0.56|0.49|-0.12|-0.06
0.27|-0.49|0.48|-1.30|1.52|0.39|0.11|-1.17|-0.02|0.79|0.16|-1.04|-0.02|0.00|0.03|-0.36|-0.90|0.12|-0.44|-0.14|0.50|0.28|-0.75|0.33|-0.04|0.98|-0.04
------ Dim separator ------
0.58|-0.42|-0.81|-1.34|0.74|0.39|0.13|-0.41|-0.37|0.09|0.02|0.30|-0.00|0.00|0.03|-0.56|-0.61|-0.82|-1.33|0.19|-0.11|-0.19|1.25|-1.00|0.34|0.43|-0.08
-0.07|0.19|-0.20|0.61|-0.52|-0.21|-0.14|-0.26|-0.47|0.25|-0.51|-0.21|-0.01|-0.01|-0.00|0.14|0.22|0.08|0.02|-0.28|0.37|-0.19|0.32|0.21|-0.13|1.19|-0.18
0.47|0.18|-0.51|0.96|0.27|0.12|0.42|0.29|0.37|-0.44|0.27|-0.02|-0.02|-0.01|0.01|0.49|0.16|0.01|0.87|0.54|-0.62|0.36|0.15|0.88|0.36|-0.53|-0.29
0.88|-0.13|0.38|-0.39|0.39|-0.23|0.86|-0.28|0.31|-0.13|-0.32|0.08|0.01|-0.03|-0.03|0.77|-0.30|0.21|0.54|-0.01|0.24|-0.18|-0.42|-0.20|0.12|-0.04|-0.29
1.14|-0.17|-0.90|-1.40|0.05|0.73|-0.34|0.50|-0.01|-0.92|0.98|0.25|0.03|0.02|0.00|0.76|0.08|-0.12|-0.91|0.25|0.54|-0.87|0.28|0.38|1.23|-0.08|0.53
------ Dim separator ------
-0.35|1.06|0.42|0.61|0.61|-1.11|0.69|0.87|-0.54|-0.31|0.42|0.18|0.01|-0.03|0.04|-0.03|0.35|0.21|-0.43|-0.46|-0.07|-0.50|0.05|-1.24|0.86|-0.23|0.25
-0.72|-0.25|-0.90|0.13|0.03|-0.16|0.71|0.31|0.11|0.48|-0.95|-0.78|0.01|0.02|0.00|-0.01|0.46|0.51|0.15|-0.15|-0.70|-0.45|-0.76|-0.57|-0.08|0.43|0.21
0.60|0.09|-0.14|0.78|-0.42|-0.19|-0.08|-0.33|-0.67|-0.16|0.84|0.16|0.97|0.00|0.00|-0.00|1.00|0.00|0.00|0.21|-0.56|0.17|0.55|-0.07|1.13|-0.25|0.50
0.71|0.59|-0.12|0.26|-0.37|-0.03|-0.19|-0.28|-0.83|0.32|-0.16|0.22|-0.03|-0.00|-0.01|0.37|0.15|0.15|0.95|0.23|0.42|-0.38|-0.19|0.70|-1.23|0.08|1.20
0.59|0.37|0.39|-0.30|-0.14|-0.21|0.34|-0.84|0.21|-0.29|-0.67|0.95|0.01|-0.02|-0.07|-0.84|-0.96|-0.55|-0.30|-0.11|0.15|0.29|-0.64|-0.18|0.48|0.44|-0.71
