------ Dim separator ------
0.44|0.13|0.26|-0.28|-0.14|-0.15|-0.72|-0.36|-0.29|-0.35|-0.09|0.14|-0.03|-0.02|0.00|0.37|-0.27|0.47|-0.34|0.55|-0.79|0.16|-0.10|0.83|0.93|0.11|-0.94
0.27|0.59|-0.10|0.12|-0.00|-0.10|0.26|-0.24|0.32|-0.57|-0.94|-0.81|-0.01|-0.05|-0.02|0.18|-0.49|0.88|0.60|0.36|0.75|-0.42|-0.14|0.57|0.42|0.27|-0.16
0.82|-0.52|-0.23|0.74|0.08|-0.20|-0.15|0.13|0.23|0.09|0.04|0.11|0.14|-0.02|0.00|-0.24|-0.29|-0.17|0.81|0.69|0.08|-0.66|0.06|0.42|-0.31|-0.94|-0.08
-0.19|0.72|0.77|-0.21|0.44|0.23|0.33|-0.08|-0.04|-0.36|-0.25|0.96|-0.02|0.01|0.01|-0.55|0.05|-0.01|-0.29|0.21|0.03|0.21|0.17|-0.42|-1.14|0.88|1.15
0.18|-0.14|-0.39|-0.25|0.82|0.36|-0.06|-0.35|0.24|-0.63|0.46|0.56|-0.02|0.01|0.02|0.53|-0.07|0.42|-0.03|-0.15|-0.63|0.45|0.25|-0.90|0.69|0.49|-0.23
------ Dim separator ------
0.75|0.10|0.11|0.62|0.10|-0.22|0.40|0.56|0.13|-0.14|-0.22|-0.04|-0.05|-0.00|0.04|0.84|0.40|0.30|-0.77|-0.17|0.87|-0.12|-0.46|-0.43|0.56|0.15|0.39
0.84|-0.35|0.15|-0.28|-0.01|-0.67|0.25|-0.25|-0.36|0.00|-0.30|-0.22|-0.07|-0.03|-0.00|0.05|-0.47|0.66|-0.25|-0.84|0.67|-0.00|-0.45|0.33|-0.35|0.04|0.61
0.41|-0.35|-0.37|0.74|0.01|0.41|0.45|-0.18|-0.03|-0.63|0.65|-0.93|-0.08|0.04|0.02|0.18|-0.09|-0.28|0.60|0.05|0.00|-0.19|0.85|-0.33|0.12|0.99|-0.03
0.73|0.28|0.40|-0.03|1.01|-0.12|0.65|0.58|-0.16|0.18|-0.52|0.49|0.13|-0.02|0.03|0.09|0.01|-0.17|0.92|-0.30|-0.33|-0.05|-0.39|0.55|-0.44|0.99|0.86
-0.03|0.44|1.19|0.42|0.52|-0.88|-0.38|-0.10|-0.25|-0.26|0.15|-0.45|-0.00|0.07|0.02|-0.23|-0.11|-0.08|-0.50|-1.38|-0.79|-0.09|0.33|0.01|-0.04|0.14|-0.44
------ Dim separator ------
0.39|-0.56|-0.90|0.78|0.07|0.14|-0.00|-0.59|-0.61|0.08|0.38|-0.08|-0.02|-0.01|-0.01|-0.11|-0.20|-0.63|-0.38|0.54|-0.11|0.21|0.16|-0.53|-1.28|0.02|-0.28
0.49|-0.04|-0.32|-0.37|-0.21|-0.16|0.40|-0.04|0.62|-0.06|0.43|-0.31|0.04|0.03|0.04|0.87|0.62|0.17|-0.34|-0.24|-0.03|-0.09|-0.02|0.13|0.31|-0.43|-0.67
-0.22|0.27|0.52|0.95|0.35|0.37|0.19|0.20|-0.07|-0.25|-0.08|-0.01|0.01|0.08|0.01|0.53|-0.22|0.58|0.36|-0.50|1.06|-0.52|0.95|0.75|0.17|-0.30|0.42
-1.34|0.66|0.22|0.24|-0.44|0.64|0.49|0.13|0.13|0.35|-0.53|0.54|0.02|-0.00|0.02|0.31|-0.74|-0.32|-0.41|-0.82|-0.62|-0.24|-0.14|0.00|0.58|-0.22|-0.11
0.27|-0.19|0.34|-1.12|0.99|0.30|-0.24|-1.05|-0.01|0.96|0.28|-0.68|-0.00|-0.04|0.04|-0.29|-0.93|0.20|-0.25|0.08|0.39|0.05|-0.78|0.31|0.10|0.86|0.25
------ Dim separator ------
0.10|-0.21|-0.38|-1.32|0.61|0.35|0.04|-0.08|-0.10|0.27|-0.20|0.19|-0.01|0.02|0.05|-0.35|-0.33|-0.72|-1.27|0.43|-0.27|-0.12|1.08|-0.95|0.16|0.53|0.07
-0.03|0.36|-0.05|0.50|-0.43|-0.55|0.09|-0.03|-0.58|0.27|-0.30|-0.05|-0.04|0.01|-0.03|-0.16|0.24|0.19|-0.04|-0.16|0.48|-0.02|0.19|-0.00|0.01|1.27|0.12
0.67|0.01|-0.32|0.81|0.49|-0.14|0.39|0.37|-0.03|-0.22|0.02|0.10|0.06|0.04|0.04|0.12|0.19|0.11|0.87|0.70|-0.79|0.25|0.08|0.76|0.26|-0.45|0.01
0.87|0.30|-0.07|-0.21|0.44|-0.23|0.63|-0.37|0.24|-0.48|-0.30|-0.03|-0.01|0.01|-0.01|0.96|-0.30|0.10|0.62|-0.15|-0.04|-0.20|-0.38|-0.45|-0.13|-0.28|-0.26
1.15|-0.14|-1.15|-1.20|-0.09|0.74|-0.50|0.53|0.04|-0.73|0.94|0.40|0.04|-0.03|0.01|0.63|-0.03|-0.09|-1.00|0.35|0.31|-0.64|0.05|0.28|1.24|-0.15|0.38
------ Dim separator ------
-0.64|0.69|0.20|0.38|0.41|-1.11|0.96|0.57|-0.42|-0.28|0.39|-0.02|0.02|0.02|-0.04|-0.51|0.22|-0.00|-0.47|-0.59|-0.22|-0.43|-0.13|-1.19|0.64|-0.16|0.27
-0.70|-0.21|-1.07|0.15|0.08|-0.25|0.64|-0.00|0.03|0.59|-0.77|-0.70|0.03|0.06|-0.01|-0.02|0.46|0.38|-0.02|-0.30|-0.76|-0.37|-0.60|-0.32|-0.14|0.19|-0.16
0.41|0.12|-0.26|0.68|-0.28|-0.04|-0.17|-0.24|-0.55|-0.09|0.96|0.05|0.09|-0.03|0.00|-0.00|0.22|0.06|0.67|-0.06|-0.44|0.29|0.85|0.07|1.16|-0.07|0.22
0.90|0.62|-0.03|0.34|-0.06|0.21|-0.55|-0.16|-0.80|0.37|-0.04|0.03|0.82|-0.03|-0.02|-0.00|-0.00|-0.00|1.00|0.50|0.09|-0.13|-0.21|0.61|-1.38|0.22|1.15
0.73|0.11|0.31|-0.37|-0.27|-0.40|0.38|-0.74|0.36|-0.37|-0.73|0.86|0.01|-0.04|0.04|-0.76|-0.82|-0.68|-0.25|0.04|0.29|0.09|-0.66|-0.19|0.60|0.13|-0.63
