------ Dim separator ------
0.62|-0.15|0.10|-0.43|-0.17|-0.15|-0.83|-0.22|-0.13|-0.26|-0.07|0.01|-0.02|0.01|-0.03|0.40|-0.39|0.28|-0.49|0.70|-0.88|0.12|-0.15|0.60|0.85|0.13|-0.92
0.01|0.58|-0.38|0.32|-0.03|-0.04|0.03|-0.27|0.23|-0.62|-1.05|-1.04|0.01|0.03|0.01|0.11|-0.49|0.75|0.60|0.55|0.86|-0.59|-0.11|0.61|0.36|0.47|-0.13
0.74|-0.36|-0.17|0.74|-0.18|-0.15|-0.30|0.19|-0.01|-0.19|-0.06|0.17|0.95|0.01|0.01|0.00|-0.00|0.01|1.00|0.70|0.14|-0.75|-0.16|0.48|-0.02|-0.88|-0.04
0.13|0.77|0.42|-0.15|0.34|0.47|0.40|-0.04|-0.05|-0.47|-0.49|0.96|0.02|-0.00|-0.00|-0.69|0.07|-0.00|-0.41|0.21|-0.05|0.22|0.20|-0.33|-1.07|0.92|1.28
0.12|-0.08|-0.41|-0.20|0.86|0.41|-0.07|-0.23|0.33|-0.43|0.58|0.37|0.00|-0.01|-0.02|0.53|-0.02|0.41|-0.14|-0.29|-0.49|0.42|0.28|-0.97|1.15|0.41|-0.12
------ Dim separator ------
0.82|0.06|0.33|0.73|0.46|0.04|0.60|0.50|0.09|0.12|-0.05|-0.16|0.04|-0.03|-0.03|0.79|0.23|0.24|-0.78|-0.16|0.76|0.15|-0.47|-0.31|0.68|0.06|0.46
0.79|-0.14|0.10|-0.49|-0.11|-0.69|-0.03|-0.42|-0.11|-0.04|-0.35|-0.15|0.03|0.00|-0.00|-0.19|-0.45|0.74|-0.27|-0.87|0.54|0.18|-0.57|0.46|-0.47|0.12|0.54
0.19|-0.58|-0.32|0.80|0.03|0.39|0.48|-0.14|-0.36|-0.75|0.63|-1.10|0.03|-0.03|-0.00|0.11|-0.30|-0.11|0.89|0.10|0.02|-0.13|0.97|-0.03|-0.05|0.94|0.03
0.69|0.34|0.56|0.06|0.89|-0.34|0.68|0.56|-0.03|0.27|-0.23|0.43|0.97|-0.02|-0.05|-0.00|-0.00|0.01|1.00|-0.23|-0.37|-0.08|-0.34|0.46|-0.55|1.18|0.77
-0.28|0.50|1.42|0.47|0.61|-0.68|-0.40|-0.04|-0.37|-0.32|0.21|-0.57|0.03|-0.10|-0.02|-0.43|-0.26|0.01|-0.38|-1.69|-0.60|-0.08|0.35|-0.03|-0.21|0.05|-0.27
------ Dim separator ------
0.47|-0.78|-0.93|0.86|-0.01|0.01|0.15|-0.60|-0.62|0.17|0.65|0.15|0.02|0.04|0.03|-0.20|-0.17|-0.57|-0.17|0.43|-0.10|0.13|0.40|-0.27|-1.28|-0.05|-0.22
0.41|-0.18|-0.22|-0.32|-0.06|-0.30|0.33|-0.13|0.62|-0.16|0.39|-0.47|-0.02|-0.02|-0.07|0.98|0.64|0.17|-0.18|-0.59|-0.03|-0.26|-0.09|0.25|0.30|-0.41|-0.68
-0.29|0.31|0.75|0.65|0.18|0.27|-0.09|0.08|-0.17|-0.20|-0.13|0.16|0.00|-0.04|-0.03|0.66|-0.33|0.62|0.28|-0.17|1.07|-0.32|0.84|0.65|0.38|-0.29|0.23
-1.44|0.78|0.44|0.28|-0.52|0.89|0.75|0.04|0.38|0.54|-0.56|0.54|0.02|0.03|-0.02|0.14|-0.56|-0.24|-0.31|-0.93|-0.69|-0.54|0.07|-0.18|0.66|-0.16|-0.14
0.05|-0.43|0.31|-1.28|1.15|0.40|-0.29|-1.00|0.04|0.79|0.21|-0.66|0.01|0.02|0.01|-0.47|-0.64|0.05|-0.26|0.06|0.49|0.30|-0.89|0.44|0.18|0.88|0.34
------ Dim separator ------
0.17|-0.09|-0.39|-1.22|0.71|0.43|0.11|-0.28|-0.03|0.14|-0.39|0.14|0.01|-0.07|-0.03|-0.35|-0.34|-0.85|-1.43|0.35|-0.13|-0.13|1.10|-0.92|0.05|0.62|-0.00
-0.13|0.24|-0.16|0.47|-0.40|-0.53|-0.04|0.03|-0.26|0.37|-0.20|-0.07|0.05|-0.00|0.04|-0.12|0.22|0.12|-0.19|-0.24|0.67|-0.20|0.49|0.07|-0.01|1.03|-0.04
0.57|0.17|-0.29|0.78|0.34|0.04|0.39|0.44|-0.12|-0.17|0.27|0.25|0.99|-0.03|0.01|-0.01|-0.00|0.00|1.00|0.91|-0.81|0.27|0.27|0.78|0.39|-0.47|-0.11
1.05|-0.06|-0.14|-0.22|0.54|-0.12|0.81|-0.44|0.14|-0.32|-0.35|0.14|0.02|-0.00|0.01|0.71|-0.05|0.20|0.58|-0.02|-0.07|-0.51|-0.42|-0.32|-0.02|0.08|-0.31
1.30|-0.26|-1.20|-1.13|-0.05|0.79|-0.51|0.78|0.22|-0.69|1.29|0.40|-0.06|0.02|-0.01|0.91|-0.23|-0.57|-1.17|0.18|0.49|-0.79|0.20|0.05|1.34|0.13|0.52
------ Dim separator ------
-0.49|1.17|0.29|0.24|0.25|-1.26|0.88|0.59|-0.38|-0.48|0.54|0.01|-0.01|0.01|0.02|-0.28|0.42|0.27|-0.27|-0.65|-0.15|-0.48|-0.02|-1.24|0.77|-0.17|0.21
-0.80|-0.11|-1.29|0.02|0.00|0.04|0.89|0.17|0.35|0.49|-0.71|-0.51|-0.08|-0.03|0.02|0.02|0.21|0.77|0.17|-0.37|-0.80|-0.37|-0.70|-0.56|-0.09|0.18|-0.01
0.45|0.26|-0.21|0.70|-0.45|-0.04|-0.25|-0.20|-0.60|-0.14|1.35|0.21|0.99|0.01|0.01|-0.00|0.00|-0.01|0.99|0.02|-0.49|0.45|0.88|-0.00|1.28|-0.03|0.17
0.78|0.68|0.17|0.06|-0.18|0.07|-0.34|-0.06|-0.95|0.26|-0.12|-0.00|0.21|0.02|0.05|0.12|-0.04|-0.07|1.19|0.23|0.12|-0.17|-0.16|0.75|-1.44|0.28|1.33
0.67|0.23|0.56|-0.28|-0.03|-0.43|0.35|-0.78|0.12|-0.58|-0.65|0.87|-0.03|0.06|0.01|-0.67|-0.79|-0.85|-0.14|-0.09|0.24|0.33|-0.71|-0.13|0.64|0.18|-0.55
