------ Dim separator ------
0.29|-0.13|0.25|-0.42|-0.17|-0.11|-0.76|-0.18|-0.46|-0.34|-0.23|-0.04|0.05|-0.01|-0.01|0.23|-0.36|0.80|-0.40|0.63|-0.96|0.46|0.03|0.70|1.09|0.21|-0.99
0.13|0.62|-0.09|0.14|-0.16|-0.06|0.26|-0.40|0.19|-0.75|-0.98|-0.94|-0.01|0.01|-0.01|0.13|-0.46|1.07|0.56|0.54|0.88|-0.52|0.20|0.41|0.42|0.16|-0.25
0.85|-0.63|-0.31|0.67|0.06|-0.26|-0.18|0.14|0.02|0.05|0.02|0.26|-0.05|-0.04|0.03|-0.47|-0.25|-0.16|0.82|0.88|0.10|-0.62|0.06|0.47|-0.27|-0.92|-0.34
-0.13|0.82|0.87|-0.26|0.46|0.03|0.35|-0.23|-0.04|-0.48|-0.37|1.10|-0.00|0.01|0.03|-0.38|0.18|-0.02|-0.42|0.08|-0.04|0.07|0.20|-0.29|-1.04|0.61|1.52
0.25|-0.37|-0.54|-0.23|0.71|0.33|-0.08|-0.22|0.12|-0.67|0.43|0.45|0.00|-0.02|-0.04|0.66|-0.14|0.49|-0.11|-0.18|-0.54|0.41|0.01|-1.04|0.86|0.38|-0.32
------ Dim separator ------
0.73|0.09|0.27|0.58|0.16|-0.18|0.52|0.44|-0.06|-0.20|-0.40|-0.09|-0.01|0.02|0.02|0.75|0.34|0.24|-0.79|-0.19|1.07|-0.24|-0.59|-0.43|0.60|-0.04|0.23
0.94|-0.35|0.18|-0.36|0.17|-0.74|0.37|-0.11|-0.28|-0.12|-0.23|-0.15|0.02|0.04|-0.02|0.18|-0.44|0.64|-0.38|-0.93|0.72|0.07|-0.54|0.24|-0.35|0.20|0.74
0.33|-0.46|-0.33|0.78|0.16|0.38|0.55|-0.19|-0.05|-0.47|0.59|-0.99|0.04|-0.02|0.01|0.25|-0.10|-0.07|0.79|0.07|-0.07|-0.24|0.76|-0.33|-0.13|0.90|-0.07
0.69|0.41|0.43|-0.06|1.12|-0.21|0.69|0.56|-0.23|0.23|-0.47|0.54|-0.05|0.01|0.03|0.03|0.12|-0.19|0.98|-0.47|-0.31|-0.09|-0.49|0.58|-0.56|1.00|0.90
-0.13|0.34|1.24|0.49|0.51|-0.91|-0.37|-0.13|-0.40|-0.22|0.32|-0.34|-0.01|-0.02|0.00|-0.28|-0.15|0.08|-0.31|-1.33|-0.60|0.00|0.33|0.08|-0.01|0.11|-0.41
------ Dim separator ------
0.32|-0.57|-0.84|0.91|0.08|0.10|-0.01|-0.68|-0.80|-0.14|0.39|0.13|0.01|-0.01|0.00|-0.06|-0.34|-0.51|-0.46|0.60|-0.07|0.26|0.10|-0.51|-1.36|-0.02|-0.44
0.45|0.08|-0.29|-0.52|-0.17|-0.17|0.42|-0.02|0.61|-0.17|0.49|-0.58|0.01|-0.02|-0.01|0.91|0.62|0.27|-0.23|-0.24|0.02|-0.06|-0.05|0.27|0.17|-0.51|-0.78
-0.08|0.20|0.51|0.91|0.25|0.44|-0.04|0.29|-0.08|-0.21|-0.01|0.06|-0.01|-0.05|-0.04|0.38|-0.37|0.74|0.36|-0.61|1.06|-0.49|0.97|0.79|0.19|-0.48|0.30
-1.44|0.64|0.25|0.12|-0.55|0.75|0.60|0.10|0.21|0.38|-0.43|0.33|0.02|0.02|-0.00|0.24|-0.75|-0.28|-0.65|-1.06|-0.86|-0.22|-0.14|0.29|0.48|-0.12|-0.36
0.29|-0.33|0.47|-1.06|1.09|0.47|-0.11|-1.10|-0.05|0.97|0.10|-0.92|0.02|-0.01|-0.05|-0.23|-0.78|0.21|-0.21|0.08|0.49|0.34|-0.72|0.29|0.06|0.93|0.33
------ Dim separator ------
0.35|-0.30|-0.35|-1.55|0.83|0.33|0.17|-0.15|-0.14|0.36|-0.06|0.23|0.03|0.04|-0.04|-0.51|-0.38|-0.73|-1.35|0.48|-0.31|-0.09|1.20|-0.79|0.38|0.46|-0.13
-0.10|0.19|-0.25|0.55|-0.49|-0.55|0.02|-0.14|-0.61|0.31|-0.41|-0.07|-0.01|0.01|-0.00|-0.03|0.31|0.25|-0.04|-0.21|0.49|-0.11|0.21|0.04|-0.04|1.21|0.21
0.55|0.13|-0.50|0.89|0.51|0.07|0.21|0.18|0.09|-0.25|0.04|0.06|-0.02|0.01|-0.04|0.07|0.19|0.01|0.88|0.55|-0.60|0.21|0.17|0.68|0.27|-0.36|-0.12
1.06|0.22|0.03|-0.24|0.27|-0.07|0.65|-0.30|0.23|-0.37|-0.20|0.03|-0.02|-0.01|0.01|0.93|-0.29|-0.09|0.62|-0.16|-0.10|-0.11|-0.38|-0.35|-0.38|-0.08|-0.36
1.17|-0.17|-0.99|-1.28|-0.08|0.76|-0.36|0.49|0.00|-0.67|1.12|0.30|-0.02|-0.00|0.00|0.76|-0.04|-0.08|-0.96|0.22|0.43|-0.91|0.25|0.29|1.30|-0.21|0.35
------ Dim separator ------
-0.68|0.89|0.12|0.46|0.33|-0.97|0.93|0.73|-0.57|-0.37|0.47|0.13|-0.02|0.00|-0.02|-0.30|0.16|-0.04|-0.42|-0.61|-0.17|-0.30|-0.03|-1.30|0.72|-0.26|0.25
-0.67|-0.33|-1.11|0.08|0.28|-0.19|0.82|0.06|0.06|0.48|-0.74|-0.77|0.02|-0.05|-0.00|0.00|0.41|0.35|-0.11|-0.35|-0.73|-0.46|-0.76|-0.52|-0.25|0.23|0.06
0.51|0.10|-0.28|0.75|-0.46|-0.18|-0.05|-0.31|-0.66|-0.26|1.17|0.13|0.04|0.02|-0.03|-0.06|0.25|0.13|0.65|-0.02|-0.46|0.45|0.76|-0.04|1.21|-0.23|0.18
0.69|0.67|-0.07|0.31|-0.17|0.15|-0.45|-0.18|-0.89|0.23|-0.09|0.04|0.17|-0.00|-0.01|0.08|-0.00|0.08|0.93|0.38|0.21|-0.28|-0.13|0.79|-1.36|0.04|1.16
0.73|0.21|0.38|-0.47|-0.22|-0.31|0.26|-1.05|0.27|-0.23|-0.72|0.92|0.01|-0.02|-0.00|-0.97|-0.80|-0.61|-0.19|-0.03|0.34|0.13|-0.64|-0.11|0.42|0.21|-0.67
