------ Dim separator ------
0.45|0.13|0.25|-0.28|-0.13|-0.15|-0.75|-0.38|-0.30|-0.34|-0.10|0.17|-0.03|-0.01|0.01|0.37|-0.28|0.51|-0.35|0.58|-0.80|0.17|-0.10|0.83|0.95|0.12|-0.95
0.27|0.59|-0.10|0.11|-0.00|-0.11|0.27|-0.23|0.33|-0.56|-0.94|-0.81|-0.01|-0.05|-0.02|0.17|-0.50|0.90|0.61|0.37|0.77|-0.42|-0.15|0.59|0.41|0.27|-0.16
0.82|-0.53|-0.22|0.74|0.08|-0.20|-0.15|0.11|0.23|0.10|0.03|0.12|0.10|-0.02|0.00|-0.26|-0.29|-0.17|0.81|0.69|0.09|-0.67|0.06|0.44|-0.31|-0.95|-0.10
-0.21|0.73|0.79|-0.22|0.45|0.22|0.33|-0.08|-0.02|-0.36|-0.26|0.98|-0.01|0.01|0.02|-0.55|0.05|-0.03|-0.29|0.20|0.01|0.22|0.20|-0.42|-1.15|0.89|1.18
0.17|-0.15|-0.40|-0.26|0.84|0.38|-0.07|-0.37|0.24|-0.66|0.46|0.56|-0.01|0.02|0.02|0.53|-0.08|0.43|-0.02|-0.15|-0.64|0.46|0.25|-0.92|0.70|0.49|-0.24
------ Dim separator ------
0.76|0.11|0.13|0.62|0.12|-0.22|0.41|0.55|0.13|-0.14|-0.22|-0.06|-0.05|0.00|0.03|0.84|0.40|0.31|-0.77|-0.19|0.87|-0.12|-0.47|-0.43|0.55|0.16|0.41
0.86|-0.35|0.14|-0.27|-0.01|-0.68|0.27|-0.25|-0.36|0.00|-0.31|-0.21|-0.05|-0.03|-0.00|0.04|-0.47|0.67|-0.26|-0.85|0.68|0.00|-0.47|0.32|-0.36|0.03|0.63
0.41|-0.36|-0.37|0.75|0.00|0.41|0.45|-0.18|-0.02|-0.62|0.65|-0.94|-0.05|0.04|0.02|0.19|-0.09|-0.27|0.60|0.05|-0.01|-0.19|0.87|-0.32|0.10|1.00|-0.03
0.72|0.28|0.41|-0.02|1.02|-0.10|0.64|0.58|-0.15|0.17|-0.53|0.52|0.13|-0.02|0.02|0.09|0.02|-0.18|0.93|-0.31|-0.33|-0.05|-0.39|0.56|-0.44|1.00|0.88
-0.03|0.42|1.20|0.43|0.54|-0.87|-0.37|-0.09|-0.26|-0.25|0.13|-0.45|-0.01|0.07|0.02|-0.25|-0.10|-0.08|-0.51|-1.41|-0.79|-0.11|0.33|0.03|-0.03|0.16|-0.44
------ Dim separator ------
0.40|-0.57|-0.92|0.78|0.08|0.13|0.03|-0.60|-0.61|0.08|0.38|-0.07|-0.02|-0.02|-0.01|-0.10|-0.22|-0.63|-0.38|0.55|-0.12|0.21|0.16|-0.55|-1.29|0.02|-0.28
0.51|-0.04|-0.32|-0.38|-0.19|-0.17|0.40|-0.03|0.61|-0.07|0.44|-0.31|0.03|0.03|0.04|0.89|0.62|0.18|-0.35|-0.23|-0.03|-0.10|-0.03|0.13|0.30|-0.42|-0.68
-0.20|0.28|0.55|0.96|0.36|0.37|0.19|0.20|-0.08|-0.26|-0.07|-0.01|0.00|0.07|0.02|0.53|-0.21|0.59|0.36|-0.51|1.07|-0.53|0.96|0.76|0.16|-0.30|0.42
-1.35|0.65|0.25|0.25|-0.45|0.65|0.50|0.14|0.15|0.33|-0.54|0.53|0.01|-0.01|0.02|0.33|-0.75|-0.32|-0.42|-0.84|-0.65|-0.25|-0.13|-0.01|0.61|-0.22|-0.13
0.26|-0.18|0.35|-1.13|1.00|0.31|-0.25|-1.07|-0.03|0.97|0.27|-0.68|0.01|-0.03|0.04|-0.29|-0.92|0.22|-0.27|0.07|0.40|0.05|-0.79|0.30|0.11|0.86|0.27
------ Dim separator ------
0.09|-0.23|-0.37|-1.34|0.62|0.35|0.04|-0.07|-0.07|0.28|-0.20|0.20|-0.02|0.02|0.05|-0.36|-0.33|-0.72|-1.30|0.45|-0.28|-0.13|1.08|-0.96|0.17|0.54|0.06
-0.03|0.35|-0.05|0.49|-0.42|-0.56|0.08|-0.04|-0.58|0.27|-0.29|-0.04|-0.04|0.01|-0.03|-0.16|0.25|0.18|-0.03|-0.17|0.50|-0.03|0.19|-0.02|0.01|1.27|0.13
0.67|0.00|-0.33|0.81|0.49|-0.15|0.37|0.37|-0.05|-0.20|0.01|0.10|0.06|0.04|0.03|0.13|0.20|0.11|0.88|0.70|-0.79|0.25|0.08|0.76|0.26|-0.45|0.02
0.89|0.32|-0.08|-0.21|0.42|-0.23|0.63|-0.39|0.27|-0.50|-0.31|-0.04|-0.02|0.02|-0.01|0.98|-0.31|0.08|0.62|-0.16|-0.05|-0.21|-0.38|-0.45|-0.16|-0.28|-0.26
1.16|-0.15|-1.17|-1.20|-0.09|0.75|-0.49|0.53|0.04|-0.74|0.94|0.39|0.04|-0.02|0.01|0.65|-0.03|-0.10|-1.01|0.35|0.30|-0.66|0.04|0.29|1.25|-0.15|0.38
------ Dim separator ------
-0.65|0.69|0.20|0.39|0.41|-1.12|0.98|0.57|-0.44|-0.28|0.39|-0.00|0.02|0.01|-0.03|-0.52|0.22|-0.01|-0.47|-0.60|-0.21|-0.42|-0.14|-1.22|0.64|-0.17|0.27
-0.71|-0.22|-1.08|0.15|0.09|-0.24|0.64|-0.02|0.02|0.60|-0.78|-0.72|0.04|0.05|-0.00|0.01|0.45|0.38|-0.03|-0.32|-0.77|-0.38|-0.59|-0.33|-0.14|0.19|-0.16
0.43|0.12|-0.27|0.68|-0.29|-0.05|-0.17|-0.24|-0.55|-0.09|0.99|0.04|0.07|-0.02|0.01|0.01|0.22|0.07|0.69|-0.08|-0.44|0.29|0.86|0.08|1.16|-0.07|0.21
0.89|0.63|-0.02|0.34|-0.04|0.21|-0.55|-0.17|-0.83|0.36|-0.04|0.03|0.85|-0.03|-0.02|-0.01|0.00|-0.00|1.00|0.50|0.07|-0.13|-0.24|0.64|-1.39|0.22|1.16
0.74|0.11|0.31|-0.39|-0.27|-0.41|0.38|-0.76|0.37|-0.38|-0.73|0.87|0.00|-0.03|0.04|-0.77|-0.83|-0.69|-0.25|0.03|0.31|0.10|-0.66|-0.19|0.60|0.13|-0.65
