------ Dim separator ------
0.44|-0.45|0.20|-0.60|-0.13|-0.02|-0.65|-0.21|-0.38|-0.63|-0.06|-0.07|0.00|-0.01|0.02|0.22|-0.44|0.50|-0.35|0.48|-0.84|0.17|-0.15|0.66|1.05|0.01|-0.70
0.03|0.64|-0.14|0.33|-0.11|-0.22|0.20|-0.46|0.09|-0.92|-0.90|-1.04|0.01|-0.01|0.03|0.25|-0.50|1.11|0.44|0.56|0.86|-0.66|0.31|0.21|0.39|0.10|-0.17
0.85|-0.43|-0.41|0.64|-0.15|-0.60|-0.29|0.35|-0.01|0.08|-0.02|0.34|0.01|0.03|-0.04|-0.22|0.13|-0.29|0.87|0.96|0.09|-0.53|0.13|0.42|-0.09|-0.89|-0.26
0.01|0.68|0.96|-0.15|0.64|0.17|0.00|-0.30|0.21|-0.44|-0.31|1.15|-0.01|-0.00|-0.03|-0.67|0.11|-0.08|-0.29|0.08|0.15|-0.19|-0.00|-0.25|-0.85|0.58|1.37
0.26|-0.49|-0.36|-0.09|0.64|0.46|-0.08|-0.29|0.42|-0.72|0.51|0.59|0.01|0.00|0.02|0.80|0.02|0.47|-0.33|-0.05|-0.59|0.41|0.24|-0.97|0.81|0.44|-0.35
------ Dim separator ------
0.93|0.04|0.26|0.58|0.15|-0.07|0.52|0.60|0.03|-0.18|-0.42|-0.02|0.03|0.01|-0.01|0.87|0.55|0.41|-0.74|-0.27|1.12|-0.31|-0.72|-0.31|0.84|-0.33|0.08
0.91|-0.20|0.27|-0.27|0.32|-0.87|0.18|0.12|-0.18|-0.05|-0.32|-0.47|0.01|-0.01|0.00|0.29|-0.49|0.43|-0.23|-0.95|0.55|0.20|-0.25|0.26|-0.34|0.43|0.64
0.08|-0.42|-0.44|0.62|0.25|0.52|0.85|-0.14|-0.06|-0.77|0.72|-1.07|-0.02|0.02|-0.01|0.22|-0.28|0.25|0.89|0.31|-0.16|-0.11|0.63|-0.30|0.09|1.13|-0.09
0.77|0.25|0.51|-0.19|0.75|-0.23|0.69|0.23|-0.45|0.29|-0.43|0.57|-0.02|0.01|-0.02|-0.12|0.09|0.08|0.78|-0.59|-0.54|-0.18|-0.53|0.55|-0.57|0.89|0.59
-0.11|0.58|1.11|0.44|0.34|-0.96|-0.61|0.02|-0.46|-0.21|0.43|-0.14|-0.02|0.04|-0.01|-0.19|-0.38|0.09|-0.26|-1.35|-0.75|-0.15|0.27|-0.15|-0.17|-0.11|-0.41
------ Dim separator ------
0.30|-0.40|-0.56|1.07|0.07|-0.05|-0.04|-0.61|-0.87|-0.27|0.29|0.19|0.01|-0.02|-0.01|-0.24|-0.07|-0.55|-0.53|0.39|0.01|0.01|0.26|-0.06|-1.49|-0.00|-0.55
0.33|0.09|-0.22|-0.70|-0.27|-0.36|0.24|-0.04|0.49|-0.20|0.39|-0.49|-0.01|0.01|0.02|0.86|0.63|0.14|-0.05|-0.36|0.01|0.01|0.06|0.58|0.18|-0.57|-0.67
-0.07|0.28|0.45|0.91|0.24|0.25|-0.01|0.02|-0.14|-0.03|0.03|0.14|0.01|0.01|0.03|0.16|-0.40|0.53|0.21|-0.51|1.09|-0.32|0.72|0.91|0.34|-0.57|0.15
-1.50|0.80|0.27|0.02|-0.40|0.86|0.58|0.06|0.22|0.51|-0.64|0.44|-0.02|-0.02|-0.00|0.20|-0.55|-0.34|-0.61|-0.94|-0.64|-0.18|-0.08|0.57|0.50|-0.12|-0.06
0.25|-0.49|0.49|-1.30|1.54|0.40|0.11|-1.19|-0.03|0.79|0.16|-1.05|-0.02|0.00|0.02|-0.38|-0.89|0.13|-0.46|-0.16|0.52|0.29|-0.77|0.33|-0.04|0.98|-0.04
------ Dim separator ------
0.59|-0.42|-0.82|-1.36|0.75|0.39|0.13|-0.42|-0.36|0.10|0.02|0.31|-0.00|-0.00|0.03|-0.58|-0.62|-0.83|-1.34|0.19|-0.11|-0.20|1.25|-1.02|0.34|0.44|-0.09
-0.07|0.19|-0.21|0.61|-0.51|-0.22|-0.14|-0.27|-0.45|0.26|-0.51|-0.22|0.00|-0.01|-0.00|0.15|0.22|0.08|0.02|-0.29|0.39|-0.19|0.33|0.21|-0.14|1.19|-0.18
0.47|0.18|-0.52|0.96|0.27|0.13|0.41|0.29|0.37|-0.42|0.28|-0.02|-0.01|-0.01|0.00|0.50|0.17|0.01|0.87|0.55|-0.62|0.37|0.15|0.89|0.36|-0.53|-0.29
0.90|-0.13|0.38|-0.39|0.38|-0.22|0.87|-0.30|0.32|-0.13|-0.32|0.08|0.00|-0.02|-0.02|0.77|-0.30|0.20|0.55|-0.01|0.24|-0.19|-0.42|-0.21|0.12|-0.03|-0.30
1.15|-0.18|-0.91|-1.40|0.04|0.72|-0.34|0.51|0.01|-0.92|0.99|0.25|0.03|0.02|0.01|0.77|0.07|-0.13|-0.93|0.25|0.54|-0.88|0.29|0.38|1.25|-0.08|0.53
------ Dim separator ------
-0.35|1.08|0.42|0.62|0.62|-1.11|0.70|0.89|-0.55|-0.31|0.41|0.20|0.01|-0.03|0.04|-0.02|0.36|0.21|-0.42|-0.46|-0.06|-0.50|0.05|-1.25|0.86|-0.23|0.25
-0.72|-0.25|-0.90|0.12|0.03|-0.15|0.72|0.31|0.11|0.49|-0.96|-0.78|0.00|0.01|-0.00|-0.00|0.44|0.51|0.14|-0.16|-0.70|-0.45|-0.76|-0.59|-0.08|0.44|0.21
0.61|0.09|-0.15|0.78|-0.42|-0.19|-0.08|-0.34|-0.68|-0.16|0.87|0.16|0.98|0.01|0.01|0.00|1.00|-0.00|0.01|0.22|-0.56|0.17|0.56|-0.08|1.15|-0.26|0.49
0.70|0.60|-0.12|0.25|-0.37|-0.04|-0.16|-0.28|-0.84|0.31|-0.18|0.22|-0.04|0.00|-0.01|0.38|0.15|0.14|0.96|0.22|0.42|-0.39|-0.20|0.72|-1.24|0.08|1.21
0.59|0.37|0.40|-0.31|-0.14|-0.22|0.34|-0.85|0.22|-0.30|-0.67|0.96|0.01|-0.01|-0.06|-0.85|-0.98|-0.55|-0.29|-0.11|0.16|0.30|-0.63|-0.18|0.49|0.44|-0.71
