------ Dim separator ------
0.48|-0.44|-0.08|-0.42|-0.12|-0.17|-1.07|-0.41|-0.39|-0.00|-0.40|0.38|0.01|0.02|0.00|0.26|-0.61|0.88|-0.63|0.92|-0.81|0.26|-0.06|0.43|1.37|0.19|-1.08
0.09|0.79|-0.15|0.49|-0.25|-0.36|-0.12|-0.19|0.33|-0.74|-1.00|-1.04|-0.00|0.02|-0.01|-0.25|-0.52|0.98|0.67|0.73|1.11|-0.54|-0.14|0.65|0.11|0.31|0.15
0.81|-0.48|-0.47|0.67|-0.06|-0.36|-0.41|-0.03|-0.38|-0.30|-0.22|0.56|0.03|0.01|-0.01|-0.32|-0.17|0.19|1.10|0.79|0.33|-0.68|-0.20|0.51|-0.21|-0.57|-0.24
-0.23|0.93|0.69|-0.46|0.22|0.24|0.34|0.00|0.09|-0.36|-0.70|1.31|-0.01|-0.00|-0.01|-0.68|-0.02|-0.20|-0.64|-0.23|-0.37|0.19|0.54|-0.32|-1.13|0.59|1.84
0.24|-0.22|-0.45|-0.27|0.96|0.49|-0.52|-0.21|0.16|-0.67|0.62|0.24|0.00|0.00|0.03|0.67|-0.54|0.67|-0.10|-0.30|-0.34|0.60|-0.05|-1.51|1.45|0.13|-0.28
------ Dim separator ------
0.89|0.21|0.72|0.59|0.39|-0.21|0.79|0.39|0.06|-0.08|-0.54|-0.46|-0.02|0.00|-0.00|0.72|0.08|0.38|-0.95|-0.35|1.02|0.26|-0.74|-0.03|0.69|-0.16|0.75
0.70|-0.59|0.03|-0.41|-0.05|-0.85|0.27|-0.13|-0.38|-0.24|-0.44|0.20|0.01|-0.00|0.02|-0.18|-0.58|0.79|-0.47|-0.85|0.42|0.10|-0.83|-0.02|-0.23|0.15|0.91
0.20|-0.63|-0.39|0.93|-0.01|0.33|0.48|-0.48|-0.15|-0.18|0.52|-1.26|1.00|0.00|-0.01|-0.00|-0.00|0.00|1.00|-0.06|-0.01|-0.45|1.12|0.14|-0.40|0.76|0.06
0.14|0.27|0.61|0.36|1.29|0.04|0.46|0.32|-0.14|0.33|-0.25|0.63|1.01|0.01|-0.00|-0.00|-0.00|-0.01|1.00|-0.29|0.12|-0.23|-0.24|0.08|-0.84|1.38|1.15
-0.24|0.04|1.35|0.65|0.99|-0.57|-0.35|-0.01|-0.38|-0.23|-0.14|-0.60|-0.01|0.01|0.01|-0.63|0.09|-0.35|-0.36|-1.98|-0.39|-0.19|0.50|0.46|0.26|0.20|-0.54
------ Dim separator ------
0.44|-0.71|-0.98|1.04|-0.03|-0.27|0.27|-0.65|-0.57|-0.23|0.63|0.39|-0.02|-0.00|-0.01|0.19|-0.47|-0.63|-0.46|0.54|-0.27|0.30|0.33|-0.55|-1.22|-0.12|-0.46
0.42|-0.11|-0.24|-0.67|-0.18|-0.81|0.41|-0.04|0.45|-0.38|0.43|-0.63|-0.01|-0.00|0.02|1.05|0.47|0.41|-0.41|-0.22|0.08|-0.48|-0.27|0.28|-0.14|-0.69|-1.02
0.12|0.28|0.96|0.69|0.32|0.46|-0.03|0.08|-0.40|-0.25|-0.08|-0.06|-0.01|-0.00|0.01|0.36|-0.19|0.79|-0.01|-0.38|0.89|-0.44|0.84|0.81|0.00|-0.41|0.18
-1.42|0.82|0.63|0.03|-0.50|1.33|0.76|0.32|0.45|0.07|-0.59|0.25|-0.03|-0.02|-0.00|0.42|-0.79|-0.11|-0.40|-0.93|-1.11|-0.47|0.76|-0.03|0.95|-0.37|-0.23
0.21|-0.48|0.48|-0.88|1.05|0.42|-0.15|-1.32|-0.21|0.88|0.20|-0.54|-0.02|-0.00|-0.01|-0.29|-0.43|0.61|-0.51|0.10|0.57|0.58|-0.98|0.53|0.20|1.03|0.70
------ Dim separator ------
0.40|-0.39|-0.50|-1.60|0.95|0.08|0.26|-0.12|0.17|0.46|-0.16|0.42|-0.01|-0.00|-0.01|-0.43|-0.33|-0.45|-1.61|0.62|-0.05|-0.14|0.82|-0.73|0.36|0.56|-0.25
-0.23|-0.14|-0.52|0.41|-0.14|-0.87|-0.06|-0.27|-0.21|0.32|0.07|-0.22|-0.01|-0.01|-0.00|-0.04|0.57|0.24|-0.13|-0.50|0.58|-0.27|0.30|0.18|-0.06|1.07|0.26
0.26|-0.03|-0.16|0.74|0.44|0.23|0.27|0.16|-0.09|-0.13|0.12|0.27|1.01|-0.01|-0.01|0.01|0.00|-0.00|1.00|0.56|-0.96|0.36|0.36|0.91|0.43|-0.20|-0.21
1.26|0.20|-0.32|-0.20|0.49|-0.12|0.66|-0.57|0.41|-0.38|-0.47|0.42|0.01|0.01|0.01|0.99|-0.09|-0.05|0.80|-0.12|-0.08|-0.69|-0.23|-0.34|-0.35|0.23|-0.43
1.38|-0.55|-1.41|-0.88|-0.19|0.62|-0.17|0.63|0.24|-0.64|1.03|0.04|0.01|-0.01|-0.01|0.67|-0.49|-0.41|-1.56|0.25|0.31|-1.08|0.26|0.15|1.44|-0.34|0.53
------ Dim separator ------
-0.20|1.07|0.21|0.58|0.22|-1.24|0.97|0.54|-0.47|-0.70|0.27|0.08|0.00|0.00|-0.01|-0.09|0.10|0.00|-0.31|-0.58|0.13|0.02|-0.38|-1.43|0.82|-0.39|0.33
-0.67|-0.21|-1.36|-0.29|0.24|0.15|0.88|0.06|0.24|0.83|-0.85|-0.91|0.02|0.02|-0.01|0.41|0.08|0.63|0.01|-0.43|-0.88|-0.52|-0.59|-0.82|-0.39|-0.22|0.03
0.60|0.16|-0.16|0.76|-0.54|0.01|-0.26|-0.29|-0.69|-0.13|1.38|0.41|0.99|0.00|0.01|0.00|-0.01|0.01|1.00|-0.03|-0.20|0.68|0.99|-0.11|1.07|-0.03|-0.06
0.26|0.61|0.40|0.05|0.36|-0.07|-0.56|-0.18|-1.37|0.34|-0.10|0.07|0.98|0.01|-0.01|0.00|-0.00|0.00|1.00|0.36|0.11|-0.17|-0.11|1.12|-1.29|0.20|1.53
1.05|0.49|0.34|-0.63|0.07|-0.30|0.08|-1.29|-0.07|-0.63|-0.73|0.86|0.00|-0.01|0.01|-0.93|-0.87|-0.52|0.12|-0.55|0.54|0.34|-0.68|0.00|0.59|0.36|-0.63
