------ Dim separator ------
0.62|-0.16|0.10|-0.45|-0.17|-0.16|-0.84|-0.23|-0.11|-0.26|-0.07|0.02|-0.02|0.01|-0.02|0.40|-0.39|0.28|-0.49|0.71|-0.89|0.11|-0.15|0.60|0.85|0.11|-0.93
0.02|0.58|-0.39|0.33|-0.04|-0.04|0.04|-0.27|0.23|-0.63|-1.06|-1.05|0.01|0.03|0.01|0.12|-0.50|0.77|0.60|0.56|0.86|-0.59|-0.09|0.62|0.37|0.48|-0.14
0.75|-0.36|-0.16|0.74|-0.19|-0.16|-0.29|0.21|-0.00|-0.19|-0.06|0.16|0.96|0.01|0.01|-0.00|-0.00|-0.00|1.00|0.72|0.13|-0.75|-0.16|0.49|-0.01|-0.89|-0.05
0.13|0.77|0.42|-0.15|0.34|0.47|0.40|-0.04|-0.04|-0.48|-0.49|0.96|0.02|-0.01|-0.01|-0.69|0.06|-0.01|-0.41|0.21|-0.05|0.22|0.19|-0.32|-1.07|0.92|1.29
0.12|-0.09|-0.41|-0.20|0.86|0.41|-0.06|-0.24|0.32|-0.44|0.59|0.38|0.00|-0.01|-0.02|0.53|-0.00|0.41|-0.14|-0.29|-0.51|0.42|0.28|-0.97|1.15|0.42|-0.12
------ Dim separator ------
0.83|0.06|0.33|0.75|0.46|0.03|0.60|0.50|0.09|0.12|-0.05|-0.16|0.04|-0.02|-0.02|0.81|0.24|0.25|-0.79|-0.16|0.76|0.15|-0.49|-0.33|0.69|0.07|0.46
0.79|-0.14|0.09|-0.48|-0.10|-0.70|-0.04|-0.43|-0.11|-0.03|-0.35|-0.16|0.02|0.00|0.00|-0.19|-0.44|0.75|-0.26|-0.88|0.55|0.18|-0.56|0.47|-0.48|0.12|0.54
0.18|-0.59|-0.33|0.80|0.03|0.39|0.47|-0.14|-0.36|-0.77|0.64|-1.10|0.02|-0.03|-0.00|0.12|-0.29|-0.12|0.89|0.10|0.02|-0.12|0.98|-0.04|-0.05|0.95|0.02
0.69|0.35|0.57|0.06|0.87|-0.34|0.68|0.56|-0.03|0.27|-0.24|0.44|0.97|-0.01|-0.03|0.00|0.00|0.00|1.00|-0.24|-0.38|-0.08|-0.34|0.48|-0.55|1.18|0.76
-0.29|0.52|1.42|0.48|0.61|-0.68|-0.40|-0.04|-0.37|-0.31|0.20|-0.56|0.03|-0.09|-0.02|-0.43|-0.26|0.02|-0.38|-1.70|-0.62|-0.09|0.35|-0.05|-0.21|0.04|-0.26
------ Dim separator ------
0.47|-0.77|-0.94|0.86|-0.00|0.01|0.16|-0.61|-0.62|0.19|0.64|0.15|0.02|0.04|0.03|-0.22|-0.17|-0.57|-0.18|0.44|-0.09|0.12|0.41|-0.27|-1.29|-0.05|-0.22
0.42|-0.18|-0.22|-0.32|-0.05|-0.30|0.33|-0.13|0.62|-0.16|0.38|-0.47|-0.01|-0.02|-0.07|0.99|0.64|0.17|-0.18|-0.58|-0.03|-0.26|-0.10|0.25|0.31|-0.41|-0.68
-0.30|0.31|0.76|0.66|0.19|0.26|-0.10|0.08|-0.16|-0.21|-0.13|0.15|-0.00|-0.04|-0.03|0.68|-0.33|0.61|0.28|-0.17|1.07|-0.32|0.84|0.65|0.38|-0.30|0.23
-1.45|0.78|0.45|0.29|-0.51|0.89|0.76|0.04|0.38|0.55|-0.56|0.54|0.01|0.03|-0.01|0.14|-0.56|-0.24|-0.30|-0.93|-0.70|-0.54|0.07|-0.18|0.66|-0.16|-0.14
0.05|-0.43|0.31|-1.30|1.16|0.39|-0.30|-1.01|0.04|0.80|0.21|-0.67|0.01|0.02|0.01|-0.48|-0.65|0.05|-0.27|0.05|0.48|0.29|-0.89|0.44|0.18|0.89|0.34
------ Dim separator ------
0.16|-0.09|-0.40|-1.22|0.71|0.43|0.10|-0.29|-0.02|0.13|-0.39|0.13|0.00|-0.05|-0.03|-0.37|-0.34|-0.86|-1.44|0.35|-0.13|-0.13|1.12|-0.93|0.05|0.62|0.00
-0.11|0.25|-0.16|0.47|-0.40|-0.53|-0.04|0.02|-0.25|0.37|-0.20|-0.06|0.04|-0.01|0.04|-0.12|0.23|0.11|-0.19|-0.24|0.68|-0.21|0.50|0.05|-0.02|1.03|-0.05
0.58|0.17|-0.31|0.78|0.34|0.05|0.40|0.45|-0.11|-0.18|0.27|0.26|0.98|-0.03|0.01|-0.01|-0.00|0.00|1.00|0.93|-0.82|0.28|0.27|0.78|0.40|-0.49|-0.10
1.05|-0.06|-0.15|-0.22|0.54|-0.13|0.82|-0.44|0.13|-0.32|-0.36|0.14|0.02|-0.00|0.01|0.71|-0.06|0.20|0.58|-0.02|-0.06|-0.52|-0.43|-0.31|-0.02|0.08|-0.32
1.31|-0.26|-1.21|-1.14|-0.05|0.80|-0.51|0.78|0.22|-0.70|1.31|0.41|-0.05|0.01|-0.01|0.93|-0.23|-0.57|-1.17|0.18|0.49|-0.79|0.20|0.05|1.35|0.14|0.53
------ Dim separator ------
-0.49|1.17|0.29|0.24|0.27|-1.27|0.88|0.60|-0.39|-0.48|0.53|0.02|-0.01|0.01|0.02|-0.28|0.43|0.28|-0.27|-0.65|-0.15|-0.49|-0.03|-1.26|0.77|-0.17|0.22
-0.81|-0.10|-1.30|0.02|-0.02|0.04|0.88|0.16|0.34|0.49|-0.73|-0.51|-0.06|-0.03|0.02|0.02|0.21|0.78|0.17|-0.37|-0.79|-0.37|-0.70|-0.56|-0.08|0.19|-0.03
0.45|0.27|-0.21|0.69|-0.46|-0.07|-0.24|-0.20|-0.60|-0.14|1.37|0.21|0.98|0.00|0.01|-0.01|0.01|-0.00|0.99|0.00|-0.49|0.45|0.88|0.01|1.28|-0.04|0.18
0.78|0.68|0.17|0.05|-0.17|0.07|-0.33|-0.05|-0.96|0.26|-0.12|0.01|0.17|0.02|0.04|0.13|-0.04|-0.07|1.19|0.23|0.11|-0.16|-0.17|0.76|-1.44|0.29|1.34
0.68|0.22|0.57|-0.28|-0.02|-0.42|0.36|-0.80|0.11|-0.58|-0.65|0.87|-0.02|0.05|0.00|-0.67|-0.80|-0.85|-0.13|-0.09|0.25|0.34|-0.71|-0.12|0.65|0.18|-0.55
