------ Dim separator ------
0.45|0.14|0.25|-0.29|-0.14|-0.15|-0.75|-0.39|-0.30|-0.35|-0.10|0.17|-0.04|-0.01|0.01|0.37|-0.29|0.52|-0.35|0.58|-0.81|0.16|-0.11|0.84|0.96|0.12|-0.96
0.27|0.60|-0.11|0.11|-0.01|-0.11|0.28|-0.23|0.33|-0.57|-0.96|-0.81|-0.01|-0.04|-0.02|0.18|-0.51|0.91|0.62|0.37|0.76|-0.41|-0.15|0.60|0.41|0.27|-0.16
0.82|-0.54|-0.22|0.74|0.08|-0.21|-0.16|0.13|0.24|0.11|0.04|0.12|0.09|-0.01|-0.01|-0.28|-0.30|-0.18|0.81|0.71|0.09|-0.67|0.06|0.44|-0.31|-0.97|-0.11
-0.22|0.73|0.81|-0.23|0.46|0.22|0.34|-0.07|-0.01|-0.37|-0.25|0.99|-0.01|0.02|0.02|-0.55|0.04|-0.04|-0.29|0.20|0.01|0.22|0.19|-0.42|-1.15|0.89|1.19
0.18|-0.16|-0.41|-0.27|0.84|0.39|-0.07|-0.38|0.24|-0.67|0.46|0.57|-0.02|0.02|0.02|0.53|-0.07|0.44|-0.02|-0.15|-0.66|0.47|0.26|-0.93|0.69|0.50|-0.25
------ Dim separator ------
0.76|0.11|0.13|0.63|0.11|-0.23|0.40|0.56|0.13|-0.15|-0.22|-0.06|-0.05|0.00|0.02|0.85|0.41|0.32|-0.78|-0.19|0.87|-0.12|-0.47|-0.43|0.56|0.16|0.41
0.86|-0.35|0.14|-0.24|-0.01|-0.69|0.27|-0.26|-0.36|0.01|-0.31|-0.22|-0.05|-0.03|-0.00|0.05|-0.47|0.68|-0.25|-0.85|0.68|-0.00|-0.46|0.32|-0.37|0.03|0.63
0.41|-0.35|-0.38|0.76|0.00|0.43|0.45|-0.17|-0.02|-0.64|0.65|-0.94|-0.06|0.04|0.01|0.19|-0.09|-0.28|0.59|0.06|-0.01|-0.18|0.89|-0.33|0.11|1.02|-0.05
0.74|0.27|0.40|-0.02|1.01|-0.10|0.64|0.58|-0.16|0.16|-0.55|0.53|0.10|-0.01|0.02|0.10|0.03|-0.19|0.93|-0.31|-0.34|-0.04|-0.40|0.58|-0.44|1.00|0.87
-0.03|0.43|1.19|0.43|0.55|-0.89|-0.38|-0.10|-0.26|-0.24|0.13|-0.43|-0.01|0.07|0.01|-0.25|-0.10|-0.08|-0.51|-1.41|-0.82|-0.13|0.34|0.01|-0.03|0.16|-0.44
------ Dim separator ------
0.39|-0.57|-0.92|0.78|0.09|0.14|0.02|-0.60|-0.62|0.09|0.38|-0.08|-0.02|-0.01|-0.01|-0.11|-0.23|-0.64|-0.40|0.56|-0.13|0.20|0.16|-0.57|-1.30|0.03|-0.27
0.51|-0.03|-0.32|-0.39|-0.18|-0.17|0.40|-0.03|0.62|-0.08|0.45|-0.30|0.03|0.02|0.04|0.89|0.61|0.18|-0.35|-0.22|-0.04|-0.09|-0.04|0.14|0.31|-0.42|-0.68
-0.21|0.28|0.55|0.97|0.36|0.37|0.19|0.19|-0.07|-0.27|-0.07|-0.01|0.01|0.07|0.03|0.53|-0.20|0.58|0.35|-0.53|1.08|-0.54|0.97|0.77|0.17|-0.31|0.43
-1.36|0.66|0.25|0.26|-0.45|0.65|0.51|0.14|0.15|0.34|-0.54|0.54|0.01|-0.01|0.02|0.34|-0.76|-0.32|-0.42|-0.84|-0.65|-0.25|-0.14|-0.00|0.61|-0.22|-0.12
0.26|-0.18|0.34|-1.14|1.01|0.30|-0.25|-1.08|-0.03|0.97|0.27|-0.69|0.00|-0.03|0.04|-0.30|-0.92|0.22|-0.28|0.07|0.41|0.05|-0.79|0.30|0.10|0.86|0.27
------ Dim separator ------
0.08|-0.24|-0.38|-1.34|0.62|0.36|0.04|-0.07|-0.07|0.27|-0.20|0.20|-0.02|0.02|0.05|-0.36|-0.33|-0.72|-1.31|0.46|-0.28|-0.13|1.10|-0.97|0.17|0.54|0.07
-0.02|0.37|-0.05|0.49|-0.43|-0.56|0.08|-0.05|-0.59|0.27|-0.29|-0.04|-0.04|0.01|-0.02|-0.16|0.24|0.18|-0.02|-0.17|0.51|-0.03|0.19|-0.02|0.00|1.28|0.12
0.68|0.00|-0.35|0.80|0.50|-0.15|0.38|0.38|-0.04|-0.20|0.00|0.11|0.03|0.03|0.03|0.15|0.20|0.12|0.87|0.71|-0.80|0.25|0.07|0.77|0.27|-0.46|0.03
0.89|0.32|-0.08|-0.22|0.43|-0.24|0.64|-0.40|0.27|-0.51|-0.31|-0.06|-0.01|0.02|-0.01|0.99|-0.33|0.08|0.63|-0.16|-0.06|-0.21|-0.38|-0.45|-0.15|-0.29|-0.27
1.17|-0.14|-1.18|-1.22|-0.10|0.77|-0.50|0.53|0.04|-0.75|0.95|0.40|0.04|-0.03|0.00|0.65|-0.02|-0.10|-1.01|0.36|0.29|-0.66|0.03|0.29|1.26|-0.15|0.38
------ Dim separator ------
-0.65|0.69|0.20|0.40|0.43|-1.12|0.99|0.59|-0.45|-0.28|0.37|0.01|0.02|0.01|-0.03|-0.54|0.22|-0.02|-0.48|-0.60|-0.21|-0.44|-0.15|-1.24|0.65|-0.17|0.27
-0.71|-0.22|-1.08|0.15|0.08|-0.24|0.63|-0.03|0.01|0.62|-0.79|-0.72|0.04|0.05|-0.01|0.02|0.46|0.37|-0.03|-0.32|-0.77|-0.39|-0.59|-0.32|-0.13|0.19|-0.19
0.43|0.12|-0.27|0.68|-0.29|-0.06|-0.17|-0.24|-0.56|-0.10|0.99|0.04|0.04|-0.02|0.00|0.00|0.23|0.08|0.68|-0.10|-0.44|0.30|0.87|0.08|1.17|-0.08|0.21
0.89|0.64|-0.03|0.34|-0.05|0.23|-0.55|-0.17|-0.83|0.37|-0.03|0.03|0.88|-0.03|-0.02|-0.00|0.00|-0.00|1.00|0.52|0.06|-0.13|-0.26|0.64|-1.40|0.23|1.15
0.74|0.10|0.31|-0.38|-0.28|-0.40|0.38|-0.77|0.38|-0.38|-0.73|0.88|0.01|-0.03|0.03|-0.78|-0.84|-0.69|-0.24|0.04|0.31|0.09|-0.67|-0.19|0.62|0.13|-0.65
