------ Dim separator ------
0.29|-0.13|0.24|-0.42|-0.18|-0.11|-0.76|-0.19|-0.45|-0.35|-0.23|-0.05|0.04|-0.01|-0.01|0.23|-0.37|0.81|-0.40|0.63|-0.97|0.46|0.02|0.71|1.10|0.20|-1.00
0.13|0.63|-0.11|0.14|-0.16|-0.06|0.27|-0.39|0.19|-0.76|-0.99|-0.95|-0.01|0.01|-0.01|0.14|-0.47|1.08|0.57|0.53|0.88|-0.51|0.22|0.42|0.42|0.17|-0.26
0.85|-0.64|-0.31|0.67|0.05|-0.28|-0.18|0.15|0.03|0.06|0.02|0.26|-0.04|-0.03|0.03|-0.48|-0.25|-0.17|0.81|0.89|0.10|-0.62|0.07|0.47|-0.28|-0.93|-0.34
-0.13|0.82|0.88|-0.26|0.47|0.03|0.36|-0.22|-0.03|-0.49|-0.37|1.10|0.00|0.01|0.02|-0.37|0.18|-0.01|-0.42|0.09|-0.04|0.08|0.20|-0.29|-1.04|0.61|1.52
0.25|-0.38|-0.55|-0.23|0.71|0.33|-0.08|-0.23|0.13|-0.67|0.43|0.45|0.00|-0.02|-0.04|0.66|-0.13|0.49|-0.11|-0.18|-0.55|0.41|0.02|-1.05|0.85|0.39|-0.33
------ Dim separator ------
0.73|0.10|0.27|0.59|0.17|-0.18|0.51|0.43|-0.06|-0.21|-0.39|-0.10|-0.00|0.02|0.01|0.76|0.35|0.23|-0.80|-0.18|1.07|-0.24|-0.59|-0.44|0.61|-0.04|0.23
0.94|-0.34|0.19|-0.35|0.17|-0.75|0.37|-0.12|-0.28|-0.11|-0.23|-0.17|0.01|0.04|-0.02|0.19|-0.44|0.65|-0.38|-0.92|0.73|0.07|-0.54|0.25|-0.37|0.20|0.73
0.33|-0.46|-0.34|0.78|0.16|0.40|0.55|-0.18|-0.05|-0.48|0.59|-0.99|0.03|-0.02|0.01|0.26|-0.10|-0.08|0.78|0.08|-0.07|-0.23|0.77|-0.34|-0.13|0.91|-0.08
0.71|0.40|0.42|-0.07|1.11|-0.21|0.70|0.56|-0.24|0.22|-0.48|0.55|-0.06|0.01|0.03|0.04|0.14|-0.19|0.98|-0.47|-0.32|-0.09|-0.50|0.60|-0.55|1.00|0.89
-0.14|0.35|1.23|0.49|0.51|-0.91|-0.38|-0.13|-0.40|-0.23|0.32|-0.33|0.00|-0.02|0.00|-0.28|-0.15|0.08|-0.31|-1.33|-0.61|-0.01|0.33|0.07|-0.00|0.11|-0.40
------ Dim separator ------
0.32|-0.58|-0.85|0.92|0.09|0.11|-0.00|-0.68|-0.81|-0.13|0.39|0.13|0.01|0.00|0.00|-0.07|-0.35|-0.51|-0.47|0.60|-0.07|0.25|0.11|-0.52|-1.36|-0.01|-0.43
0.46|0.09|-0.29|-0.52|-0.17|-0.17|0.41|-0.02|0.62|-0.17|0.49|-0.58|0.01|-0.02|-0.02|0.90|0.61|0.27|-0.22|-0.24|0.02|-0.06|-0.05|0.28|0.18|-0.51|-0.77
-0.09|0.20|0.52|0.91|0.25|0.44|-0.05|0.29|-0.07|-0.22|-0.01|0.05|-0.01|-0.05|-0.03|0.38|-0.36|0.74|0.37|-0.62|1.07|-0.50|0.98|0.80|0.19|-0.48|0.32
-1.45|0.63|0.26|0.12|-0.55|0.75|0.60|0.10|0.21|0.38|-0.43|0.33|0.02|0.01|-0.00|0.24|-0.76|-0.29|-0.64|-1.07|-0.87|-0.21|-0.16|0.29|0.48|-0.11|-0.35
0.29|-0.34|0.47|-1.08|1.10|0.48|-0.11|-1.10|-0.05|0.97|0.10|-0.93|0.01|-0.00|-0.05|-0.24|-0.78|0.20|-0.20|0.08|0.49|0.34|-0.73|0.29|0.06|0.93|0.33
------ Dim separator ------
0.33|-0.30|-0.35|-1.56|0.83|0.34|0.16|-0.15|-0.14|0.36|-0.06|0.22|0.03|0.04|-0.03|-0.51|-0.38|-0.74|-1.36|0.49|-0.32|-0.09|1.21|-0.80|0.38|0.47|-0.13
-0.09|0.20|-0.24|0.54|-0.50|-0.55|0.02|-0.15|-0.60|0.32|-0.41|-0.07|-0.01|0.00|-0.00|-0.04|0.30|0.24|-0.04|-0.21|0.50|-0.11|0.21|0.03|-0.05|1.22|0.20
0.55|0.13|-0.52|0.88|0.51|0.06|0.21|0.18|0.10|-0.25|0.04|0.06|-0.04|0.01|-0.03|0.08|0.20|0.01|0.88|0.57|-0.60|0.21|0.16|0.68|0.28|-0.36|-0.11
1.06|0.22|0.03|-0.25|0.27|-0.08|0.66|-0.31|0.22|-0.37|-0.20|0.02|-0.01|-0.01|0.01|0.93|-0.30|-0.09|0.62|-0.16|-0.10|-0.11|-0.38|-0.35|-0.38|-0.07|-0.36
1.17|-0.17|-0.99|-1.30|-0.08|0.78|-0.36|0.50|0.01|-0.67|1.13|0.31|-0.02|-0.01|0.00|0.77|-0.04|-0.08|-0.95|0.22|0.43|-0.91|0.25|0.29|1.31|-0.21|0.36
------ Dim separator ------
-0.69|0.89|0.12|0.46|0.34|-0.98|0.94|0.74|-0.58|-0.37|0.46|0.13|-0.01|0.01|-0.01|-0.31|0.17|-0.04|-0.43|-0.61|-0.17|-0.32|-0.03|-1.31|0.72|-0.25|0.24
-0.67|-0.33|-1.11|0.09|0.27|-0.18|0.82|0.04|0.06|0.48|-0.76|-0.78|0.02|-0.04|-0.00|0.00|0.41|0.35|-0.11|-0.36|-0.73|-0.46|-0.76|-0.52|-0.24|0.24|0.04
0.51|0.11|-0.28|0.75|-0.45|-0.19|-0.05|-0.31|-0.67|-0.26|1.18|0.13|0.02|0.01|-0.04|-0.07|0.26|0.14|0.64|-0.03|-0.46|0.45|0.77|-0.04|1.22|-0.25|0.18
0.70|0.68|-0.07|0.31|-0.18|0.16|-0.44|-0.18|-0.89|0.22|-0.09|0.04|0.15|0.00|-0.01|0.08|-0.00|0.07|0.93|0.39|0.21|-0.28|-0.15|0.79|-1.38|0.04|1.15
0.73|0.21|0.38|-0.46|-0.23|-0.32|0.27|-1.06|0.28|-0.22|-0.73|0.93|0.02|-0.01|-0.00|-0.97|-0.81|-0.62|-0.18|-0.03|0.33|0.13|-0.65|-0.11|0.43|0.22|-0.68
