------ Dim separator ------
0.44|-0.45|0.20|-0.61|-0.13|-0.02|-0.65|-0.22|-0.38|-0.63|-0.06|-0.09|-0.00|-0.01|0.02|0.23|-0.45|0.50|-0.36|0.49|-0.85|0.17|-0.16|0.67|1.06|0.01|-0.71
0.03|0.65|-0.15|0.33|-0.11|-0.22|0.20|-0.46|0.10|-0.92|-0.91|-1.04|0.00|-0.01|0.02|0.25|-0.50|1.11|0.44|0.56|0.86|-0.66|0.32|0.22|0.39|0.11|-0.17
0.85|-0.43|-0.41|0.64|-0.16|-0.61|-0.29|0.35|-0.01|0.08|-0.01|0.34|0.02|0.03|-0.03|-0.23|0.13|-0.30|0.86|0.97|0.09|-0.53|0.15|0.42|-0.10|-0.91|-0.25
0.02|0.68|0.96|-0.15|0.65|0.18|0.01|-0.29|0.21|-0.44|-0.30|1.15|-0.00|-0.01|-0.02|-0.67|0.11|-0.07|-0.29|0.08|0.15|-0.19|-0.00|-0.26|-0.85|0.59|1.38
0.26|-0.49|-0.36|-0.10|0.64|0.46|-0.07|-0.30|0.42|-0.73|0.52|0.60|-0.00|0.01|0.02|0.81|0.03|0.47|-0.32|-0.05|-0.61|0.42|0.25|-0.97|0.80|0.45|-0.36
------ Dim separator ------
0.94|0.04|0.26|0.60|0.16|-0.08|0.51|0.61|0.03|-0.19|-0.41|-0.02|0.03|0.00|-0.01|0.89|0.55|0.40|-0.74|-0.27|1.11|-0.32|-0.71|-0.31|0.85|-0.33|0.09
0.90|-0.21|0.26|-0.26|0.33|-0.88|0.18|0.12|-0.19|-0.04|-0.32|-0.48|0.00|-0.01|-0.00|0.29|-0.49|0.44|-0.23|-0.95|0.55|0.21|-0.25|0.27|-0.34|0.43|0.64
0.08|-0.41|-0.45|0.62|0.25|0.53|0.85|-0.14|-0.06|-0.78|0.72|-1.07|-0.03|0.01|-0.01|0.22|-0.28|0.24|0.89|0.31|-0.15|-0.10|0.64|-0.31|0.08|1.15|-0.09
0.78|0.25|0.52|-0.19|0.73|-0.23|0.69|0.23|-0.46|0.28|-0.44|0.58|-0.02|0.01|-0.00|-0.12|0.10|0.09|0.77|-0.59|-0.54|-0.19|-0.54|0.56|-0.56|0.89|0.58
-0.11|0.60|1.12|0.45|0.35|-0.96|-0.62|0.02|-0.46|-0.21|0.44|-0.13|-0.01|0.04|-0.01|-0.19|-0.39|0.09|-0.26|-1.37|-0.77|-0.15|0.28|-0.17|-0.17|-0.12|-0.40
------ Dim separator ------
0.30|-0.40|-0.57|1.06|0.08|-0.06|-0.04|-0.62|-0.87|-0.26|0.28|0.19|0.01|-0.01|-0.00|-0.24|-0.08|-0.56|-0.54|0.40|0.01|0.00|0.26|-0.06|-1.49|-0.01|-0.54
0.34|0.10|-0.22|-0.71|-0.26|-0.36|0.24|-0.04|0.49|-0.21|0.39|-0.49|-0.01|0.02|0.02|0.85|0.63|0.14|-0.05|-0.35|-0.00|0.02|0.06|0.59|0.19|-0.56|-0.67
-0.08|0.28|0.46|0.91|0.25|0.24|-0.01|0.01|-0.13|-0.04|0.03|0.13|0.01|0.01|0.03|0.16|-0.40|0.53|0.21|-0.51|1.10|-0.32|0.72|0.91|0.34|-0.58|0.16
-1.51|0.80|0.29|0.02|-0.40|0.86|0.58|0.06|0.22|0.52|-0.63|0.44|-0.02|-0.01|-0.01|0.20|-0.56|-0.34|-0.61|-0.94|-0.65|-0.18|-0.10|0.56|0.51|-0.12|-0.06
0.25|-0.49|0.49|-1.31|1.54|0.40|0.11|-1.19|-0.03|0.80|0.16|-1.05|-0.01|0.00|0.02|-0.39|-0.89|0.13|-0.46|-0.16|0.51|0.28|-0.77|0.33|-0.05|0.98|-0.04
------ Dim separator ------
0.57|-0.43|-0.83|-1.36|0.75|0.40|0.12|-0.43|-0.36|0.09|0.02|0.29|0.00|0.00|0.03|-0.58|-0.62|-0.84|-1.36|0.20|-0.10|-0.20|1.26|-1.04|0.34|0.45|-0.09
-0.06|0.19|-0.20|0.61|-0.52|-0.22|-0.14|-0.28|-0.45|0.27|-0.52|-0.21|-0.00|-0.00|0.00|0.14|0.22|0.07|0.02|-0.29|0.41|-0.19|0.33|0.20|-0.14|1.20|-0.18
0.46|0.19|-0.53|0.95|0.28|0.13|0.42|0.30|0.37|-0.42|0.29|-0.02|-0.01|-0.01|0.01|0.51|0.18|0.01|0.86|0.56|-0.62|0.38|0.15|0.90|0.36|-0.55|-0.28
0.90|-0.13|0.38|-0.39|0.39|-0.23|0.87|-0.31|0.31|-0.13|-0.33|0.07|0.00|-0.02|-0.02|0.77|-0.30|0.20|0.55|-0.01|0.24|-0.20|-0.43|-0.21|0.11|-0.02|-0.30
1.15|-0.18|-0.92|-1.41|0.03|0.73|-0.33|0.51|0.01|-0.92|0.99|0.26|0.03|0.01|-0.00|0.78|0.08|-0.12|-0.93|0.26|0.54|-0.88|0.28|0.38|1.26|-0.07|0.54
------ Dim separator ------
-0.35|1.09|0.43|0.63|0.64|-1.12|0.70|0.90|-0.56|-0.31|0.39|0.21|0.01|-0.02|0.03|-0.03|0.37|0.23|-0.43|-0.45|-0.06|-0.52|0.04|-1.26|0.87|-0.22|0.25
-0.73|-0.24|-0.90|0.11|0.01|-0.16|0.73|0.30|0.11|0.49|-0.97|-0.78|0.00|0.02|-0.00|-0.01|0.45|0.52|0.14|-0.16|-0.70|-0.45|-0.76|-0.58|-0.06|0.44|0.19
0.60|0.10|-0.15|0.78|-0.42|-0.20|-0.08|-0.34|-0.68|-0.16|0.87|0.16|0.98|-0.00|0.00|-0.00|1.00|0.00|-0.00|0.21|-0.57|0.17|0.56|-0.08|1.15|-0.27|0.49
0.71|0.60|-0.12|0.24|-0.37|-0.03|-0.15|-0.27|-0.84|0.30|-0.18|0.22|-0.04|0.00|-0.01|0.38|0.14|0.15|0.96|0.23|0.41|-0.38|-0.21|0.72|-1.25|0.09|1.21
0.58|0.36|0.40|-0.30|-0.14|-0.21|0.34|-0.86|0.24|-0.30|-0.67|0.96|0.01|-0.01|-0.05|-0.85|-0.99|-0.55|-0.29|-0.11|0.15|0.29|-0.63|-0.19|0.50|0.44|-0.71
