------ Dim separator ------
0.47|-0.44|-0.08|-0.43|-0.12|-0.17|-1.07|-0.42|-0.38|0.00|-0.41|0.38|0.01|0.01|0.00|0.26|-0.62|0.89|-0.62|0.93|-0.81|0.26|-0.08|0.44|1.38|0.17|-1.09
0.10|0.79|-0.16|0.50|-0.26|-0.36|-0.12|-0.18|0.33|-0.73|-1.01|-1.05|-0.00|0.01|-0.00|-0.24|-0.53|0.98|0.67|0.73|1.11|-0.54|-0.14|0.68|0.10|0.31|0.15
0.81|-0.49|-0.46|0.68|-0.06|-0.36|-0.41|-0.02|-0.37|-0.30|-0.22|0.57|0.02|0.01|-0.01|-0.34|-0.19|0.18|1.10|0.80|0.33|-0.69|-0.20|0.51|-0.21|-0.59|-0.24
-0.25|0.94|0.71|-0.47|0.23|0.24|0.34|0.01|0.10|-0.37|-0.69|1.33|-0.01|-0.01|-0.00|-0.68|-0.03|-0.20|-0.64|-0.23|-0.37|0.20|0.55|-0.33|-1.14|0.59|1.85
0.23|-0.22|-0.45|-0.28|0.96|0.49|-0.52|-0.22|0.16|-0.68|0.61|0.25|0.00|0.00|0.02|0.68|-0.53|0.68|-0.10|-0.29|-0.35|0.60|-0.04|-1.51|1.45|0.15|-0.28
------ Dim separator ------
0.90|0.22|0.73|0.60|0.40|-0.22|0.79|0.39|0.06|-0.08|-0.54|-0.46|-0.02|0.00|0.00|0.74|0.08|0.38|-0.97|-0.36|1.02|0.26|-0.75|-0.03|0.69|-0.16|0.76
0.70|-0.61|0.02|-0.41|-0.05|-0.86|0.27|-0.14|-0.39|-0.24|-0.44|0.18|0.00|-0.01|0.01|-0.18|-0.58|0.79|-0.46|-0.85|0.43|0.09|-0.83|-0.00|-0.24|0.15|0.91
0.21|-0.63|-0.40|0.93|-0.01|0.35|0.48|-0.48|-0.14|-0.18|0.52|-1.27|0.99|0.00|-0.01|0.00|-0.00|-0.00|0.99|-0.06|-0.00|-0.46|1.14|0.14|-0.41|0.78|0.06
0.14|0.28|0.60|0.36|1.29|0.04|0.45|0.32|-0.14|0.32|-0.26|0.63|0.99|0.01|-0.00|-0.00|0.00|-0.01|1.00|-0.28|0.12|-0.23|-0.24|0.08|-0.84|1.37|1.15
-0.24|0.04|1.35|0.66|0.99|-0.57|-0.36|-0.00|-0.38|-0.22|-0.14|-0.59|-0.00|0.01|0.00|-0.64|0.11|-0.35|-0.36|-1.99|-0.40|-0.20|0.51|0.44|0.28|0.19|-0.54
------ Dim separator ------
0.43|-0.71|-0.99|1.05|-0.01|-0.27|0.27|-0.66|-0.56|-0.22|0.63|0.39|-0.01|-0.01|-0.01|0.19|-0.47|-0.63|-0.48|0.54|-0.27|0.29|0.34|-0.56|-1.23|-0.12|-0.45
0.43|-0.10|-0.24|-0.67|-0.17|-0.81|0.41|-0.04|0.45|-0.37|0.44|-0.62|-0.01|0.00|0.02|1.06|0.47|0.41|-0.41|-0.22|0.06|-0.48|-0.27|0.28|-0.14|-0.69|-1.02
0.11|0.28|0.96|0.69|0.33|0.45|-0.02|0.07|-0.38|-0.26|-0.08|-0.06|-0.01|-0.00|0.01|0.36|-0.18|0.79|-0.01|-0.38|0.89|-0.45|0.84|0.80|0.00|-0.41|0.19
-1.42|0.81|0.63|0.02|-0.51|1.32|0.77|0.32|0.45|0.07|-0.60|0.25|-0.02|-0.02|-0.00|0.44|-0.80|-0.12|-0.40|-0.93|-1.11|-0.47|0.76|-0.04|0.96|-0.37|-0.23
0.22|-0.48|0.48|-0.89|1.06|0.42|-0.16|-1.33|-0.22|0.89|0.20|-0.54|-0.01|0.00|-0.01|-0.30|-0.44|0.61|-0.52|0.10|0.57|0.58|-0.99|0.53|0.19|1.03|0.71
------ Dim separator ------
0.40|-0.40|-0.51|-1.61|0.95|0.08|0.26|-0.12|0.18|0.47|-0.15|0.41|-0.01|0.00|-0.00|-0.43|-0.34|-0.45|-1.63|0.63|-0.05|-0.13|0.83|-0.74|0.37|0.56|-0.25
-0.23|-0.14|-0.51|0.41|-0.15|-0.88|-0.05|-0.28|-0.20|0.31|0.07|-0.22|-0.01|-0.01|0.00|-0.04|0.57|0.24|-0.13|-0.51|0.59|-0.27|0.30|0.16|-0.08|1.07|0.26
0.26|-0.04|-0.18|0.73|0.46|0.23|0.27|0.17|-0.09|-0.13|0.10|0.27|1.00|-0.00|-0.01|0.00|0.00|-0.00|1.00|0.57|-0.98|0.37|0.36|0.91|0.44|-0.21|-0.20
1.27|0.20|-0.33|-0.20|0.49|-0.13|0.66|-0.58|0.40|-0.39|-0.47|0.43|0.00|0.01|0.01|0.98|-0.09|-0.05|0.79|-0.12|-0.08|-0.69|-0.24|-0.33|-0.36|0.23|-0.42
1.37|-0.56|-1.42|-0.89|-0.20|0.63|-0.17|0.63|0.25|-0.64|1.04|0.05|0.01|-0.01|-0.01|0.68|-0.50|-0.41|-1.56|0.26|0.30|-1.10|0.26|0.15|1.45|-0.33|0.53
------ Dim separator ------
-0.21|1.06|0.21|0.59|0.24|-1.24|0.98|0.55|-0.48|-0.70|0.26|0.08|0.00|-0.00|-0.01|-0.10|0.11|0.00|-0.32|-0.57|0.14|0.01|-0.40|-1.45|0.83|-0.39|0.32
-0.68|-0.21|-1.35|-0.29|0.23|0.15|0.89|0.05|0.24|0.83|-0.87|-0.92|0.02|0.01|-0.01|0.41|0.09|0.62|0.01|-0.43|-0.88|-0.53|-0.59|-0.82|-0.38|-0.23|0.03
0.60|0.17|-0.16|0.76|-0.53|-0.00|-0.26|-0.29|-0.70|-0.13|1.39|0.41|0.98|-0.00|0.00|0.00|-0.01|0.01|1.00|-0.04|-0.19|0.68|0.99|-0.11|1.06|-0.03|-0.06
0.26|0.62|0.41|0.06|0.36|-0.06|-0.56|-0.18|-1.38|0.34|-0.09|0.07|0.98|-0.00|-0.01|0.00|-0.00|0.00|1.00|0.38|0.10|-0.17|-0.12|1.11|-1.30|0.20|1.52
1.06|0.49|0.34|-0.63|0.06|-0.30|0.09|-1.30|-0.06|-0.62|-0.73|0.86|-0.00|-0.01|0.01|-0.94|-0.87|-0.52|0.13|-0.55|0.54|0.33|-0.68|0.01|0.59|0.36|-0.65
