------ Dim separator ------
0.45|-0.46|0.20|-0.61|-0.14|-0.02|-0.66|-0.23|-0.39|-0.62|-0.06|-0.08|-0.00|-0.01|0.02|0.22|-0.46|0.52|-0.37|0.50|-0.87|0.18|-0.16|0.65|1.08|0.01|-0.72
0.03|0.66|-0.16|0.34|-0.11|-0.22|0.20|-0.46|0.11|-0.93|-0.92|-1.04|0.01|-0.01|0.02|0.25|-0.50|1.13|0.45|0.58|0.88|-0.67|0.32|0.22|0.38|0.10|-0.18
0.85|-0.45|-0.41|0.64|-0.16|-0.61|-0.29|0.36|-0.02|0.08|-0.01|0.35|0.01|0.02|-0.02|-0.23|0.14|-0.30|0.86|0.98|0.09|-0.53|0.14|0.42|-0.09|-0.91|-0.25
0.03|0.69|0.97|-0.16|0.65|0.18|0.02|-0.29|0.23|-0.45|-0.31|1.16|-0.00|-0.00|-0.02|-0.68|0.10|-0.07|-0.29|0.07|0.15|-0.20|0.01|-0.25|-0.86|0.58|1.40
0.26|-0.50|-0.36|-0.11|0.65|0.47|-0.07|-0.31|0.44|-0.74|0.52|0.60|0.01|0.00|0.02|0.82|0.03|0.47|-0.32|-0.05|-0.61|0.43|0.25|-0.98|0.80|0.45|-0.36
------ Dim separator ------
0.95|0.04|0.28|0.60|0.18|-0.07|0.52|0.61|0.03|-0.18|-0.41|-0.03|0.02|0.01|-0.01|0.89|0.55|0.41|-0.74|-0.28|1.12|-0.31|-0.73|-0.31|0.84|-0.33|0.10
0.90|-0.20|0.26|-0.27|0.34|-0.89|0.18|0.11|-0.19|-0.04|-0.33|-0.49|0.01|-0.01|0.01|0.29|-0.50|0.45|-0.24|-0.96|0.55|0.22|-0.25|0.26|-0.35|0.44|0.65
0.08|-0.42|-0.45|0.63|0.25|0.53|0.84|-0.14|-0.05|-0.77|0.72|-1.08|-0.01|0.01|-0.01|0.23|-0.28|0.24|0.89|0.30|-0.15|-0.10|0.65|-0.30|0.07|1.17|-0.10
0.78|0.26|0.52|-0.19|0.74|-0.24|0.70|0.23|-0.47|0.29|-0.45|0.59|-0.01|0.01|-0.01|-0.11|0.10|0.09|0.77|-0.59|-0.55|-0.19|-0.55|0.56|-0.57|0.90|0.59
-0.11|0.59|1.13|0.46|0.36|-0.96|-0.63|0.03|-0.47|-0.21|0.43|-0.12|-0.01|0.03|-0.01|-0.20|-0.39|0.08|-0.26|-1.38|-0.76|-0.16|0.28|-0.16|-0.15|-0.12|-0.41
------ Dim separator ------
0.30|-0.40|-0.57|1.08|0.08|-0.07|-0.04|-0.63|-0.87|-0.27|0.29|0.21|0.00|-0.01|-0.01|-0.24|-0.09|-0.57|-0.53|0.39|0.01|0.01|0.27|-0.06|-1.50|-0.01|-0.55
0.34|0.10|-0.22|-0.72|-0.25|-0.38|0.24|-0.04|0.49|-0.22|0.40|-0.50|-0.01|0.01|0.01|0.86|0.63|0.15|-0.04|-0.35|0.00|0.03|0.06|0.61|0.19|-0.56|-0.67
-0.07|0.29|0.46|0.91|0.23|0.24|-0.02|0.02|-0.13|-0.05|0.04|0.12|0.01|0.01|0.02|0.15|-0.41|0.54|0.21|-0.52|1.10|-0.31|0.71|0.92|0.34|-0.61|0.16
-1.52|0.81|0.31|0.01|-0.41|0.86|0.59|0.06|0.23|0.51|-0.64|0.45|-0.02|-0.02|-0.00|0.20|-0.57|-0.33|-0.62|-0.94|-0.67|-0.18|-0.09|0.56|0.52|-0.12|-0.07
0.24|-0.49|0.50|-1.32|1.55|0.41|0.11|-1.20|-0.04|0.80|0.15|-1.06|-0.01|0.01|0.01|-0.40|-0.89|0.14|-0.48|-0.17|0.53|0.30|-0.78|0.33|-0.05|0.98|-0.04
------ Dim separator ------
0.58|-0.43|-0.83|-1.38|0.76|0.39|0.13|-0.43|-0.36|0.10|0.03|0.30|-0.00|-0.00|0.02|-0.59|-0.62|-0.85|-1.37|0.21|-0.10|-0.21|1.27|-1.06|0.35|0.45|-0.10
-0.06|0.19|-0.21|0.61|-0.51|-0.23|-0.14|-0.29|-0.44|0.27|-0.51|-0.21|0.00|-0.01|-0.01|0.15|0.23|0.08|0.02|-0.30|0.43|-0.19|0.34|0.21|-0.15|1.20|-0.18
0.45|0.19|-0.55|0.95|0.29|0.13|0.41|0.29|0.37|-0.40|0.30|-0.02|0.00|-0.01|0.00|0.52|0.18|0.01|0.87|0.57|-0.62|0.39|0.16|0.91|0.36|-0.55|-0.28
0.92|-0.13|0.38|-0.39|0.38|-0.22|0.87|-0.32|0.32|-0.12|-0.34|0.07|0.00|-0.01|-0.02|0.77|-0.30|0.20|0.56|-0.00|0.23|-0.21|-0.43|-0.21|0.10|-0.01|-0.31
1.15|-0.19|-0.93|-1.41|0.03|0.73|-0.33|0.52|0.02|-0.93|1.00|0.25|0.03|0.02|0.01|0.78|0.07|-0.13|-0.94|0.26|0.53|-0.89|0.28|0.37|1.27|-0.07|0.54
------ Dim separator ------
-0.34|1.10|0.43|0.64|0.64|-1.13|0.71|0.91|-0.57|-0.31|0.38|0.22|0.00|-0.02|0.03|-0.02|0.38|0.22|-0.41|-0.45|-0.06|-0.52|0.04|-1.28|0.87|-0.22|0.24
-0.73|-0.24|-0.91|0.11|0.01|-0.15|0.73|0.30|0.11|0.49|-0.98|-0.79|0.00|0.01|-0.00|0.00|0.44|0.52|0.14|-0.17|-0.71|-0.45|-0.76|-0.59|-0.07|0.45|0.19
0.61|0.11|-0.15|0.79|-0.41|-0.20|-0.08|-0.34|-0.70|-0.16|0.90|0.17|0.99|0.00|0.01|0.00|1.00|-0.00|0.01|0.21|-0.58|0.18|0.56|-0.08|1.16|-0.28|0.48
0.71|0.61|-0.12|0.24|-0.36|-0.03|-0.13|-0.27|-0.86|0.30|-0.19|0.22|-0.04|0.00|-0.01|0.39|0.14|0.14|0.96|0.23|0.41|-0.39|-0.22|0.73|-1.26|0.09|1.22
0.58|0.36|0.41|-0.30|-0.13|-0.22|0.34|-0.87|0.24|-0.31|-0.67|0.97|-0.00|-0.00|-0.04|-0.86|-1.01|-0.55|-0.29|-0.12|0.16|0.30|-0.63|-0.18|0.51|0.45|-0.72
