------ Dim separator ------
0.45|0.14|0.25|-0.29|-0.14|-0.14|-0.76|-0.40|-0.31|-0.33|-0.11|0.20|-0.03|0.00|0.01|0.36|-0.30|0.56|-0.36|0.61|-0.82|0.17|-0.11|0.83|0.97|0.12|-0.97
0.27|0.61|-0.11|0.11|-0.01|-0.11|0.29|-0.22|0.34|-0.56|-0.96|-0.81|-0.00|-0.04|-0.02|0.17|-0.52|0.92|0.63|0.39|0.78|-0.42|-0.15|0.62|0.41|0.26|-0.16
0.82|-0.55|-0.22|0.74|0.08|-0.21|-0.16|0.11|0.23|0.11|0.03|0.13|0.06|-0.01|-0.01|-0.29|-0.30|-0.17|0.80|0.71|0.10|-0.67|0.05|0.46|-0.30|-0.97|-0.12
-0.23|0.74|0.83|-0.24|0.46|0.21|0.35|-0.07|-0.00|-0.38|-0.26|1.02|-0.01|0.01|0.02|-0.55|0.03|-0.05|-0.29|0.18|-0.01|0.23|0.21|-0.42|-1.16|0.90|1.21
0.17|-0.17|-0.42|-0.27|0.86|0.41|-0.08|-0.38|0.24|-0.68|0.45|0.57|-0.01|0.02|0.02|0.54|-0.09|0.45|-0.01|-0.15|-0.66|0.48|0.26|-0.95|0.71|0.50|-0.25
------ Dim separator ------
0.77|0.11|0.15|0.63|0.12|-0.23|0.41|0.54|0.13|-0.15|-0.22|-0.08|-0.04|0.00|0.02|0.85|0.40|0.33|-0.79|-0.20|0.87|-0.12|-0.47|-0.43|0.55|0.16|0.43
0.87|-0.35|0.14|-0.24|-0.00|-0.70|0.29|-0.28|-0.37|0.01|-0.31|-0.21|-0.04|-0.03|0.00|0.04|-0.47|0.69|-0.26|-0.85|0.69|-0.00|-0.47|0.31|-0.38|0.02|0.65
0.41|-0.35|-0.38|0.77|-0.00|0.43|0.45|-0.18|-0.01|-0.63|0.65|-0.95|-0.04|0.04|0.01|0.19|-0.09|-0.27|0.60|0.05|-0.02|-0.19|0.91|-0.32|0.09|1.02|-0.04
0.73|0.28|0.41|-0.00|1.03|-0.09|0.63|0.58|-0.15|0.15|-0.56|0.54|0.10|-0.02|0.01|0.09|0.02|-0.20|0.94|-0.31|-0.33|-0.04|-0.41|0.58|-0.44|1.01|0.89
-0.04|0.41|1.20|0.44|0.57|-0.88|-0.39|-0.09|-0.27|-0.24|0.11|-0.43|-0.01|0.06|0.01|-0.27|-0.08|-0.08|-0.52|-1.44|-0.81|-0.14|0.34|0.03|-0.02|0.17|-0.45
------ Dim separator ------
0.40|-0.57|-0.94|0.79|0.10|0.13|0.05|-0.61|-0.62|0.09|0.39|-0.06|-0.01|-0.02|-0.01|-0.10|-0.25|-0.65|-0.39|0.56|-0.14|0.20|0.17|-0.59|-1.30|0.03|-0.28
0.52|-0.03|-0.32|-0.40|-0.18|-0.18|0.40|-0.02|0.61|-0.09|0.47|-0.30|0.02|0.02|0.04|0.90|0.61|0.18|-0.36|-0.21|-0.03|-0.10|-0.04|0.14|0.30|-0.41|-0.69
-0.20|0.29|0.57|0.97|0.37|0.37|0.19|0.20|-0.08|-0.28|-0.06|-0.01|0.01|0.07|0.02|0.52|-0.19|0.60|0.35|-0.54|1.08|-0.55|0.98|0.77|0.16|-0.32|0.44
-1.37|0.66|0.27|0.26|-0.47|0.66|0.52|0.16|0.16|0.32|-0.56|0.54|0.01|-0.01|0.01|0.35|-0.77|-0.32|-0.43|-0.85|-0.67|-0.26|-0.12|-0.01|0.63|-0.23|-0.14
0.25|-0.17|0.35|-1.14|1.01|0.30|-0.26|-1.09|-0.04|0.98|0.26|-0.68|0.01|-0.02|0.03|-0.30|-0.91|0.23|-0.29|0.07|0.42|0.06|-0.80|0.30|0.11|0.85|0.29
------ Dim separator ------
0.08|-0.25|-0.38|-1.36|0.64|0.36|0.03|-0.06|-0.05|0.28|-0.20|0.21|-0.02|0.03|0.04|-0.37|-0.33|-0.71|-1.32|0.48|-0.28|-0.14|1.09|-0.98|0.19|0.55|0.06
-0.02|0.36|-0.05|0.48|-0.42|-0.57|0.08|-0.06|-0.59|0.27|-0.29|-0.03|-0.03|0.01|-0.02|-0.16|0.26|0.19|-0.03|-0.18|0.53|-0.04|0.19|-0.03|-0.00|1.28|0.14
0.67|-0.01|-0.36|0.80|0.51|-0.16|0.37|0.38|-0.06|-0.18|-0.01|0.12|0.04|0.03|0.02|0.15|0.21|0.12|0.88|0.71|-0.81|0.25|0.08|0.78|0.28|-0.46|0.04
0.92|0.34|-0.10|-0.22|0.41|-0.24|0.64|-0.42|0.29|-0.52|-0.31|-0.06|-0.02|0.02|-0.01|1.00|-0.33|0.07|0.63|-0.16|-0.07|-0.22|-0.38|-0.45|-0.18|-0.29|-0.26
1.17|-0.15|-1.19|-1.22|-0.11|0.77|-0.50|0.53|0.04|-0.76|0.95|0.40|0.04|-0.02|0.00|0.66|-0.03|-0.11|-1.02|0.36|0.28|-0.67|0.03|0.29|1.26|-0.16|0.38
------ Dim separator ------
-0.66|0.68|0.20|0.41|0.43|-1.13|1.01|0.59|-0.46|-0.29|0.37|0.02|0.02|0.01|-0.02|-0.55|0.22|-0.03|-0.47|-0.61|-0.20|-0.43|-0.15|-1.25|0.65|-0.17|0.27
-0.72|-0.22|-1.09|0.15|0.09|-0.24|0.64|-0.04|-0.01|0.62|-0.80|-0.74|0.03|0.04|-0.01|0.04|0.45|0.37|-0.04|-0.34|-0.79|-0.40|-0.59|-0.33|-0.14|0.18|-0.19
0.44|0.12|-0.28|0.69|-0.29|-0.06|-0.17|-0.24|-0.57|-0.09|1.02|0.04|0.03|-0.01|0.01|0.01|0.22|0.08|0.70|-0.11|-0.44|0.31|0.88|0.09|1.17|-0.08|0.19
0.88|0.66|-0.02|0.34|-0.03|0.22|-0.55|-0.17|-0.86|0.36|-0.03|0.03|0.90|-0.03|-0.02|-0.01|0.01|-0.00|1.00|0.52|0.04|-0.14|-0.28|0.66|-1.41|0.23|1.15
0.75|0.10|0.31|-0.40|-0.28|-0.41|0.38|-0.79|0.38|-0.39|-0.74|0.90|0.00|-0.02|0.03|-0.79|-0.85|-0.70|-0.24|0.03|0.32|0.09|-0.67|-0.19|0.62|0.13|-0.67
