------ Dim separator ------
0.63|-0.17|0.10|-0.46|-0.18|-0.17|-0.86|-0.24|-0.10|-0.24|-0.06|0.02|-0.01|0.00|-0.02|0.40|-0.40|0.30|-0.50|0.72|-0.91|0.11|-0.14|0.59|0.85|0.11|-0.94
0.01|0.60|-0.40|0.35|-0.04|-0.04|0.04|-0.27|0.24|-0.63|-1.07|-1.06|0.00|0.03|0.00|0.12|-0.52|0.78|0.60|0.58|0.87|-0.60|-0.09|0.63|0.37|0.48|-0.13
0.74|-0.36|-0.16|0.74|-0.19|-0.16|-0.30|0.21|-0.01|-0.19|-0.07|0.17|0.97|0.01|0.01|-0.00|0.00|0.01|1.00|0.73|0.13|-0.76|-0.16|0.50|0.00|-0.90|-0.05
0.14|0.79|0.43|-0.16|0.35|0.48|0.41|-0.04|-0.04|-0.49|-0.50|0.98|0.02|-0.01|-0.01|-0.70|0.06|-0.02|-0.41|0.20|-0.06|0.22|0.20|-0.32|-1.07|0.93|1.31
0.12|-0.10|-0.41|-0.21|0.86|0.42|-0.07|-0.24|0.32|-0.45|0.59|0.39|0.01|-0.00|-0.01|0.53|-0.00|0.42|-0.14|-0.29|-0.51|0.42|0.28|-0.99|1.16|0.42|-0.12
------ Dim separator ------
0.84|0.06|0.35|0.75|0.47|0.04|0.60|0.50|0.10|0.12|-0.04|-0.17|0.02|-0.02|-0.02|0.82|0.23|0.25|-0.81|-0.17|0.77|0.17|-0.50|-0.32|0.70|0.08|0.47
0.80|-0.14|0.09|-0.48|-0.09|-0.70|-0.05|-0.44|-0.11|-0.02|-0.35|-0.17|0.02|0.01|-0.00|-0.19|-0.44|0.77|-0.27|-0.89|0.56|0.19|-0.56|0.47|-0.49|0.12|0.55
0.18|-0.60|-0.33|0.81|0.03|0.39|0.47|-0.15|-0.36|-0.77|0.64|-1.12|0.02|-0.03|-0.00|0.12|-0.30|-0.12|0.90|0.11|0.01|-0.12|0.99|-0.03|-0.06|0.97|0.01
0.68|0.35|0.58|0.07|0.88|-0.34|0.68|0.56|-0.02|0.27|-0.24|0.45|0.99|-0.01|-0.03|-0.00|-0.00|0.01|1.00|-0.24|-0.38|-0.08|-0.35|0.48|-0.55|1.20|0.77
-0.31|0.52|1.43|0.48|0.61|-0.68|-0.40|-0.03|-0.38|-0.31|0.20|-0.56|0.03|-0.07|-0.01|-0.45|-0.25|0.02|-0.38|-1.72|-0.63|-0.09|0.35|-0.04|-0.21|0.04|-0.26
------ Dim separator ------
0.48|-0.78|-0.95|0.87|0.01|0.02|0.17|-0.62|-0.62|0.20|0.65|0.16|0.01|0.03|0.02|-0.22|-0.19|-0.58|-0.17|0.44|-0.10|0.12|0.43|-0.27|-1.29|-0.05|-0.21
0.42|-0.19|-0.22|-0.32|-0.04|-0.31|0.33|-0.12|0.62|-0.16|0.38|-0.47|-0.01|-0.02|-0.05|1.00|0.63|0.17|-0.19|-0.58|-0.03|-0.27|-0.10|0.26|0.31|-0.42|-0.68
-0.30|0.31|0.78|0.66|0.18|0.27|-0.11|0.08|-0.17|-0.21|-0.14|0.16|0.00|-0.03|-0.03|0.68|-0.33|0.62|0.29|-0.17|1.06|-0.33|0.85|0.66|0.39|-0.31|0.23
-1.46|0.78|0.48|0.28|-0.52|0.90|0.78|0.04|0.38|0.55|-0.57|0.54|0.01|0.02|-0.01|0.15|-0.57|-0.24|-0.31|-0.94|-0.71|-0.56|0.08|-0.19|0.67|-0.16|-0.14
0.04|-0.43|0.31|-1.31|1.17|0.39|-0.30|-1.02|0.03|0.79|0.21|-0.67|0.01|0.02|0.01|-0.48|-0.64|0.05|-0.28|0.05|0.50|0.30|-0.91|0.45|0.18|0.89|0.35
------ Dim separator ------
0.16|-0.09|-0.41|-1.22|0.71|0.44|0.10|-0.29|-0.01|0.13|-0.39|0.12|0.00|-0.05|-0.03|-0.37|-0.34|-0.86|-1.45|0.36|-0.13|-0.14|1.13|-0.95|0.05|0.63|0.00
-0.11|0.25|-0.16|0.47|-0.40|-0.54|-0.05|0.01|-0.25|0.38|-0.21|-0.05|0.04|-0.01|0.03|-0.12|0.24|0.11|-0.20|-0.24|0.70|-0.22|0.51|0.04|-0.03|1.03|-0.06
0.57|0.16|-0.32|0.78|0.34|0.05|0.39|0.45|-0.12|-0.17|0.27|0.28|1.01|-0.02|0.01|-0.01|-0.00|0.00|1.00|0.94|-0.83|0.29|0.28|0.79|0.41|-0.49|-0.10
1.08|-0.07|-0.16|-0.23|0.54|-0.12|0.82|-0.45|0.13|-0.31|-0.37|0.15|0.02|-0.00|0.01|0.71|-0.06|0.20|0.59|-0.02|-0.06|-0.53|-0.43|-0.31|-0.03|0.09|-0.32
1.32|-0.27|-1.22|-1.12|-0.05|0.80|-0.51|0.79|0.22|-0.71|1.32|0.41|-0.05|0.02|-0.00|0.95|-0.24|-0.59|-1.18|0.18|0.50|-0.80|0.20|0.05|1.37|0.14|0.53
------ Dim separator ------
-0.49|1.18|0.29|0.25|0.28|-1.27|0.88|0.61|-0.39|-0.49|0.53|0.02|-0.01|-0.00|0.02|-0.28|0.43|0.28|-0.26|-0.66|-0.14|-0.49|-0.04|-1.28|0.78|-0.18|0.21
-0.82|-0.09|-1.31|0.00|-0.02|0.04|0.89|0.17|0.34|0.50|-0.73|-0.52|-0.06|-0.02|0.01|0.03|0.19|0.79|0.17|-0.38|-0.80|-0.38|-0.70|-0.57|-0.08|0.19|-0.03
0.45|0.28|-0.21|0.70|-0.47|-0.08|-0.25|-0.20|-0.61|-0.14|1.38|0.21|1.00|0.00|0.01|-0.00|-0.00|-0.01|1.00|-0.01|-0.50|0.45|0.88|0.02|1.29|-0.04|0.16
0.77|0.69|0.18|0.04|-0.17|0.07|-0.32|-0.05|-0.98|0.25|-0.11|0.02|0.13|0.02|0.04|0.14|-0.04|-0.08|1.19|0.22|0.10|-0.15|-0.19|0.78|-1.45|0.30|1.35
0.68|0.23|0.57|-0.27|-0.02|-0.43|0.36|-0.81|0.11|-0.59|-0.65|0.89|-0.02|0.04|-0.00|-0.68|-0.81|-0.85|-0.12|-0.09|0.26|0.34|-0.71|-0.12|0.65|0.18|-0.55
