------ Dim separator ------
0.47|-0.45|-0.08|-0.44|-0.12|-0.17|-1.10|-0.43|-0.38|0.02|-0.42|0.39|0.00|0.01|-0.00|0.27|-0.64|0.93|-0.63|0.94|-0.82|0.26|-0.09|0.44|1.40|0.16|-1.10
0.10|0.81|-0.18|0.51|-0.27|-0.36|-0.12|-0.18|0.34|-0.74|-1.03|-1.07|-0.00|0.02|-0.01|-0.25|-0.55|1.00|0.67|0.75|1.14|-0.55|-0.13|0.70|0.10|0.31|0.16
0.79|-0.48|-0.47|0.68|-0.05|-0.37|-0.41|-0.01|-0.39|-0.31|-0.24|0.59|0.01|0.00|-0.01|-0.34|-0.20|0.19|1.11|0.81|0.34|-0.69|-0.21|0.52|-0.20|-0.59|-0.25
-0.24|0.97|0.72|-0.48|0.23|0.24|0.35|0.01|0.11|-0.38|-0.71|1.35|-0.00|-0.00|-0.01|-0.69|-0.03|-0.21|-0.64|-0.24|-0.39|0.19|0.57|-0.32|-1.15|0.59|1.88
0.21|-0.24|-0.46|-0.29|0.96|0.50|-0.54|-0.22|0.17|-0.69|0.62|0.24|0.01|0.00|0.02|0.67|-0.54|0.70|-0.11|-0.28|-0.35|0.60|-0.04|-1.53|1.46|0.16|-0.29
------ Dim separator ------
0.91|0.22|0.75|0.61|0.42|-0.22|0.79|0.38|0.06|-0.08|-0.54|-0.47|-0.01|0.00|-0.00|0.75|0.07|0.38|-1.00|-0.37|1.04|0.27|-0.77|-0.02|0.70|-0.18|0.77
0.70|-0.62|0.01|-0.42|-0.04|-0.86|0.27|-0.14|-0.39|-0.25|-0.46|0.18|-0.00|0.00|0.01|-0.18|-0.59|0.80|-0.46|-0.86|0.44|0.09|-0.83|0.00|-0.24|0.16|0.92
0.20|-0.65|-0.41|0.93|-0.02|0.36|0.48|-0.49|-0.14|-0.18|0.52|-1.28|1.01|0.00|-0.01|-0.00|0.00|0.00|1.00|-0.05|0.00|-0.47|1.16|0.15|-0.43|0.79|0.06
0.14|0.28|0.60|0.36|1.29|0.05|0.46|0.32|-0.14|0.33|-0.26|0.64|1.01|0.01|-0.00|-0.00|-0.00|-0.00|1.00|-0.28|0.12|-0.24|-0.24|0.08|-0.86|1.40|1.16
-0.24|0.03|1.36|0.68|1.00|-0.56|-0.36|0.01|-0.39|-0.22|-0.14|-0.60|-0.00|0.01|0.01|-0.65|0.11|-0.35|-0.36|-2.02|-0.40|-0.22|0.51|0.44|0.29|0.20|-0.54
------ Dim separator ------
0.43|-0.71|-1.01|1.07|-0.01|-0.28|0.27|-0.66|-0.56|-0.22|0.65|0.42|-0.01|-0.00|-0.01|0.19|-0.48|-0.65|-0.48|0.55|-0.27|0.29|0.35|-0.57|-1.25|-0.13|-0.44
0.43|-0.10|-0.25|-0.69|-0.16|-0.83|0.40|-0.04|0.45|-0.38|0.43|-0.63|-0.01|0.00|0.02|1.07|0.46|0.41|-0.41|-0.22|0.07|-0.49|-0.29|0.28|-0.16|-0.71|-1.03
0.11|0.29|0.98|0.69|0.33|0.44|-0.02|0.06|-0.39|-0.26|-0.08|-0.06|-0.01|0.01|0.01|0.37|-0.18|0.81|-0.01|-0.39|0.89|-0.46|0.83|0.79|0.00|-0.42|0.19
-1.44|0.83|0.65|0.01|-0.52|1.34|0.79|0.33|0.46|0.07|-0.61|0.25|-0.01|-0.01|-0.00|0.46|-0.80|-0.12|-0.40|-0.94|-1.13|-0.47|0.77|-0.04|0.97|-0.38|-0.23
0.22|-0.49|0.48|-0.90|1.07|0.42|-0.15|-1.35|-0.22|0.89|0.20|-0.53|-0.01|-0.00|-0.01|-0.31|-0.44|0.62|-0.52|0.11|0.57|0.60|-1.02|0.54|0.20|1.04|0.73
------ Dim separator ------
0.41|-0.41|-0.52|-1.63|0.96|0.07|0.25|-0.12|0.19|0.48|-0.14|0.41|-0.01|0.00|-0.01|-0.45|-0.34|-0.45|-1.65|0.64|-0.04|-0.14|0.84|-0.75|0.38|0.57|-0.26
-0.22|-0.15|-0.53|0.41|-0.15|-0.90|-0.05|-0.30|-0.19|0.32|0.07|-0.21|-0.01|-0.00|-0.00|-0.05|0.57|0.24|-0.13|-0.52|0.59|-0.29|0.30|0.16|-0.09|1.08|0.27
0.26|-0.04|-0.19|0.74|0.48|0.23|0.27|0.16|-0.09|-0.13|0.11|0.28|1.01|-0.00|-0.01|0.00|-0.00|-0.00|1.00|0.58|-0.98|0.38|0.35|0.92|0.44|-0.22|-0.20
1.29|0.21|-0.34|-0.21|0.49|-0.13|0.67|-0.59|0.41|-0.40|-0.48|0.44|0.01|0.01|0.00|0.98|-0.11|-0.04|0.81|-0.11|-0.09|-0.70|-0.24|-0.33|-0.37|0.25|-0.43
1.38|-0.58|-1.44|-0.90|-0.21|0.64|-0.17|0.65|0.25|-0.65|1.05|0.05|0.01|-0.01|0.00|0.69|-0.52|-0.42|-1.57|0.26|0.31|-1.12|0.25|0.15|1.47|-0.32|0.54
------ Dim separator ------
-0.20|1.07|0.21|0.60|0.25|-1.26|1.00|0.56|-0.48|-0.71|0.25|0.07|0.00|0.00|-0.01|-0.10|0.11|0.01|-0.31|-0.58|0.15|0.01|-0.41|-1.48|0.85|-0.39|0.33
-0.70|-0.19|-1.37|-0.31|0.23|0.16|0.90|0.05|0.24|0.84|-0.88|-0.93|0.02|0.01|-0.01|0.44|0.09|0.63|0.01|-0.44|-0.90|-0.54|-0.59|-0.83|-0.39|-0.23|0.03
0.60|0.19|-0.16|0.76|-0.53|-0.01|-0.25|-0.29|-0.71|-0.14|1.42|0.42|1.00|0.00|0.00|-0.00|-0.00|0.00|1.00|-0.05|-0.18|0.69|0.99|-0.11|1.07|-0.05|-0.07
0.25|0.64|0.42|0.05|0.38|-0.06|-0.56|-0.18|-1.40|0.34|-0.08|0.07|0.98|0.01|-0.01|0.00|-0.00|-0.00|1.01|0.39|0.09|-0.17|-0.14|1.13|-1.30|0.20|1.54
1.08|0.50|0.33|-0.64|0.08|-0.31|0.08|-1.31|-0.06|-0.62|-0.74|0.87|0.00|-0.01|0.01|-0.96|-0.89|-0.51|0.16|-0.57|0.55|0.34|-0.69|0.01|0.60|0.37|-0.67
