------ Dim separator ------
0.29|-0.14|0.24|-0.44|-0.18|-0.10|-0.78|-0.19|-0.46|-0.34|-0.24|-0.03|0.04|0.00|-0.01|0.23|-0.38|0.85|-0.41|0.65|-0.99|0.47|0.01|0.70|1.11|0.20|-1.01
0.13|0.65|-0.11|0.16|-0.16|-0.07|0.27|-0.40|0.19|-0.76|-1.00|-0.95|-0.00|0.02|-0.01|0.12|-0.46|1.09|0.57|0.55|0.90|-0.52|0.22|0.42|0.42|0.16|-0.26
0.85|-0.64|-0.31|0.67|0.05|-0.28|-0.19|0.14|0.02|0.06|0.01|0.28|-0.04|-0.02|0.02|-0.49|-0.24|-0.17|0.81|0.90|0.11|-0.62|0.07|0.48|-0.27|-0.94|-0.35
-0.12|0.84|0.88|-0.27|0.47|0.03|0.37|-0.22|-0.02|-0.50|-0.38|1.12|-0.01|0.00|0.02|-0.37|0.17|-0.02|-0.42|0.08|-0.05|0.07|0.21|-0.29|-1.05|0.61|1.56
0.25|-0.39|-0.55|-0.24|0.72|0.34|-0.09|-0.24|0.13|-0.67|0.44|0.46|0.01|-0.01|-0.04|0.67|-0.14|0.50|-0.12|-0.19|-0.56|0.41|0.02|-1.07|0.87|0.40|-0.33
------ Dim separator ------
0.74|0.10|0.29|0.60|0.19|-0.18|0.52|0.43|-0.06|-0.22|-0.39|-0.11|0.01|0.01|0.01|0.76|0.34|0.23|-0.81|-0.20|1.08|-0.24|-0.61|-0.44|0.60|-0.04|0.24
0.94|-0.34|0.18|-0.36|0.18|-0.76|0.37|-0.13|-0.28|-0.11|-0.24|-0.16|0.01|0.04|-0.02|0.19|-0.45|0.67|-0.39|-0.93|0.73|0.07|-0.55|0.25|-0.38|0.20|0.74
0.32|-0.47|-0.34|0.80|0.16|0.40|0.56|-0.19|-0.05|-0.48|0.59|-1.00|0.05|-0.02|0.01|0.27|-0.10|-0.07|0.79|0.08|-0.06|-0.23|0.78|-0.34|-0.15|0.92|-0.09
0.70|0.41|0.42|-0.06|1.13|-0.21|0.70|0.56|-0.24|0.22|-0.48|0.55|-0.03|0.01|0.02|0.04|0.14|-0.19|0.99|-0.47|-0.32|-0.10|-0.50|0.60|-0.57|1.01|0.91
-0.15|0.33|1.25|0.51|0.52|-0.91|-0.39|-0.12|-0.42|-0.23|0.32|-0.33|-0.01|-0.03|-0.00|-0.29|-0.15|0.08|-0.32|-1.36|-0.60|-0.03|0.34|0.08|0.01|0.11|-0.41
------ Dim separator ------
0.32|-0.59|-0.86|0.94|0.08|0.11|0.00|-0.68|-0.82|-0.14|0.40|0.15|0.01|0.00|0.00|-0.07|-0.36|-0.51|-0.48|0.60|-0.07|0.25|0.11|-0.52|-1.38|-0.02|-0.43
0.46|0.10|-0.29|-0.54|-0.16|-0.18|0.41|-0.02|0.62|-0.19|0.50|-0.59|0.01|-0.02|-0.02|0.91|0.61|0.28|-0.22|-0.24|0.02|-0.07|-0.06|0.29|0.17|-0.50|-0.79
-0.08|0.21|0.53|0.91|0.25|0.45|-0.06|0.29|-0.08|-0.22|-0.01|0.06|-0.01|-0.05|-0.03|0.38|-0.36|0.76|0.36|-0.63|1.07|-0.50|0.98|0.80|0.19|-0.50|0.32
-1.46|0.64|0.28|0.11|-0.56|0.76|0.61|0.10|0.21|0.38|-0.42|0.33|0.01|0.01|-0.00|0.24|-0.78|-0.29|-0.65|-1.08|-0.90|-0.22|-0.15|0.29|0.49|-0.11|-0.37
0.29|-0.34|0.48|-1.08|1.11|0.48|-0.11|-1.11|-0.06|0.98|0.09|-0.93|0.01|-0.00|-0.05|-0.25|-0.76|0.22|-0.22|0.08|0.50|0.36|-0.74|0.29|0.07|0.93|0.35
------ Dim separator ------
0.34|-0.31|-0.35|-1.57|0.85|0.34|0.17|-0.16|-0.13|0.36|-0.06|0.22|0.02|0.02|-0.03|-0.52|-0.38|-0.75|-1.38|0.50|-0.31|-0.09|1.22|-0.81|0.39|0.47|-0.14
-0.09|0.19|-0.26|0.54|-0.49|-0.56|0.01|-0.16|-0.59|0.33|-0.41|-0.06|0.00|-0.00|-0.00|-0.04|0.31|0.25|-0.05|-0.22|0.51|-0.12|0.22|0.04|-0.06|1.22|0.21
0.54|0.14|-0.53|0.88|0.52|0.06|0.21|0.17|0.09|-0.25|0.05|0.06|-0.02|0.00|-0.03|0.08|0.20|0.01|0.89|0.58|-0.61|0.22|0.17|0.67|0.28|-0.37|-0.12
1.09|0.22|0.02|-0.25|0.27|-0.08|0.66|-0.31|0.23|-0.38|-0.21|0.03|-0.02|-0.01|0.01|0.94|-0.30|-0.11|0.63|-0.15|-0.11|-0.12|-0.39|-0.34|-0.40|-0.07|-0.37
1.17|-0.18|-1.00|-1.30|-0.09|0.78|-0.36|0.50|0.02|-0.68|1.15|0.29|-0.02|0.00|0.01|0.79|-0.05|-0.10|-0.97|0.21|0.44|-0.92|0.26|0.29|1.33|-0.21|0.36
------ Dim separator ------
-0.69|0.91|0.12|0.47|0.34|-0.99|0.95|0.75|-0.59|-0.38|0.46|0.14|-0.01|0.00|-0.01|-0.31|0.18|-0.05|-0.42|-0.62|-0.16|-0.31|-0.03|-1.33|0.73|-0.25|0.24
-0.67|-0.34|-1.12|0.08|0.28|-0.17|0.84|0.04|0.06|0.49|-0.76|-0.79|0.01|-0.04|-0.01|0.02|0.40|0.34|-0.12|-0.37|-0.74|-0.47|-0.77|-0.54|-0.25|0.23|0.04
0.52|0.12|-0.28|0.76|-0.46|-0.19|-0.05|-0.31|-0.69|-0.27|1.21|0.14|0.03|0.02|-0.02|-0.06|0.26|0.15|0.66|-0.04|-0.46|0.46|0.77|-0.04|1.22|-0.25|0.17
0.69|0.69|-0.06|0.31|-0.18|0.16|-0.43|-0.18|-0.91|0.22|-0.09|0.04|0.13|0.01|-0.00|0.08|-0.01|0.07|0.93|0.39|0.21|-0.29|-0.16|0.81|-1.38|0.02|1.16
0.73|0.22|0.38|-0.47|-0.22|-0.32|0.26|-1.08|0.27|-0.23|-0.73|0.94|0.01|0.00|0.00|-0.99|-0.83|-0.62|-0.18|-0.04|0.34|0.13|-0.65|-0.10|0.43|0.22|-0.68
