------ Dim separator ------
0.63|-0.18|0.09|-0.46|-0.19|-0.17|-0.87|-0.25|-0.09|-0.23|-0.05|0.03|-0.01|0.00|-0.02|0.40|-0.40|0.31|-0.50|0.73|-0.92|0.12|-0.15|0.59|0.85|0.10|-0.95
0.00|0.60|-0.40|0.36|-0.05|-0.04|0.04|-0.27|0.25|-0.63|-1.08|-1.07|0.00|0.02|0.00|0.12|-0.52|0.80|0.61|0.59|0.88|-0.60|-0.08|0.64|0.36|0.48|-0.13
0.74|-0.37|-0.16|0.74|-0.20|-0.16|-0.30|0.21|-0.02|-0.19|-0.07|0.17|0.98|0.00|0.02|0.00|0.00|0.01|1.00|0.74|0.13|-0.76|-0.16|0.51|0.01|-0.91|-0.05
0.14|0.79|0.43|-0.17|0.35|0.48|0.41|-0.04|-0.03|-0.50|-0.50|1.00|0.02|-0.01|-0.01|-0.70|0.05|-0.02|-0.41|0.19|-0.07|0.23|0.21|-0.31|-1.07|0.93|1.32
0.12|-0.10|-0.41|-0.21|0.86|0.42|-0.07|-0.24|0.32|-0.46|0.59|0.39|0.01|-0.00|-0.01|0.52|-0.01|0.43|-0.14|-0.30|-0.53|0.42|0.28|-1.00|1.17|0.43|-0.12
------ Dim separator ------
0.85|0.06|0.35|0.76|0.48|0.05|0.61|0.50|0.11|0.12|-0.04|-0.17|0.02|-0.01|-0.02|0.83|0.23|0.26|-0.82|-0.18|0.77|0.18|-0.51|-0.33|0.70|0.09|0.48
0.80|-0.14|0.08|-0.48|-0.08|-0.70|-0.06|-0.45|-0.11|-0.02|-0.35|-0.17|0.02|0.01|-0.00|-0.19|-0.44|0.78|-0.27|-0.90|0.57|0.19|-0.57|0.47|-0.51|0.12|0.56
0.17|-0.61|-0.33|0.81|0.02|0.39|0.46|-0.15|-0.36|-0.78|0.65|-1.14|0.03|-0.03|0.00|0.12|-0.30|-0.12|0.91|0.12|0.01|-0.11|1.00|-0.02|-0.06|0.98|0.01
0.68|0.35|0.59|0.07|0.87|-0.34|0.67|0.56|-0.02|0.27|-0.24|0.45|1.00|-0.01|-0.03|-0.00|-0.01|0.00|1.00|-0.25|-0.38|-0.09|-0.34|0.48|-0.55|1.21|0.78
-0.32|0.53|1.43|0.48|0.62|-0.67|-0.40|-0.04|-0.38|-0.31|0.20|-0.56|0.02|-0.06|-0.01|-0.45|-0.25|0.03|-0.38|-1.74|-0.64|-0.10|0.36|-0.05|-0.20|0.04|-0.26
------ Dim separator ------
0.50|-0.79|-0.96|0.87|0.01|0.02|0.17|-0.63|-0.62|0.21|0.65|0.16|0.01|0.03|0.02|-0.22|-0.19|-0.59|-0.17|0.44|-0.10|0.12|0.43|-0.27|-1.30|-0.05|-0.20
0.42|-0.19|-0.22|-0.32|-0.03|-0.31|0.33|-0.11|0.61|-0.16|0.38|-0.47|-0.01|-0.01|-0.05|1.01|0.62|0.17|-0.19|-0.58|-0.03|-0.27|-0.11|0.27|0.31|-0.42|-0.69
-0.30|0.32|0.80|0.67|0.18|0.27|-0.12|0.08|-0.17|-0.22|-0.15|0.16|0.01|-0.03|-0.02|0.68|-0.33|0.63|0.29|-0.17|1.06|-0.33|0.85|0.66|0.39|-0.31|0.22
-1.47|0.79|0.50|0.28|-0.52|0.91|0.79|0.04|0.39|0.55|-0.58|0.55|0.01|0.02|-0.00|0.15|-0.58|-0.24|-0.31|-0.95|-0.71|-0.56|0.08|-0.19|0.67|-0.16|-0.14
0.04|-0.43|0.31|-1.31|1.18|0.39|-0.31|-1.03|0.03|0.79|0.20|-0.68|0.01|0.01|0.00|-0.49|-0.64|0.05|-0.28|0.04|0.50|0.30|-0.92|0.46|0.18|0.89|0.37
------ Dim separator ------
0.16|-0.09|-0.41|-1.22|0.71|0.45|0.10|-0.30|-0.00|0.13|-0.39|0.11|0.00|-0.04|-0.03|-0.39|-0.34|-0.86|-1.46|0.36|-0.13|-0.15|1.14|-0.96|0.05|0.65|-0.00
-0.10|0.25|-0.15|0.47|-0.40|-0.55|-0.05|0.00|-0.25|0.38|-0.21|-0.05|0.03|-0.00|0.02|-0.12|0.25|0.11|-0.21|-0.25|0.72|-0.22|0.52|0.02|-0.03|1.03|-0.06
0.57|0.16|-0.33|0.78|0.35|0.05|0.39|0.44|-0.12|-0.17|0.27|0.29|1.02|-0.01|0.00|-0.01|-0.00|0.00|1.00|0.94|-0.83|0.29|0.29|0.80|0.41|-0.50|-0.10
1.09|-0.07|-0.17|-0.23|0.55|-0.12|0.83|-0.45|0.12|-0.31|-0.37|0.14|0.02|-0.00|0.01|0.72|-0.06|0.20|0.60|-0.02|-0.06|-0.54|-0.44|-0.31|-0.03|0.09|-0.32
1.33|-0.27|-1.23|-1.11|-0.05|0.81|-0.51|0.80|0.23|-0.72|1.34|0.41|-0.05|0.01|-0.00|0.96|-0.25|-0.60|-1.19|0.18|0.50|-0.80|0.21|0.05|1.37|0.14|0.54
------ Dim separator ------
-0.49|1.19|0.29|0.25|0.29|-1.28|0.89|0.62|-0.40|-0.50|0.52|0.03|-0.00|-0.00|0.02|-0.28|0.44|0.28|-0.26|-0.66|-0.13|-0.49|-0.04|-1.29|0.79|-0.18|0.21
-0.82|-0.09|-1.32|-0.00|-0.03|0.04|0.89|0.16|0.34|0.50|-0.74|-0.52|-0.05|-0.02|0.01|0.04|0.18|0.80|0.18|-0.38|-0.80|-0.38|-0.70|-0.58|-0.08|0.20|-0.03
0.45|0.28|-0.21|0.70|-0.47|-0.10|-0.25|-0.20|-0.61|-0.14|1.40|0.21|1.01|0.00|0.00|0.00|-0.01|-0.01|1.00|-0.02|-0.50|0.46|0.88|0.03|1.29|-0.05|0.16
0.77|0.70|0.19|0.03|-0.16|0.06|-0.32|-0.05|-0.99|0.24|-0.11|0.03|0.11|0.02|0.03|0.15|-0.03|-0.09|1.19|0.23|0.09|-0.14|-0.20|0.80|-1.45|0.31|1.36
0.69|0.23|0.58|-0.27|-0.01|-0.43|0.36|-0.82|0.10|-0.59|-0.65|0.90|-0.01|0.04|0.00|-0.68|-0.82|-0.86|-0.11|-0.10|0.27|0.35|-0.71|-0.11|0.65|0.17|-0.55
