------ Dim separator ------
0.29|-0.15|0.23|-0.45|-0.18|-0.10|-0.79|-0.19|-0.47|-0.33|-0.24|-0.02|0.04|0.01|-0.00|0.23|-0.39|0.88|-0.42|0.66|-1.00|0.49|0.01|0.69|1.13|0.20|-1.02
0.12|0.66|-0.12|0.16|-0.16|-0.07|0.27|-0.40|0.19|-0.77|-1.01|-0.96|-0.01|0.02|-0.00|0.12|-0.46|1.11|0.57|0.57|0.91|-0.53|0.23|0.43|0.41|0.15|-0.25
0.85|-0.65|-0.31|0.67|0.05|-0.27|-0.19|0.14|0.02|0.06|0.01|0.28|-0.04|-0.02|0.02|-0.49|-0.24|-0.17|0.82|0.91|0.11|-0.62|0.07|0.48|-0.26|-0.94|-0.35
-0.12|0.85|0.89|-0.28|0.47|0.02|0.38|-0.21|-0.02|-0.51|-0.39|1.14|-0.01|0.00|0.01|-0.38|0.17|-0.02|-0.43|0.08|-0.06|0.07|0.22|-0.28|-1.05|0.60|1.59
0.25|-0.40|-0.56|-0.25|0.73|0.34|-0.10|-0.24|0.13|-0.67|0.43|0.45|0.01|-0.01|-0.03|0.67|-0.14|0.50|-0.12|-0.19|-0.57|0.42|0.01|-1.09|0.88|0.40|-0.34
------ Dim separator ------
0.75|0.11|0.30|0.61|0.21|-0.18|0.53|0.42|-0.06|-0.22|-0.40|-0.12|0.01|0.00|0.01|0.75|0.33|0.24|-0.81|-0.21|1.09|-0.23|-0.63|-0.43|0.60|-0.04|0.25
0.93|-0.34|0.18|-0.36|0.19|-0.77|0.37|-0.13|-0.29|-0.12|-0.25|-0.16|0.02|0.04|-0.01|0.20|-0.45|0.68|-0.39|-0.94|0.73|0.07|-0.56|0.25|-0.38|0.20|0.75
0.32|-0.48|-0.34|0.81|0.16|0.40|0.55|-0.19|-0.05|-0.47|0.59|-1.01|0.06|-0.02|0.02|0.27|-0.09|-0.06|0.79|0.08|-0.07|-0.24|0.79|-0.33|-0.16|0.93|-0.09
0.69|0.41|0.42|-0.05|1.13|-0.22|0.70|0.56|-0.25|0.22|-0.48|0.56|-0.02|0.00|0.02|0.04|0.15|-0.19|1.00|-0.48|-0.33|-0.10|-0.50|0.60|-0.58|1.02|0.92
-0.15|0.33|1.26|0.52|0.54|-0.90|-0.40|-0.11|-0.42|-0.24|0.32|-0.32|-0.01|-0.03|-0.01|-0.31|-0.15|0.08|-0.32|-1.37|-0.60|-0.04|0.34|0.09|0.02|0.12|-0.41
------ Dim separator ------
0.33|-0.60|-0.87|0.94|0.08|0.10|0.01|-0.69|-0.82|-0.14|0.41|0.16|0.01|-0.00|0.00|-0.06|-0.36|-0.50|-0.49|0.61|-0.07|0.26|0.12|-0.53|-1.39|-0.02|-0.43
0.45|0.10|-0.28|-0.55|-0.15|-0.19|0.41|-0.02|0.62|-0.20|0.51|-0.60|0.01|-0.01|-0.02|0.92|0.61|0.28|-0.22|-0.24|0.02|-0.07|-0.06|0.30|0.17|-0.50|-0.80
-0.08|0.21|0.53|0.91|0.24|0.45|-0.07|0.30|-0.09|-0.23|-0.01|0.07|-0.00|-0.05|-0.03|0.37|-0.36|0.77|0.36|-0.64|1.07|-0.50|0.98|0.80|0.19|-0.51|0.33
-1.47|0.64|0.30|0.11|-0.57|0.77|0.62|0.11|0.22|0.37|-0.42|0.33|0.00|0.01|0.00|0.24|-0.80|-0.28|-0.66|-1.09|-0.92|-0.23|-0.14|0.30|0.50|-0.12|-0.37
0.29|-0.33|0.48|-1.09|1.11|0.49|-0.12|-1.12|-0.07|0.98|0.08|-0.94|0.01|-0.01|-0.05|-0.27|-0.75|0.23|-0.22|0.07|0.51|0.37|-0.75|0.29|0.07|0.93|0.37
------ Dim separator ------
0.34|-0.32|-0.34|-1.58|0.86|0.35|0.17|-0.16|-0.12|0.37|-0.06|0.22|0.02|0.01|-0.03|-0.53|-0.39|-0.75|-1.40|0.50|-0.31|-0.09|1.22|-0.81|0.40|0.49|-0.15
-0.09|0.19|-0.26|0.53|-0.48|-0.57|0.01|-0.18|-0.59|0.33|-0.41|-0.05|0.01|-0.00|0.00|-0.04|0.32|0.26|-0.06|-0.23|0.52|-0.13|0.23|0.03|-0.06|1.22|0.22
0.53|0.14|-0.54|0.87|0.53|0.07|0.21|0.16|0.08|-0.24|0.05|0.06|-0.00|0.00|-0.03|0.08|0.21|0.01|0.89|0.58|-0.61|0.22|0.17|0.67|0.27|-0.38|-0.12
1.11|0.23|0.02|-0.25|0.27|-0.07|0.66|-0.32|0.23|-0.38|-0.22|0.04|-0.01|-0.01|0.01|0.94|-0.31|-0.12|0.63|-0.15|-0.11|-0.13|-0.40|-0.34|-0.41|-0.06|-0.38
1.17|-0.19|-1.02|-1.30|-0.10|0.79|-0.36|0.51|0.03|-0.69|1.16|0.28|-0.02|0.00|0.01|0.80|-0.06|-0.11|-0.97|0.21|0.44|-0.94|0.26|0.30|1.34|-0.21|0.37
------ Dim separator ------
-0.69|0.92|0.13|0.48|0.34|-0.99|0.95|0.75|-0.60|-0.39|0.46|0.15|-0.01|0.00|-0.01|-0.30|0.18|-0.06|-0.42|-0.63|-0.15|-0.31|-0.02|-1.35|0.74|-0.25|0.25
-0.67|-0.34|-1.13|0.07|0.28|-0.16|0.85|0.04|0.05|0.50|-0.76|-0.80|-0.00|-0.04|-0.00|0.02|0.39|0.34|-0.12|-0.38|-0.75|-0.48|-0.77|-0.55|-0.26|0.23|0.04
0.52|0.12|-0.28|0.78|-0.46|-0.20|-0.06|-0.31|-0.70|-0.28|1.24|0.16|0.04|0.02|-0.02|-0.06|0.26|0.15|0.66|-0.04|-0.46|0.47|0.77|-0.04|1.22|-0.26|0.16
0.69|0.69|-0.06|0.30|-0.17|0.15|-0.42|-0.18|-0.92|0.21|-0.09|0.05|0.12|0.01|0.01|0.09|-0.01|0.07|0.94|0.39|0.20|-0.29|-0.18|0.82|-1.37|0.01|1.16
0.73|0.23|0.37|-0.47|-0.21|-0.33|0.26|-1.10|0.27|-0.23|-0.73|0.95|0.01|0.01|0.00|-1.00|-0.84|-0.62|-0.17|-0.05|0.35|0.13|-0.65|-0.09|0.44|0.22|-0.67
