------ Dim separator ------
0.48|-0.46|-0.07|-0.44|-0.13|-0.18|-1.12|-0.44|-0.38|0.03|-0.42|0.41|-0.01|0.01|-0.00|0.27|-0.65|0.96|-0.64|0.95|-0.83|0.27|-0.10|0.44|1.41|0.15|-1.11
0.10|0.82|-0.18|0.52|-0.27|-0.36|-0.12|-0.17|0.35|-0.74|-1.04|-1.08|-0.00|0.02|-0.01|-0.25|-0.56|1.01|0.68|0.76|1.16|-0.56|-0.13|0.71|0.10|0.31|0.17
0.79|-0.48|-0.47|0.69|-0.05|-0.37|-0.41|-0.01|-0.40|-0.32|-0.24|0.60|0.01|-0.00|-0.01|-0.35|-0.21|0.19|1.12|0.82|0.34|-0.69|-0.21|0.52|-0.20|-0.59|-0.25
-0.25|0.99|0.73|-0.50|0.24|0.23|0.36|0.02|0.12|-0.39|-0.72|1.36|-0.00|-0.00|-0.01|-0.70|-0.03|-0.22|-0.64|-0.24|-0.39|0.19|0.59|-0.31|-1.15|0.58|1.90
0.21|-0.25|-0.46|-0.30|0.96|0.50|-0.55|-0.22|0.17|-0.70|0.61|0.23|0.01|0.01|0.02|0.67|-0.55|0.71|-0.11|-0.28|-0.35|0.61|-0.04|-1.55|1.47|0.17|-0.29
------ Dim separator ------
0.92|0.22|0.77|0.62|0.44|-0.22|0.79|0.37|0.08|-0.08|-0.55|-0.47|-0.00|0.00|-0.01|0.76|0.07|0.38|-1.02|-0.38|1.04|0.28|-0.79|-0.02|0.71|-0.18|0.78
0.70|-0.63|0.00|-0.42|-0.04|-0.87|0.26|-0.15|-0.40|-0.25|-0.46|0.17|-0.00|0.00|0.02|-0.18|-0.60|0.81|-0.46|-0.86|0.45|0.09|-0.84|0.01|-0.24|0.16|0.92
0.20|-0.65|-0.42|0.93|-0.03|0.37|0.49|-0.50|-0.14|-0.18|0.52|-1.29|1.02|0.00|-0.01|-0.00|0.01|0.00|1.01|-0.05|0.01|-0.48|1.18|0.15|-0.44|0.80|0.06
0.14|0.28|0.60|0.36|1.29|0.05|0.46|0.32|-0.13|0.34|-0.26|0.64|1.02|0.01|-0.00|0.00|-0.00|0.00|1.01|-0.28|0.12|-0.24|-0.25|0.09|-0.86|1.41|1.17
-0.24|0.03|1.36|0.69|1.01|-0.55|-0.36|0.01|-0.39|-0.23|-0.15|-0.60|-0.00|0.00|0.01|-0.66|0.11|-0.35|-0.37|-2.04|-0.40|-0.23|0.52|0.43|0.31|0.21|-0.55
------ Dim separator ------
0.43|-0.72|-1.02|1.08|-0.00|-0.29|0.27|-0.66|-0.57|-0.22|0.65|0.43|-0.01|0.00|-0.01|0.19|-0.49|-0.65|-0.49|0.56|-0.27|0.29|0.35|-0.58|-1.27|-0.14|-0.43
0.43|-0.09|-0.25|-0.70|-0.15|-0.85|0.40|-0.05|0.45|-0.39|0.43|-0.63|-0.01|0.01|0.02|1.07|0.46|0.42|-0.41|-0.22|0.06|-0.49|-0.30|0.27|-0.16|-0.72|-1.04
0.11|0.29|0.99|0.69|0.33|0.43|-0.02|0.05|-0.38|-0.26|-0.08|-0.06|-0.01|0.01|0.01|0.37|-0.18|0.82|-0.00|-0.40|0.89|-0.46|0.83|0.79|0.01|-0.42|0.20
-1.45|0.84|0.66|0.01|-0.53|1.34|0.80|0.34|0.46|0.06|-0.61|0.25|-0.01|-0.01|-0.00|0.47|-0.81|-0.13|-0.40|-0.94|-1.14|-0.47|0.78|-0.04|0.98|-0.39|-0.22
0.22|-0.49|0.49|-0.90|1.08|0.42|-0.15|-1.37|-0.23|0.89|0.20|-0.53|-0.01|-0.00|-0.01|-0.32|-0.44|0.63|-0.53|0.12|0.57|0.61|-1.05|0.54|0.21|1.05|0.74
------ Dim separator ------
0.41|-0.41|-0.53|-1.64|0.96|0.07|0.25|-0.12|0.21|0.49|-0.14|0.41|-0.00|0.00|-0.01|-0.46|-0.35|-0.45|-1.68|0.64|-0.03|-0.14|0.85|-0.76|0.38|0.57|-0.27
-0.22|-0.15|-0.54|0.40|-0.16|-0.91|-0.05|-0.30|-0.17|0.32|0.07|-0.21|-0.01|0.00|-0.01|-0.05|0.58|0.24|-0.13|-0.54|0.60|-0.30|0.30|0.15|-0.10|1.08|0.27
0.26|-0.04|-0.19|0.75|0.49|0.23|0.26|0.16|-0.08|-0.12|0.12|0.29|1.02|-0.00|-0.00|0.00|0.00|0.00|1.00|0.59|-0.99|0.38|0.36|0.93|0.43|-0.22|-0.20
1.30|0.21|-0.35|-0.21|0.50|-0.12|0.67|-0.60|0.41|-0.41|-0.48|0.44|0.01|0.01|-0.00|0.99|-0.11|-0.04|0.81|-0.10|-0.10|-0.70|-0.25|-0.33|-0.37|0.26|-0.43
1.38|-0.59|-1.46|-0.90|-0.21|0.65|-0.17|0.66|0.26|-0.65|1.06|0.04|0.00|-0.01|0.00|0.70|-0.54|-0.43|-1.58|0.26|0.31|-1.14|0.25|0.15|1.48|-0.31|0.54
------ Dim separator ------
-0.19|1.08|0.22|0.60|0.26|-1.27|1.01|0.57|-0.49|-0.71|0.25|0.07|0.00|0.01|-0.01|-0.10|0.11|0.00|-0.31|-0.58|0.15|0.01|-0.42|-1.49|0.87|-0.40|0.33
-0.71|-0.18|-1.38|-0.32|0.22|0.16|0.91|0.05|0.24|0.85|-0.89|-0.94|0.01|0.01|-0.00|0.46|0.09|0.63|0.01|-0.45|-0.91|-0.54|-0.58|-0.84|-0.40|-0.23|0.03
0.60|0.21|-0.16|0.76|-0.53|-0.02|-0.25|-0.29|-0.73|-0.14|1.44|0.43|1.02|0.00|0.01|0.00|0.00|-0.00|1.01|-0.06|-0.17|0.70|0.99|-0.11|1.07|-0.05|-0.08
0.25|0.65|0.44|0.05|0.39|-0.06|-0.55|-0.18|-1.41|0.33|-0.07|0.07|0.99|0.01|-0.01|0.01|-0.00|-0.01|1.01|0.40|0.08|-0.17|-0.14|1.15|-1.31|0.19|1.55
1.09|0.51|0.32|-0.65|0.08|-0.32|0.08|-1.32|-0.05|-0.61|-0.75|0.88|0.01|-0.01|0.01|-0.98|-0.90|-0.51|0.18|-0.58|0.55|0.33|-0.69|0.00|0.61|0.38|-0.67
