------ Dim separator ------
0.45|-0.46|0.19|-0.61|-0.14|-0.02|-0.67|-0.23|-0.39|-0.62|-0.06|-0.07|-0.00|-0.00|0.02|0.22|-0.47|0.53|-0.37|0.51|-0.88|0.19|-0.16|0.65|1.09|0.00|-0.73
0.03|0.67|-0.17|0.34|-0.11|-0.23|0.20|-0.46|0.11|-0.93|-0.92|-1.04|0.01|-0.00|0.02|0.24|-0.49|1.14|0.46|0.59|0.89|-0.68|0.33|0.22|0.38|0.10|-0.18
0.85|-0.45|-0.42|0.64|-0.16|-0.61|-0.30|0.36|-0.03|0.08|-0.01|0.36|0.01|0.01|-0.02|-0.24|0.14|-0.30|0.87|0.99|0.09|-0.53|0.14|0.42|-0.09|-0.92|-0.25
0.03|0.70|0.98|-0.16|0.65|0.18|0.02|-0.28|0.24|-0.45|-0.32|1.17|-0.00|-0.00|-0.01|-0.69|0.09|-0.08|-0.29|0.07|0.15|-0.21|0.02|-0.25|-0.85|0.57|1.41
0.26|-0.51|-0.37|-0.11|0.66|0.47|-0.08|-0.31|0.44|-0.75|0.52|0.59|0.01|-0.00|0.02|0.83|0.03|0.47|-0.32|-0.05|-0.62|0.44|0.25|-1.00|0.81|0.45|-0.36
------ Dim separator ------
0.96|0.04|0.30|0.60|0.19|-0.08|0.52|0.61|0.03|-0.18|-0.41|-0.04|0.02|0.01|-0.01|0.88|0.54|0.41|-0.75|-0.30|1.12|-0.31|-0.73|-0.31|0.84|-0.34|0.11
0.90|-0.21|0.25|-0.27|0.35|-0.90|0.19|0.11|-0.19|-0.04|-0.33|-0.48|0.01|-0.01|0.01|0.29|-0.50|0.45|-0.24|-0.97|0.55|0.22|-0.26|0.26|-0.36|0.45|0.66
0.07|-0.42|-0.45|0.63|0.25|0.54|0.83|-0.14|-0.04|-0.77|0.72|-1.09|0.00|0.01|-0.01|0.23|-0.28|0.25|0.89|0.30|-0.16|-0.11|0.66|-0.29|0.06|1.18|-0.11
0.77|0.26|0.52|-0.19|0.74|-0.25|0.70|0.24|-0.47|0.29|-0.46|0.60|0.00|0.01|-0.02|-0.11|0.10|0.08|0.77|-0.60|-0.55|-0.19|-0.56|0.56|-0.58|0.91|0.59
-0.12|0.59|1.14|0.47|0.37|-0.96|-0.63|0.03|-0.47|-0.22|0.43|-0.11|-0.02|0.02|-0.01|-0.21|-0.38|0.08|-0.27|-1.40|-0.76|-0.17|0.29|-0.16|-0.14|-0.12|-0.41
------ Dim separator ------
0.30|-0.39|-0.58|1.09|0.08|-0.08|-0.04|-0.64|-0.87|-0.28|0.28|0.22|0.00|-0.02|-0.01|-0.23|-0.09|-0.57|-0.53|0.39|0.01|0.02|0.27|-0.07|-1.51|-0.01|-0.55
0.34|0.10|-0.22|-0.73|-0.24|-0.39|0.24|-0.03|0.50|-0.22|0.41|-0.50|-0.01|0.01|0.01|0.86|0.63|0.15|-0.04|-0.35|0.00|0.04|0.05|0.62|0.19|-0.55|-0.67
-0.07|0.30|0.46|0.91|0.23|0.25|-0.02|0.02|-0.14|-0.05|0.05|0.12|0.02|0.01|0.03|0.15|-0.41|0.55|0.21|-0.52|1.10|-0.31|0.71|0.92|0.33|-0.62|0.17
-1.54|0.82|0.33|0.01|-0.41|0.87|0.59|0.07|0.23|0.51|-0.64|0.45|-0.02|-0.02|-0.01|0.20|-0.58|-0.33|-0.62|-0.95|-0.68|-0.19|-0.09|0.56|0.53|-0.12|-0.07
0.23|-0.48|0.51|-1.32|1.55|0.41|0.11|-1.21|-0.05|0.81|0.15|-1.07|-0.01|0.01|0.01|-0.41|-0.88|0.16|-0.49|-0.17|0.55|0.30|-0.79|0.33|-0.05|0.99|-0.03
------ Dim separator ------
0.58|-0.43|-0.84|-1.39|0.77|0.39|0.14|-0.43|-0.36|0.10|0.03|0.30|-0.01|-0.01|0.01|-0.60|-0.62|-0.86|-1.38|0.21|-0.10|-0.21|1.28|-1.07|0.36|0.46|-0.11
-0.06|0.19|-0.22|0.61|-0.50|-0.24|-0.15|-0.30|-0.43|0.27|-0.51|-0.22|0.00|-0.01|-0.00|0.15|0.23|0.08|0.01|-0.32|0.44|-0.19|0.35|0.21|-0.16|1.20|-0.17
0.45|0.19|-0.56|0.94|0.29|0.13|0.41|0.28|0.38|-0.40|0.31|-0.02|0.01|-0.01|0.00|0.53|0.18|0.02|0.87|0.58|-0.62|0.39|0.16|0.91|0.35|-0.55|-0.27
0.93|-0.13|0.38|-0.40|0.38|-0.22|0.87|-0.33|0.33|-0.12|-0.35|0.07|0.01|-0.01|-0.02|0.78|-0.30|0.19|0.56|0.01|0.23|-0.22|-0.44|-0.21|0.10|-0.01|-0.31
1.15|-0.20|-0.94|-1.41|0.02|0.73|-0.33|0.53|0.03|-0.93|1.00|0.25|0.02|0.02|0.01|0.79|0.06|-0.13|-0.95|0.27|0.53|-0.90|0.28|0.37|1.28|-0.06|0.54
------ Dim separator ------
-0.35|1.12|0.43|0.64|0.64|-1.14|0.71|0.92|-0.58|-0.32|0.37|0.23|0.00|-0.02|0.02|-0.02|0.39|0.22|-0.41|-0.46|-0.05|-0.52|0.04|-1.29|0.87|-0.23|0.24
-0.73|-0.24|-0.92|0.10|0.01|-0.15|0.73|0.30|0.11|0.50|-0.98|-0.79|0.01|0.00|-0.00|0.00|0.43|0.52|0.13|-0.17|-0.71|-0.45|-0.76|-0.60|-0.08|0.45|0.19
0.61|0.11|-0.15|0.79|-0.42|-0.20|-0.08|-0.34|-0.72|-0.17|0.92|0.18|1.00|0.00|0.02|0.01|1.00|-0.01|0.01|0.22|-0.58|0.18|0.56|-0.08|1.16|-0.29|0.47
0.71|0.62|-0.11|0.23|-0.36|-0.03|-0.12|-0.27|-0.86|0.29|-0.19|0.22|-0.04|0.01|-0.01|0.40|0.13|0.14|0.95|0.23|0.41|-0.40|-0.24|0.75|-1.27|0.09|1.22
0.58|0.37|0.41|-0.30|-0.13|-0.23|0.33|-0.88|0.24|-0.31|-0.67|0.97|-0.00|0.00|-0.04|-0.87|-1.02|-0.55|-0.29|-0.12|0.16|0.30|-0.62|-0.19|0.52|0.45|-0.72
