------ Dim separator ------
0.46|0.14|0.24|-0.29|-0.14|-0.14|-0.77|-0.41|-0.31|-0.33|-0.11|0.21|-0.03|0.01|0.02|0.36|-0.31|0.58|-0.36|0.62|-0.83|0.18|-0.12|0.83|0.99|0.12|-0.98
0.27|0.61|-0.12|0.11|-0.01|-0.11|0.29|-0.22|0.34|-0.56|-0.97|-0.81|-0.00|-0.04|-0.01|0.17|-0.52|0.93|0.63|0.40|0.78|-0.42|-0.15|0.64|0.40|0.25|-0.16
0.82|-0.55|-0.22|0.74|0.07|-0.20|-0.16|0.10|0.23|0.12|0.03|0.13|0.04|-0.01|-0.01|-0.30|-0.30|-0.17|0.80|0.72|0.10|-0.67|0.05|0.46|-0.30|-0.98|-0.12
-0.23|0.75|0.83|-0.26|0.47|0.21|0.35|-0.07|0.01|-0.38|-0.26|1.03|-0.00|0.01|0.01|-0.55|0.03|-0.06|-0.29|0.18|-0.02|0.23|0.22|-0.42|-1.16|0.91|1.23
0.16|-0.18|-0.43|-0.28|0.87|0.42|-0.09|-0.39|0.25|-0.69|0.45|0.56|-0.00|0.02|0.02|0.54|-0.10|0.46|-0.01|-0.16|-0.67|0.48|0.27|-0.97|0.71|0.51|-0.26
------ Dim separator ------
0.78|0.11|0.15|0.64|0.13|-0.24|0.41|0.54|0.13|-0.14|-0.22|-0.08|-0.04|0.00|0.01|0.85|0.40|0.33|-0.79|-0.22|0.88|-0.11|-0.48|-0.43|0.55|0.16|0.44
0.88|-0.36|0.13|-0.24|0.00|-0.71|0.30|-0.29|-0.38|0.00|-0.31|-0.21|-0.03|-0.03|0.00|0.04|-0.47|0.70|-0.27|-0.86|0.70|-0.00|-0.48|0.31|-0.39|0.02|0.66
0.41|-0.35|-0.39|0.78|-0.01|0.43|0.45|-0.19|-0.01|-0.62|0.65|-0.96|-0.02|0.04|0.01|0.20|-0.09|-0.27|0.60|0.05|-0.02|-0.18|0.92|-0.31|0.08|1.03|-0.04
0.73|0.28|0.40|0.00|1.04|-0.08|0.63|0.58|-0.16|0.14|-0.56|0.55|0.10|-0.02|0.01|0.09|0.03|-0.21|0.94|-0.31|-0.32|-0.05|-0.41|0.58|-0.44|1.02|0.90
-0.04|0.41|1.21|0.45|0.58|-0.88|-0.39|-0.08|-0.27|-0.24|0.10|-0.43|-0.01|0.06|0.01|-0.28|-0.07|-0.08|-0.52|-1.46|-0.81|-0.16|0.35|0.03|-0.01|0.19|-0.46
------ Dim separator ------
0.41|-0.58|-0.95|0.79|0.11|0.13|0.06|-0.61|-0.62|0.10|0.39|-0.05|-0.01|-0.03|-0.01|-0.10|-0.25|-0.65|-0.40|0.57|-0.15|0.20|0.17|-0.60|-1.31|0.03|-0.27
0.52|-0.02|-0.32|-0.41|-0.17|-0.20|0.40|-0.01|0.61|-0.09|0.48|-0.29|0.01|0.02|0.04|0.91|0.61|0.18|-0.36|-0.20|-0.04|-0.11|-0.05|0.14|0.30|-0.41|-0.69
-0.19|0.29|0.57|0.98|0.37|0.38|0.19|0.20|-0.08|-0.29|-0.05|-0.01|0.01|0.06|0.03|0.52|-0.19|0.61|0.35|-0.56|1.08|-0.56|0.98|0.77|0.15|-0.33|0.44
-1.38|0.66|0.29|0.26|-0.49|0.67|0.53|0.16|0.16|0.32|-0.57|0.54|0.01|-0.01|0.01|0.37|-0.78|-0.33|-0.43|-0.86|-0.69|-0.27|-0.12|-0.01|0.64|-0.23|-0.14
0.24|-0.16|0.35|-1.14|1.01|0.31|-0.27|-1.11|-0.05|0.98|0.25|-0.68|0.01|-0.01|0.03|-0.30|-0.91|0.24|-0.30|0.07|0.42|0.06|-0.81|0.30|0.11|0.85|0.30
------ Dim separator ------
0.07|-0.26|-0.39|-1.38|0.64|0.36|0.03|-0.05|-0.04|0.28|-0.20|0.20|-0.03|0.03|0.03|-0.38|-0.34|-0.71|-1.33|0.49|-0.29|-0.15|1.10|-0.98|0.20|0.55|0.06
-0.02|0.36|-0.05|0.47|-0.41|-0.59|0.07|-0.06|-0.59|0.27|-0.29|-0.02|-0.02|0.02|-0.02|-0.16|0.27|0.19|-0.03|-0.18|0.54|-0.04|0.20|-0.04|-0.01|1.28|0.14
0.67|-0.01|-0.37|0.79|0.51|-0.16|0.36|0.37|-0.07|-0.17|-0.01|0.12|0.05|0.03|0.02|0.15|0.21|0.13|0.88|0.71|-0.81|0.25|0.08|0.78|0.27|-0.47|0.05
0.94|0.35|-0.11|-0.23|0.41|-0.24|0.64|-0.42|0.30|-0.53|-0.31|-0.07|-0.01|0.02|-0.01|1.01|-0.34|0.06|0.64|-0.16|-0.08|-0.23|-0.39|-0.45|-0.19|-0.30|-0.26
1.17|-0.15|-1.21|-1.22|-0.11|0.77|-0.50|0.52|0.04|-0.77|0.96|0.39|0.03|-0.02|0.00|0.66|-0.04|-0.11|-1.02|0.36|0.27|-0.67|0.03|0.29|1.26|-0.17|0.39
------ Dim separator ------
-0.66|0.68|0.20|0.42|0.43|-1.14|1.01|0.59|-0.46|-0.29|0.37|0.03|0.02|0.00|-0.01|-0.56|0.22|-0.04|-0.47|-0.61|-0.19|-0.42|-0.15|-1.26|0.67|-0.18|0.27
-0.72|-0.22|-1.10|0.15|0.09|-0.24|0.63|-0.05|-0.02|0.63|-0.80|-0.74|0.03|0.04|-0.00|0.06|0.44|0.37|-0.04|-0.35|-0.79|-0.40|-0.58|-0.33|-0.14|0.18|-0.19
0.45|0.12|-0.28|0.69|-0.29|-0.06|-0.17|-0.24|-0.57|-0.10|1.03|0.04|0.02|-0.01|0.02|0.02|0.21|0.08|0.70|-0.13|-0.44|0.32|0.89|0.09|1.16|-0.09|0.19
0.88|0.67|-0.02|0.33|-0.02|0.22|-0.55|-0.17|-0.87|0.36|-0.02|0.04|0.92|-0.02|-0.01|-0.01|0.01|0.00|1.00|0.53|0.02|-0.14|-0.30|0.67|-1.41|0.23|1.15
0.76|0.10|0.30|-0.41|-0.27|-0.41|0.37|-0.81|0.39|-0.40|-0.74|0.91|0.00|-0.01|0.02|-0.80|-0.85|-0.70|-0.24|0.02|0.33|0.09|-0.67|-0.19|0.63|0.13|-0.67
