------ Dim separator ------
0.46|-0.46|0.19|-0.62|-0.15|-0.03|-0.67|-0.24|-0.39|-0.62|-0.06|-0.08|-0.00|-0.01|0.01|0.23|-0.48|0.53|-0.37|0.51|-0.89|0.19|-0.16|0.65|1.09|-0.00|-0.74
0.04|0.67|-0.18|0.34|-0.11|-0.22|0.20|-0.47|0.12|-0.93|-0.93|-1.05|0.01|-0.00|0.01|0.25|-0.49|1.14|0.47|0.60|0.90|-0.68|0.33|0.23|0.38|0.10|-0.18
0.85|-0.46|-0.42|0.64|-0.16|-0.61|-0.29|0.36|-0.02|0.07|-0.00|0.36|0.01|0.01|-0.02|-0.24|0.14|-0.31|0.87|1.00|0.09|-0.53|0.15|0.42|-0.10|-0.93|-0.25
0.03|0.70|0.99|-0.16|0.65|0.18|0.03|-0.28|0.24|-0.45|-0.31|1.18|-0.00|0.00|-0.01|-0.69|0.09|-0.07|-0.28|0.07|0.15|-0.21|0.02|-0.26|-0.85|0.58|1.41
0.26|-0.51|-0.37|-0.11|0.65|0.47|-0.08|-0.32|0.45|-0.75|0.52|0.59|0.01|0.00|0.01|0.83|0.03|0.47|-0.32|-0.06|-0.63|0.44|0.25|-0.99|0.80|0.46|-0.37
------ Dim separator ------
0.97|0.04|0.30|0.61|0.20|-0.08|0.52|0.60|0.03|-0.18|-0.40|-0.04|0.02|0.01|-0.00|0.89|0.54|0.40|-0.75|-0.30|1.13|-0.31|-0.73|-0.31|0.84|-0.34|0.11
0.90|-0.21|0.25|-0.27|0.35|-0.90|0.19|0.10|-0.19|-0.03|-0.33|-0.49|0.00|-0.01|0.00|0.30|-0.50|0.46|-0.24|-0.97|0.56|0.22|-0.27|0.26|-0.36|0.45|0.66
0.08|-0.42|-0.46|0.63|0.25|0.55|0.83|-0.14|-0.04|-0.78|0.73|-1.08|0.00|0.01|-0.01|0.23|-0.28|0.24|0.89|0.30|-0.15|-0.10|0.66|-0.29|0.06|1.19|-0.12
0.78|0.27|0.52|-0.19|0.74|-0.25|0.70|0.24|-0.48|0.29|-0.47|0.61|0.00|0.01|-0.01|-0.11|0.11|0.09|0.77|-0.60|-0.56|-0.19|-0.56|0.57|-0.57|0.92|0.60
-0.11|0.60|1.15|0.48|0.37|-0.96|-0.64|0.04|-0.47|-0.22|0.43|-0.10|-0.01|0.02|-0.00|-0.21|-0.39|0.08|-0.27|-1.40|-0.77|-0.17|0.29|-0.17|-0.15|-0.12|-0.41
------ Dim separator ------
0.31|-0.39|-0.58|1.09|0.08|-0.08|-0.04|-0.65|-0.87|-0.28|0.28|0.22|0.00|-0.01|-0.01|-0.23|-0.09|-0.57|-0.54|0.40|0.01|0.02|0.27|-0.07|-1.52|-0.01|-0.55
0.34|0.11|-0.22|-0.74|-0.24|-0.40|0.24|-0.03|0.50|-0.23|0.41|-0.50|-0.01|0.01|0.01|0.86|0.63|0.16|-0.04|-0.35|-0.01|0.04|0.06|0.62|0.19|-0.55|-0.67
-0.07|0.30|0.46|0.92|0.22|0.25|-0.01|0.02|-0.13|-0.05|0.06|0.12|0.01|0.01|0.02|0.15|-0.42|0.56|0.21|-0.53|1.11|-0.32|0.71|0.92|0.33|-0.62|0.17
-1.54|0.82|0.34|-0.00|-0.42|0.87|0.59|0.07|0.23|0.51|-0.63|0.46|-0.01|-0.01|-0.00|0.21|-0.59|-0.33|-0.63|-0.95|-0.69|-0.18|-0.10|0.56|0.53|-0.13|-0.07
0.23|-0.48|0.52|-1.33|1.55|0.42|0.10|-1.21|-0.05|0.81|0.14|-1.07|-0.01|0.01|0.01|-0.42|-0.88|0.16|-0.49|-0.17|0.55|0.29|-0.80|0.33|-0.06|0.99|-0.03
------ Dim separator ------
0.58|-0.43|-0.84|-1.40|0.77|0.40|0.13|-0.43|-0.35|0.09|0.03|0.29|-0.01|-0.01|0.01|-0.60|-0.62|-0.87|-1.39|0.22|-0.10|-0.22|1.28|-1.08|0.36|0.47|-0.11
-0.06|0.19|-0.21|0.61|-0.50|-0.24|-0.15|-0.31|-0.43|0.28|-0.52|-0.21|0.00|-0.00|-0.00|0.15|0.23|0.08|0.01|-0.32|0.45|-0.19|0.36|0.21|-0.16|1.21|-0.17
0.45|0.20|-0.57|0.95|0.29|0.13|0.41|0.28|0.37|-0.40|0.31|-0.02|0.01|-0.01|0.00|0.53|0.18|0.02|0.87|0.59|-0.61|0.40|0.17|0.92|0.35|-0.56|-0.27
0.93|-0.14|0.38|-0.40|0.38|-0.22|0.87|-0.34|0.33|-0.12|-0.35|0.07|0.00|-0.00|-0.01|0.78|-0.31|0.19|0.56|0.01|0.23|-0.22|-0.45|-0.21|0.09|-0.01|-0.31
1.15|-0.19|-0.95|-1.42|0.02|0.74|-0.33|0.53|0.04|-0.93|1.00|0.25|0.02|0.01|0.01|0.79|0.06|-0.12|-0.95|0.27|0.53|-0.90|0.28|0.37|1.29|-0.07|0.54
------ Dim separator ------
-0.35|1.12|0.43|0.64|0.65|-1.14|0.72|0.93|-0.57|-0.32|0.36|0.23|0.00|-0.02|0.02|-0.03|0.39|0.22|-0.40|-0.46|-0.06|-0.53|0.04|-1.29|0.87|-0.21|0.24
-0.74|-0.24|-0.92|0.10|0.00|-0.16|0.73|0.30|0.11|0.50|-0.99|-0.79|0.00|0.00|-0.00|-0.00|0.42|0.52|0.14|-0.18|-0.71|-0.45|-0.76|-0.60|-0.07|0.46|0.19
0.61|0.11|-0.16|0.79|-0.41|-0.20|-0.08|-0.34|-0.72|-0.16|0.93|0.18|1.00|0.00|0.01|0.00|1.00|-0.00|0.01|0.21|-0.58|0.18|0.56|-0.08|1.17|-0.29|0.47
0.71|0.62|-0.11|0.23|-0.36|-0.03|-0.12|-0.27|-0.85|0.29|-0.19|0.23|-0.04|0.00|-0.01|0.40|0.13|0.14|0.95|0.24|0.40|-0.40|-0.24|0.75|-1.27|0.09|1.23
0.58|0.36|0.41|-0.30|-0.12|-0.23|0.34|-0.88|0.25|-0.31|-0.68|0.97|-0.00|-0.00|-0.03|-0.87|-1.02|-0.55|-0.29|-0.13|0.16|0.29|-0.63|-0.19|0.53|0.45|-0.72
