------ Dim separator ------
0.48|-0.45|-0.07|-0.45|-0.13|-0.18|-1.13|-0.45|-0.38|0.03|-0.43|0.41|-0.00|0.01|-0.00|0.28|-0.66|0.97|-0.63|0.95|-0.84|0.26|-0.10|0.45|1.42|0.14|-1.11
0.11|0.82|-0.19|0.52|-0.28|-0.36|-0.12|-0.18|0.36|-0.74|-1.05|-1.09|0.00|0.01|-0.01|-0.25|-0.57|1.02|0.68|0.77|1.16|-0.55|-0.13|0.73|0.10|0.31|0.17
0.78|-0.48|-0.48|0.70|-0.04|-0.37|-0.40|-0.00|-0.39|-0.32|-0.24|0.60|0.01|-0.00|-0.01|-0.36|-0.22|0.18|1.12|0.83|0.34|-0.70|-0.21|0.52|-0.20|-0.60|-0.24
-0.25|1.00|0.75|-0.50|0.24|0.24|0.37|0.02|0.13|-0.39|-0.72|1.37|0.00|-0.00|-0.01|-0.71|-0.04|-0.22|-0.64|-0.24|-0.40|0.20|0.59|-0.31|-1.15|0.59|1.90
0.20|-0.26|-0.47|-0.30|0.96|0.50|-0.55|-0.23|0.17|-0.70|0.60|0.23|0.00|0.00|0.01|0.67|-0.55|0.72|-0.11|-0.28|-0.36|0.61|-0.03|-1.55|1.48|0.18|-0.29
------ Dim separator ------
0.92|0.22|0.78|0.62|0.44|-0.22|0.79|0.37|0.08|-0.08|-0.55|-0.47|-0.00|0.00|-0.01|0.76|0.07|0.38|-1.03|-0.38|1.04|0.28|-0.80|-0.02|0.71|-0.18|0.79
0.70|-0.63|-0.01|-0.42|-0.04|-0.87|0.26|-0.16|-0.40|-0.26|-0.47|0.16|-0.00|0.00|0.01|-0.18|-0.60|0.81|-0.46|-0.87|0.46|0.09|-0.85|0.01|-0.25|0.16|0.93
0.20|-0.65|-0.42|0.93|-0.04|0.38|0.48|-0.51|-0.13|-0.18|0.53|-1.29|1.01|0.00|-0.01|-0.00|0.01|0.00|1.00|-0.04|0.02|-0.49|1.18|0.16|-0.44|0.81|0.06
0.14|0.29|0.60|0.36|1.30|0.05|0.46|0.32|-0.13|0.33|-0.26|0.65|1.02|0.01|0.00|0.00|-0.00|0.00|1.00|-0.28|0.11|-0.25|-0.25|0.09|-0.86|1.42|1.18
-0.23|0.03|1.37|0.70|1.02|-0.55|-0.37|0.01|-0.38|-0.22|-0.15|-0.60|-0.00|0.00|0.01|-0.67|0.11|-0.34|-0.38|-2.04|-0.41|-0.23|0.53|0.43|0.31|0.21|-0.55
------ Dim separator ------
0.43|-0.73|-1.02|1.08|-0.00|-0.29|0.28|-0.67|-0.57|-0.22|0.65|0.44|-0.01|0.00|-0.01|0.19|-0.49|-0.65|-0.50|0.56|-0.27|0.28|0.36|-0.58|-1.28|-0.14|-0.43
0.42|-0.08|-0.26|-0.71|-0.14|-0.85|0.40|-0.05|0.45|-0.39|0.43|-0.63|-0.00|0.01|0.01|1.07|0.46|0.42|-0.41|-0.22|0.05|-0.50|-0.31|0.27|-0.16|-0.72|-1.03
0.11|0.30|0.99|0.69|0.34|0.42|-0.01|0.05|-0.37|-0.27|-0.07|-0.06|-0.01|0.00|0.01|0.37|-0.18|0.83|0.00|-0.41|0.89|-0.48|0.83|0.78|0.00|-0.42|0.20
-1.46|0.84|0.66|-0.00|-0.54|1.34|0.81|0.35|0.46|0.06|-0.61|0.26|-0.01|-0.01|-0.00|0.48|-0.82|-0.13|-0.40|-0.94|-1.14|-0.46|0.78|-0.05|0.99|-0.39|-0.22
0.22|-0.48|0.49|-0.90|1.08|0.42|-0.16|-1.37|-0.22|0.89|0.20|-0.53|-0.01|-0.00|-0.00|-0.33|-0.45|0.63|-0.53|0.12|0.58|0.61|-1.06|0.54|0.21|1.04|0.76
------ Dim separator ------
0.41|-0.41|-0.53|-1.65|0.96|0.08|0.24|-0.11|0.22|0.50|-0.14|0.40|0.00|0.00|-0.01|-0.47|-0.36|-0.46|-1.69|0.65|-0.04|-0.15|0.86|-0.77|0.39|0.58|-0.27
-0.21|-0.14|-0.52|0.40|-0.16|-0.92|-0.05|-0.30|-0.17|0.32|0.07|-0.20|-0.01|0.00|-0.01|-0.05|0.58|0.25|-0.14|-0.54|0.60|-0.30|0.30|0.14|-0.10|1.08|0.27
0.26|-0.04|-0.20|0.75|0.50|0.23|0.26|0.16|-0.09|-0.13|0.12|0.30|1.01|-0.00|-0.00|0.00|-0.00|0.00|1.00|0.60|-1.00|0.38|0.36|0.93|0.43|-0.23|-0.20
1.31|0.21|-0.36|-0.22|0.50|-0.12|0.67|-0.60|0.41|-0.42|-0.49|0.45|0.01|0.01|-0.00|0.98|-0.11|-0.04|0.82|-0.10|-0.11|-0.70|-0.26|-0.32|-0.38|0.25|-0.43
1.38|-0.60|-1.47|-0.91|-0.21|0.66|-0.18|0.66|0.25|-0.66|1.06|0.05|0.00|-0.00|0.00|0.70|-0.54|-0.43|-1.58|0.26|0.30|-1.15|0.25|0.15|1.49|-0.32|0.54
------ Dim separator ------
-0.20|1.07|0.22|0.60|0.26|-1.27|1.02|0.58|-0.48|-0.70|0.25|0.07|0.00|0.01|-0.01|-0.11|0.11|0.00|-0.31|-0.58|0.16|0.01|-0.43|-1.51|0.87|-0.39|0.33
-0.71|-0.18|-1.38|-0.32|0.21|0.15|0.91|0.04|0.23|0.85|-0.90|-0.95|0.01|0.01|-0.00|0.46|0.09|0.62|0.01|-0.46|-0.91|-0.54|-0.58|-0.83|-0.39|-0.24|0.04
0.60|0.21|-0.16|0.76|-0.52|-0.02|-0.25|-0.30|-0.73|-0.14|1.46|0.42|1.01|0.00|0.00|-0.00|0.00|0.00|1.01|-0.06|-0.17|0.70|0.99|-0.10|1.07|-0.05|-0.08
0.25|0.65|0.44|0.05|0.39|-0.06|-0.56|-0.18|-1.41|0.34|-0.06|0.07|0.99|0.00|-0.01|0.00|-0.00|-0.00|1.01|0.41|0.07|-0.17|-0.15|1.15|-1.32|0.19|1.55
1.10|0.50|0.31|-0.65|0.09|-0.32|0.08|-1.33|-0.05|-0.61|-0.76|0.88|0.01|-0.01|0.01|-0.98|-0.91|-0.51|0.18|-0.59|0.55|0.33|-0.70|0.00|0.61|0.38|-0.68
