------ Dim separator ------
0.29|-0.14|0.23|-0.45|-0.18|-0.10|-0.80|-0.19|-0.47|-0.33|-0.24|-0.02|0.04|0.01|-0.00|0.23|-0.39|0.88|-0.42|0.66|-1.01|0.49|0.00|0.70|1.13|0.20|-1.03
0.13|0.67|-0.12|0.16|-0.16|-0.07|0.28|-0.40|0.19|-0.77|-1.02|-0.96|-0.00|0.01|-0.00|0.12|-0.46|1.11|0.58|0.57|0.91|-0.53|0.24|0.44|0.41|0.15|-0.26
0.85|-0.65|-0.30|0.67|0.05|-0.27|-0.19|0.14|0.02|0.06|0.02|0.28|-0.03|-0.02|0.02|-0.50|-0.24|-0.17|0.82|0.91|0.10|-0.62|0.07|0.48|-0.26|-0.95|-0.36
-0.12|0.85|0.90|-0.29|0.48|0.02|0.39|-0.20|-0.01|-0.51|-0.38|1.14|-0.01|0.00|0.01|-0.38|0.17|-0.01|-0.42|0.09|-0.07|0.07|0.22|-0.29|-1.05|0.61|1.59
0.25|-0.41|-0.56|-0.25|0.73|0.34|-0.10|-0.24|0.13|-0.67|0.43|0.46|0.01|-0.01|-0.03|0.67|-0.14|0.50|-0.11|-0.19|-0.58|0.41|0.02|-1.10|0.88|0.41|-0.34
------ Dim separator ------
0.75|0.11|0.30|0.62|0.21|-0.18|0.53|0.42|-0.07|-0.22|-0.40|-0.12|0.02|0.00|0.01|0.75|0.33|0.23|-0.82|-0.21|1.09|-0.23|-0.63|-0.43|0.60|-0.04|0.25
0.93|-0.34|0.18|-0.36|0.19|-0.77|0.37|-0.14|-0.29|-0.12|-0.25|-0.17|0.02|0.04|-0.01|0.21|-0.45|0.69|-0.39|-0.94|0.74|0.07|-0.56|0.26|-0.39|0.20|0.75
0.32|-0.48|-0.35|0.81|0.16|0.41|0.56|-0.19|-0.05|-0.48|0.60|-1.01|0.05|-0.02|0.02|0.28|-0.09|-0.07|0.79|0.09|-0.06|-0.23|0.79|-0.33|-0.16|0.94|-0.10
0.70|0.41|0.42|-0.06|1.14|-0.22|0.71|0.57|-0.25|0.21|-0.48|0.56|-0.02|0.00|0.02|0.04|0.15|-0.19|0.99|-0.48|-0.34|-0.10|-0.50|0.60|-0.57|1.02|0.92
-0.15|0.34|1.26|0.52|0.54|-0.90|-0.40|-0.10|-0.42|-0.25|0.33|-0.31|-0.01|-0.03|-0.00|-0.31|-0.16|0.09|-0.33|-1.38|-0.61|-0.05|0.35|0.09|0.02|0.12|-0.42
------ Dim separator ------
0.34|-0.60|-0.88|0.95|0.08|0.11|0.01|-0.70|-0.83|-0.14|0.42|0.16|0.01|0.00|0.00|-0.07|-0.36|-0.50|-0.49|0.62|-0.07|0.26|0.12|-0.53|-1.40|-0.02|-0.43
0.45|0.11|-0.28|-0.56|-0.14|-0.19|0.41|-0.03|0.62|-0.20|0.51|-0.60|0.01|-0.01|-0.02|0.92|0.62|0.28|-0.22|-0.24|0.02|-0.07|-0.06|0.30|0.17|-0.50|-0.79
-0.08|0.22|0.53|0.91|0.24|0.46|-0.07|0.30|-0.08|-0.23|-0.00|0.07|-0.00|-0.05|-0.03|0.38|-0.36|0.78|0.37|-0.64|1.08|-0.51|0.98|0.80|0.18|-0.51|0.34
-1.48|0.64|0.31|0.10|-0.58|0.77|0.62|0.11|0.22|0.37|-0.42|0.32|-0.00|0.01|0.00|0.24|-0.81|-0.28|-0.66|-1.10|-0.93|-0.22|-0.14|0.29|0.50|-0.12|-0.37
0.29|-0.33|0.49|-1.10|1.11|0.49|-0.12|-1.13|-0.06|0.98|0.08|-0.94|0.01|-0.01|-0.04|-0.27|-0.75|0.23|-0.21|0.07|0.52|0.37|-0.76|0.29|0.07|0.94|0.38
------ Dim separator ------
0.33|-0.32|-0.35|-1.58|0.86|0.35|0.17|-0.16|-0.12|0.37|-0.06|0.20|0.02|0.01|-0.03|-0.54|-0.39|-0.76|-1.41|0.51|-0.31|-0.09|1.23|-0.82|0.40|0.49|-0.16
-0.09|0.19|-0.26|0.53|-0.48|-0.57|0.01|-0.18|-0.59|0.33|-0.42|-0.05|0.01|-0.00|-0.00|-0.04|0.33|0.26|-0.07|-0.23|0.53|-0.14|0.23|0.03|-0.07|1.22|0.22
0.54|0.15|-0.55|0.87|0.53|0.06|0.20|0.16|0.08|-0.25|0.05|0.07|-0.00|-0.00|-0.02|0.08|0.21|0.01|0.89|0.59|-0.60|0.22|0.17|0.67|0.28|-0.38|-0.11
1.11|0.23|0.02|-0.26|0.27|-0.07|0.66|-0.32|0.23|-0.38|-0.21|0.03|-0.01|-0.00|0.01|0.94|-0.31|-0.12|0.63|-0.15|-0.12|-0.13|-0.41|-0.34|-0.41|-0.07|-0.37
1.17|-0.20|-1.02|-1.31|-0.11|0.79|-0.36|0.51|0.03|-0.69|1.18|0.29|-0.02|0.00|0.01|0.81|-0.06|-0.10|-0.97|0.20|0.44|-0.94|0.26|0.30|1.34|-0.21|0.37
------ Dim separator ------
-0.70|0.93|0.13|0.48|0.35|-1.00|0.96|0.76|-0.60|-0.39|0.46|0.16|-0.01|0.00|-0.01|-0.31|0.19|-0.06|-0.42|-0.63|-0.16|-0.32|-0.02|-1.36|0.74|-0.24|0.24
-0.67|-0.34|-1.14|0.08|0.28|-0.16|0.85|0.04|0.04|0.50|-0.77|-0.80|-0.01|-0.04|-0.00|0.02|0.39|0.34|-0.11|-0.40|-0.75|-0.48|-0.77|-0.55|-0.26|0.23|0.04
0.52|0.13|-0.29|0.78|-0.47|-0.20|-0.06|-0.31|-0.70|-0.28|1.25|0.15|0.03|0.02|-0.02|-0.06|0.26|0.16|0.66|-0.05|-0.47|0.46|0.78|-0.03|1.23|-0.26|0.16
0.70|0.70|-0.05|0.30|-0.17|0.16|-0.42|-0.18|-0.91|0.21|-0.09|0.05|0.10|0.01|0.01|0.09|-0.01|0.07|0.94|0.40|0.20|-0.29|-0.18|0.82|-1.38|0.01|1.16
0.73|0.23|0.37|-0.46|-0.21|-0.34|0.26|-1.11|0.27|-0.24|-0.74|0.96|0.01|0.01|0.00|-1.00|-0.85|-0.62|-0.17|-0.05|0.34|0.13|-0.65|-0.09|0.44|0.22|-0.68
