------ Dim separator ------
0.64|-0.18|0.10|-0.47|-0.19|-0.18|-0.88|-0.25|-0.09|-0.23|-0.05|0.03|-0.01|0.00|-0.02|0.41|-0.40|0.31|-0.50|0.73|-0.93|0.12|-0.15|0.60|0.85|0.10|-0.95
0.01|0.60|-0.41|0.36|-0.05|-0.04|0.05|-0.27|0.26|-0.64|-1.08|-1.08|0.00|0.01|0.00|0.13|-0.53|0.81|0.62|0.60|0.88|-0.60|-0.08|0.65|0.37|0.48|-0.13
0.74|-0.36|-0.15|0.74|-0.20|-0.17|-0.30|0.21|-0.02|-0.19|-0.07|0.16|0.98|0.00|0.02|-0.00|0.00|0.01|1.00|0.75|0.12|-0.76|-0.16|0.51|0.02|-0.92|-0.05
0.14|0.79|0.44|-0.17|0.35|0.48|0.42|-0.03|-0.03|-0.50|-0.50|1.00|0.01|-0.01|-0.01|-0.71|0.05|-0.02|-0.40|0.20|-0.07|0.23|0.21|-0.31|-1.07|0.93|1.33
0.11|-0.10|-0.42|-0.21|0.86|0.42|-0.07|-0.24|0.32|-0.46|0.59|0.40|0.00|-0.00|-0.01|0.52|-0.00|0.43|-0.15|-0.30|-0.54|0.42|0.29|-1.00|1.17|0.44|-0.12
------ Dim separator ------
0.86|0.06|0.35|0.77|0.48|0.05|0.61|0.50|0.11|0.13|-0.04|-0.16|0.02|-0.01|-0.02|0.83|0.23|0.26|-0.83|-0.19|0.77|0.18|-0.52|-0.33|0.71|0.09|0.49
0.80|-0.14|0.08|-0.47|-0.07|-0.71|-0.06|-0.46|-0.12|-0.02|-0.35|-0.19|0.01|0.01|-0.01|-0.19|-0.44|0.80|-0.26|-0.91|0.58|0.19|-0.56|0.47|-0.52|0.12|0.56
0.17|-0.61|-0.34|0.81|0.02|0.40|0.46|-0.16|-0.36|-0.79|0.66|-1.14|0.02|-0.03|0.00|0.12|-0.30|-0.13|0.91|0.13|0.01|-0.11|1.00|-0.02|-0.06|0.99|0.00
0.68|0.35|0.59|0.07|0.87|-0.34|0.67|0.56|-0.02|0.27|-0.25|0.46|1.00|-0.01|-0.02|-0.00|-0.01|0.00|1.00|-0.25|-0.39|-0.08|-0.35|0.48|-0.56|1.22|0.78
-0.33|0.54|1.44|0.49|0.62|-0.67|-0.41|-0.03|-0.37|-0.31|0.20|-0.55|0.02|-0.05|-0.01|-0.46|-0.26|0.03|-0.39|-1.75|-0.65|-0.10|0.36|-0.05|-0.20|0.04|-0.26
------ Dim separator ------
0.51|-0.79|-0.96|0.87|0.01|0.02|0.17|-0.64|-0.62|0.21|0.64|0.17|0.01|0.03|0.02|-0.22|-0.19|-0.59|-0.18|0.44|-0.10|0.11|0.44|-0.27|-1.31|-0.05|-0.20
0.42|-0.19|-0.22|-0.33|-0.02|-0.31|0.33|-0.11|0.61|-0.16|0.38|-0.46|-0.01|-0.01|-0.04|1.02|0.62|0.17|-0.20|-0.58|-0.04|-0.27|-0.11|0.27|0.32|-0.42|-0.68
-0.30|0.33|0.81|0.68|0.18|0.27|-0.12|0.08|-0.17|-0.23|-0.15|0.16|0.00|-0.03|-0.02|0.68|-0.33|0.64|0.30|-0.17|1.06|-0.34|0.85|0.67|0.39|-0.31|0.23
-1.47|0.79|0.51|0.27|-0.52|0.92|0.80|0.04|0.38|0.56|-0.58|0.55|0.01|0.02|-0.00|0.16|-0.59|-0.23|-0.30|-0.96|-0.71|-0.56|0.08|-0.20|0.67|-0.17|-0.14
0.03|-0.42|0.31|-1.32|1.18|0.39|-0.31|-1.04|0.04|0.79|0.20|-0.68|0.01|0.01|0.01|-0.50|-0.64|0.05|-0.29|0.04|0.51|0.29|-0.92|0.46|0.19|0.90|0.37
------ Dim separator ------
0.15|-0.09|-0.42|-1.22|0.70|0.45|0.09|-0.30|0.00|0.13|-0.39|0.10|0.00|-0.04|-0.02|-0.39|-0.34|-0.87|-1.46|0.36|-0.13|-0.15|1.16|-0.97|0.05|0.65|-0.00
-0.09|0.25|-0.14|0.46|-0.41|-0.56|-0.05|0.00|-0.25|0.38|-0.22|-0.04|0.02|-0.01|0.02|-0.12|0.26|0.12|-0.22|-0.25|0.72|-0.23|0.52|0.01|-0.03|1.03|-0.07
0.57|0.17|-0.34|0.78|0.35|0.05|0.39|0.45|-0.12|-0.17|0.27|0.29|1.01|-0.01|0.00|-0.01|-0.00|0.00|1.00|0.95|-0.83|0.30|0.29|0.80|0.41|-0.50|-0.09
1.10|-0.08|-0.18|-0.24|0.55|-0.12|0.83|-0.45|0.12|-0.31|-0.38|0.14|0.01|-0.00|0.01|0.72|-0.07|0.20|0.60|-0.02|-0.06|-0.54|-0.45|-0.30|-0.04|0.08|-0.32
1.33|-0.27|-1.23|-1.11|-0.05|0.82|-0.51|0.80|0.23|-0.72|1.35|0.41|-0.04|0.01|-0.00|0.97|-0.25|-0.59|-1.19|0.18|0.50|-0.80|0.20|0.05|1.38|0.14|0.54
------ Dim separator ------
-0.49|1.19|0.30|0.26|0.30|-1.28|0.89|0.63|-0.40|-0.50|0.53|0.03|-0.00|-0.00|0.01|-0.29|0.45|0.27|-0.25|-0.67|-0.14|-0.49|-0.04|-1.30|0.80|-0.18|0.22
-0.83|-0.08|-1.32|0.00|-0.04|0.04|0.89|0.17|0.33|0.50|-0.76|-0.52|-0.04|-0.01|0.01|0.03|0.17|0.80|0.19|-0.39|-0.79|-0.38|-0.70|-0.57|-0.07|0.20|-0.03
0.45|0.28|-0.21|0.70|-0.47|-0.10|-0.25|-0.21|-0.61|-0.14|1.41|0.21|1.01|-0.00|0.00|-0.00|-0.00|-0.01|1.00|-0.03|-0.50|0.45|0.89|0.04|1.30|-0.05|0.17
0.77|0.70|0.19|0.03|-0.16|0.06|-0.31|-0.05|-0.98|0.24|-0.10|0.04|0.08|0.01|0.03|0.15|-0.03|-0.09|1.19|0.23|0.09|-0.14|-0.21|0.80|-1.46|0.31|1.37
0.69|0.22|0.58|-0.26|-0.01|-0.43|0.36|-0.83|0.10|-0.59|-0.66|0.91|-0.01|0.03|-0.00|-0.68|-0.83|-0.86|-0.11|-0.10|0.28|0.35|-0.71|-0.11|0.66|0.17|-0.55
