------ Dim separator ------
0.46|0.15|0.25|-0.29|-0.14|-0.14|-0.78|-0.42|-0.31|-0.33|-0.10|0.22|-0.03|0.00|0.01|0.36|-0.31|0.59|-0.36|0.63|-0.83|0.18|-0.12|0.84|0.99|0.13|-0.98
0.28|0.62|-0.12|0.10|-0.01|-0.11|0.31|-0.22|0.35|-0.56|-0.98|-0.81|0.00|-0.03|-0.01|0.17|-0.52|0.93|0.64|0.41|0.78|-0.41|-0.15|0.65|0.41|0.25|-0.16
0.82|-0.56|-0.22|0.74|0.07|-0.20|-0.17|0.10|0.23|0.12|0.03|0.13|0.04|-0.01|-0.01|-0.30|-0.31|-0.18|0.81|0.72|0.09|-0.67|0.05|0.46|-0.31|-0.99|-0.13
-0.24|0.75|0.86|-0.26|0.48|0.21|0.36|-0.06|0.02|-0.39|-0.26|1.04|-0.00|0.01|0.02|-0.55|0.03|-0.06|-0.29|0.18|-0.02|0.23|0.22|-0.42|-1.16|0.92|1.24
0.17|-0.19|-0.44|-0.28|0.87|0.42|-0.09|-0.39|0.25|-0.70|0.44|0.57|-0.01|0.01|0.01|0.53|-0.10|0.46|-0.01|-0.16|-0.69|0.48|0.27|-0.97|0.70|0.52|-0.26
------ Dim separator ------
0.79|0.11|0.15|0.64|0.13|-0.24|0.41|0.53|0.13|-0.14|-0.22|-0.08|-0.04|0.00|0.00|0.86|0.40|0.33|-0.79|-0.22|0.88|-0.11|-0.49|-0.43|0.56|0.16|0.44
0.88|-0.37|0.12|-0.22|-0.00|-0.71|0.30|-0.30|-0.38|0.01|-0.31|-0.22|-0.02|-0.02|0.00|0.04|-0.47|0.71|-0.26|-0.86|0.71|-0.00|-0.48|0.31|-0.40|0.02|0.67
0.41|-0.35|-0.39|0.78|-0.01|0.44|0.45|-0.19|-0.00|-0.63|0.66|-0.96|-0.02|0.03|0.00|0.20|-0.09|-0.28|0.59|0.06|-0.02|-0.18|0.92|-0.31|0.09|1.04|-0.05
0.74|0.28|0.40|0.00|1.04|-0.08|0.63|0.58|-0.16|0.14|-0.57|0.56|0.09|-0.01|0.00|0.09|0.03|-0.21|0.94|-0.31|-0.33|-0.04|-0.41|0.58|-0.44|1.02|0.91
-0.04|0.41|1.21|0.45|0.58|-0.88|-0.40|-0.08|-0.26|-0.24|0.10|-0.42|-0.01|0.05|0.01|-0.28|-0.07|-0.08|-0.53|-1.46|-0.82|-0.17|0.35|0.03|-0.01|0.19|-0.46
------ Dim separator ------
0.41|-0.59|-0.96|0.79|0.11|0.13|0.05|-0.62|-0.62|0.10|0.39|-0.06|-0.01|-0.02|-0.01|-0.10|-0.26|-0.65|-0.40|0.57|-0.15|0.20|0.17|-0.61|-1.32|0.03|-0.27
0.51|-0.01|-0.32|-0.41|-0.17|-0.20|0.39|-0.01|0.61|-0.09|0.48|-0.28|0.01|0.02|0.04|0.91|0.61|0.18|-0.36|-0.20|-0.04|-0.11|-0.05|0.14|0.30|-0.40|-0.69
-0.19|0.30|0.58|0.99|0.37|0.38|0.19|0.20|-0.08|-0.29|-0.05|-0.01|0.00|0.05|0.03|0.51|-0.19|0.62|0.36|-0.57|1.09|-0.57|0.99|0.78|0.14|-0.33|0.45
-1.39|0.67|0.29|0.26|-0.49|0.68|0.53|0.17|0.16|0.32|-0.57|0.54|0.01|-0.02|0.01|0.38|-0.78|-0.33|-0.43|-0.86|-0.69|-0.26|-0.12|-0.02|0.64|-0.24|-0.14
0.24|-0.16|0.35|-1.15|1.01|0.31|-0.27|-1.11|-0.05|0.99|0.25|-0.69|0.01|-0.01|0.03|-0.31|-0.91|0.25|-0.30|0.07|0.43|0.06|-0.81|0.30|0.11|0.86|0.30
------ Dim separator ------
0.06|-0.27|-0.39|-1.38|0.64|0.36|0.03|-0.04|-0.03|0.28|-0.20|0.20|-0.02|0.02|0.03|-0.38|-0.35|-0.72|-1.34|0.50|-0.29|-0.16|1.11|-0.99|0.20|0.56|0.06
-0.01|0.36|-0.04|0.47|-0.41|-0.59|0.07|-0.06|-0.60|0.26|-0.30|-0.02|-0.02|0.02|-0.02|-0.17|0.27|0.19|-0.04|-0.18|0.55|-0.05|0.20|-0.05|-0.01|1.29|0.13
0.67|-0.01|-0.38|0.79|0.52|-0.17|0.36|0.37|-0.07|-0.17|-0.02|0.13|0.04|0.02|0.02|0.16|0.21|0.14|0.88|0.72|-0.81|0.25|0.09|0.79|0.28|-0.47|0.05
0.95|0.35|-0.11|-0.23|0.41|-0.24|0.64|-0.43|0.30|-0.53|-0.31|-0.09|-0.01|0.02|-0.01|1.02|-0.35|0.06|0.64|-0.17|-0.09|-0.23|-0.40|-0.45|-0.20|-0.31|-0.26
1.17|-0.14|-1.22|-1.23|-0.11|0.78|-0.51|0.52|0.03|-0.77|0.96|0.40|0.03|-0.02|-0.00|0.66|-0.04|-0.10|-1.02|0.36|0.27|-0.67|0.02|0.29|1.27|-0.18|0.38
------ Dim separator ------
-0.67|0.68|0.20|0.42|0.44|-1.14|1.03|0.60|-0.46|-0.29|0.37|0.04|0.01|0.00|-0.01|-0.58|0.22|-0.04|-0.47|-0.61|-0.20|-0.43|-0.15|-1.27|0.67|-0.17|0.27
-0.73|-0.22|-1.10|0.16|0.09|-0.24|0.63|-0.06|-0.03|0.63|-0.81|-0.75|0.03|0.03|-0.01|0.06|0.44|0.36|-0.04|-0.36|-0.79|-0.41|-0.58|-0.33|-0.14|0.18|-0.19
0.45|0.13|-0.28|0.69|-0.29|-0.06|-0.17|-0.24|-0.58|-0.10|1.04|0.04|0.01|-0.00|0.02|0.02|0.22|0.09|0.70|-0.14|-0.44|0.32|0.89|0.10|1.17|-0.09|0.19
0.88|0.67|-0.02|0.34|-0.02|0.23|-0.55|-0.18|-0.87|0.36|-0.01|0.04|0.94|-0.02|-0.01|-0.01|0.01|-0.00|1.00|0.54|0.02|-0.14|-0.31|0.67|-1.41|0.24|1.15
0.76|0.10|0.30|-0.40|-0.27|-0.42|0.38|-0.81|0.40|-0.40|-0.74|0.93|0.00|-0.01|0.02|-0.81|-0.86|-0.70|-0.24|0.02|0.33|0.09|-0.67|-0.19|0.64|0.13|-0.67
