------ Dim separator ------
0.46|0.16|0.25|-0.30|-0.14|-0.14|-0.78|-0.42|-0.31|-0.33|-0.11|0.23|-0.03|0.01|0.01|0.36|-0.32|0.60|-0.36|0.63|-0.84|0.19|-0.12|0.84|1.00|0.13|-0.99
0.28|0.61|-0.13|0.10|-0.01|-0.11|0.31|-0.22|0.35|-0.56|-0.98|-0.81|0.00|-0.03|-0.01|0.17|-0.52|0.94|0.64|0.42|0.78|-0.41|-0.15|0.66|0.41|0.25|-0.15
0.82|-0.56|-0.22|0.75|0.07|-0.20|-0.17|0.10|0.23|0.13|0.03|0.13|0.03|-0.00|-0.01|-0.31|-0.30|-0.18|0.81|0.73|0.09|-0.67|0.06|0.46|-0.31|-1.00|-0.13
-0.24|0.76|0.86|-0.26|0.49|0.21|0.36|-0.05|0.02|-0.39|-0.26|1.05|-0.00|0.01|0.02|-0.55|0.03|-0.06|-0.29|0.18|-0.03|0.24|0.22|-0.42|-1.17|0.92|1.24
0.17|-0.20|-0.44|-0.28|0.87|0.43|-0.09|-0.40|0.25|-0.70|0.44|0.56|-0.00|0.01|0.01|0.53|-0.10|0.46|-0.01|-0.16|-0.70|0.49|0.28|-0.97|0.70|0.53|-0.26
------ Dim separator ------
0.79|0.11|0.15|0.64|0.13|-0.24|0.41|0.53|0.13|-0.15|-0.22|-0.09|-0.03|0.00|-0.00|0.86|0.40|0.34|-0.80|-0.22|0.88|-0.11|-0.49|-0.43|0.56|0.15|0.45
0.89|-0.38|0.12|-0.21|0.00|-0.71|0.31|-0.31|-0.39|0.00|-0.31|-0.22|-0.02|-0.02|0.01|0.04|-0.48|0.72|-0.26|-0.86|0.72|-0.01|-0.48|0.31|-0.40|0.03|0.68
0.42|-0.35|-0.39|0.79|-0.01|0.45|0.44|-0.19|-0.00|-0.63|0.66|-0.96|-0.02|0.03|-0.00|0.20|-0.09|-0.28|0.59|0.06|-0.02|-0.18|0.93|-0.31|0.08|1.05|-0.05
0.74|0.28|0.40|0.00|1.05|-0.07|0.63|0.59|-0.16|0.13|-0.58|0.57|0.08|-0.01|0.00|0.09|0.03|-0.21|0.95|-0.31|-0.33|-0.04|-0.42|0.59|-0.44|1.03|0.92
-0.04|0.41|1.21|0.46|0.59|-0.88|-0.40|-0.08|-0.25|-0.24|0.09|-0.41|-0.01|0.04|0.01|-0.29|-0.07|-0.08|-0.54|-1.47|-0.83|-0.18|0.35|0.03|-0.01|0.20|-0.47
------ Dim separator ------
0.42|-0.59|-0.96|0.79|0.11|0.13|0.06|-0.62|-0.63|0.10|0.40|-0.06|-0.01|-0.02|-0.01|-0.10|-0.26|-0.64|-0.40|0.58|-0.15|0.20|0.17|-0.62|-1.32|0.03|-0.26
0.51|-0.01|-0.32|-0.41|-0.17|-0.21|0.39|-0.01|0.61|-0.10|0.49|-0.28|0.00|0.01|0.04|0.91|0.61|0.18|-0.36|-0.20|-0.04|-0.11|-0.05|0.14|0.31|-0.40|-0.69
-0.18|0.30|0.58|1.00|0.37|0.38|0.20|0.20|-0.08|-0.30|-0.04|-0.01|0.00|0.05|0.03|0.51|-0.19|0.63|0.36|-0.58|1.10|-0.57|1.00|0.78|0.14|-0.34|0.46
-1.39|0.67|0.30|0.26|-0.50|0.68|0.54|0.17|0.16|0.31|-0.58|0.54|0.01|-0.01|0.01|0.39|-0.79|-0.34|-0.43|-0.86|-0.69|-0.26|-0.12|-0.02|0.64|-0.24|-0.14
0.23|-0.16|0.35|-1.15|1.01|0.31|-0.27|-1.12|-0.05|0.99|0.25|-0.69|0.01|-0.01|0.02|-0.31|-0.92|0.25|-0.31|0.07|0.44|0.05|-0.82|0.30|0.11|0.86|0.31
------ Dim separator ------
0.05|-0.27|-0.40|-1.39|0.64|0.37|0.03|-0.04|-0.03|0.28|-0.20|0.20|-0.02|0.02|0.02|-0.38|-0.36|-0.72|-1.35|0.51|-0.29|-0.16|1.12|-1.00|0.20|0.56|0.06
-0.01|0.36|-0.04|0.47|-0.41|-0.59|0.07|-0.06|-0.61|0.26|-0.30|-0.02|-0.02|0.02|-0.01|-0.17|0.27|0.20|-0.04|-0.19|0.56|-0.05|0.19|-0.05|-0.01|1.29|0.14
0.67|-0.01|-0.39|0.79|0.53|-0.17|0.36|0.37|-0.07|-0.17|-0.02|0.13|0.03|0.02|0.01|0.16|0.22|0.14|0.88|0.72|-0.81|0.25|0.08|0.79|0.28|-0.47|0.05
0.96|0.35|-0.11|-0.24|0.42|-0.24|0.64|-0.43|0.31|-0.54|-0.31|-0.10|-0.01|0.02|-0.01|1.02|-0.35|0.06|0.64|-0.17|-0.09|-0.23|-0.40|-0.45|-0.21|-0.32|-0.26
1.17|-0.14|-1.22|-1.24|-0.11|0.79|-0.51|0.52|0.03|-0.78|0.97|0.41|0.03|-0.01|-0.00|0.66|-0.04|-0.10|-1.03|0.36|0.26|-0.67|0.02|0.30|1.27|-0.18|0.38
------ Dim separator ------
-0.67|0.68|0.20|0.42|0.44|-1.14|1.03|0.60|-0.46|-0.29|0.37|0.05|0.01|0.00|-0.01|-0.59|0.23|-0.05|-0.47|-0.61|-0.19|-0.43|-0.15|-1.28|0.68|-0.17|0.27
-0.73|-0.23|-1.11|0.16|0.09|-0.24|0.62|-0.06|-0.04|0.64|-0.82|-0.75|0.03|0.03|-0.00|0.06|0.44|0.36|-0.04|-0.37|-0.80|-0.42|-0.57|-0.32|-0.14|0.18|-0.19
0.45|0.13|-0.28|0.69|-0.30|-0.06|-0.17|-0.25|-0.58|-0.10|1.05|0.04|0.01|-0.00|0.02|0.02|0.22|0.10|0.70|-0.14|-0.44|0.33|0.90|0.10|1.17|-0.09|0.19
0.88|0.68|-0.01|0.34|-0.02|0.23|-0.55|-0.18|-0.87|0.36|-0.01|0.05|0.95|-0.02|-0.01|-0.01|0.01|0.00|1.00|0.54|0.01|-0.15|-0.32|0.68|-1.41|0.24|1.16
0.76|0.10|0.29|-0.40|-0.27|-0.42|0.38|-0.81|0.41|-0.40|-0.75|0.94|-0.00|-0.01|0.01|-0.81|-0.86|-0.70|-0.24|0.01|0.33|0.08|-0.68|-0.19|0.65|0.13|-0.68
