------ Dim separator ------
0.29|-0.14|0.23|-0.46|-0.18|-0.10|-0.80|-0.19|-0.47|-0.33|-0.24|-0.02|0.03|0.01|-0.00|0.24|-0.40|0.89|-0.42|0.66|-1.02|0.50|-0.00|0.70|1.13|0.20|-1.03
0.13|0.67|-0.13|0.16|-0.16|-0.07|0.28|-0.41|0.19|-0.77|-1.03|-0.96|-0.00|0.01|-0.00|0.12|-0.46|1.12|0.58|0.58|0.92|-0.53|0.24|0.45|0.41|0.14|-0.26
0.85|-0.66|-0.30|0.67|0.05|-0.26|-0.19|0.14|0.02|0.06|0.02|0.28|-0.03|-0.01|0.01|-0.50|-0.23|-0.18|0.82|0.91|0.10|-0.62|0.08|0.48|-0.26|-0.96|-0.36
-0.12|0.86|0.90|-0.30|0.48|0.02|0.39|-0.20|-0.01|-0.51|-0.38|1.15|-0.01|-0.00|0.01|-0.38|0.17|-0.01|-0.41|0.09|-0.07|0.08|0.22|-0.29|-1.06|0.61|1.61
0.25|-0.41|-0.57|-0.25|0.73|0.34|-0.10|-0.24|0.14|-0.66|0.43|0.46|0.01|-0.01|-0.03|0.67|-0.14|0.50|-0.11|-0.20|-0.59|0.42|0.02|-1.10|0.88|0.42|-0.34
------ Dim separator ------
0.75|0.11|0.30|0.63|0.21|-0.18|0.53|0.41|-0.07|-0.22|-0.39|-0.12|0.02|-0.00|0.01|0.75|0.33|0.24|-0.82|-0.22|1.09|-0.23|-0.64|-0.44|0.60|-0.04|0.26
0.93|-0.34|0.17|-0.36|0.19|-0.78|0.38|-0.15|-0.30|-0.12|-0.26|-0.17|0.02|0.04|-0.01|0.21|-0.46|0.70|-0.39|-0.95|0.75|0.07|-0.57|0.26|-0.40|0.20|0.75
0.32|-0.48|-0.35|0.81|0.16|0.42|0.56|-0.19|-0.05|-0.48|0.60|-1.01|0.05|-0.02|0.02|0.29|-0.09|-0.07|0.79|0.09|-0.06|-0.23|0.79|-0.33|-0.16|0.95|-0.11
0.70|0.41|0.42|-0.06|1.14|-0.22|0.71|0.57|-0.25|0.21|-0.48|0.57|-0.02|0.00|0.01|0.05|0.15|-0.18|0.99|-0.48|-0.34|-0.11|-0.50|0.60|-0.58|1.03|0.92
-0.15|0.34|1.27|0.54|0.54|-0.90|-0.41|-0.10|-0.42|-0.25|0.33|-0.31|-0.01|-0.03|-0.01|-0.31|-0.16|0.09|-0.33|-1.39|-0.61|-0.05|0.35|0.09|0.02|0.12|-0.43
------ Dim separator ------
0.35|-0.61|-0.88|0.95|0.08|0.11|0.01|-0.70|-0.84|-0.14|0.42|0.17|0.01|0.00|0.01|-0.07|-0.36|-0.50|-0.50|0.62|-0.07|0.25|0.12|-0.54|-1.41|-0.02|-0.43
0.46|0.12|-0.28|-0.56|-0.14|-0.20|0.40|-0.03|0.62|-0.21|0.51|-0.60|0.01|-0.01|-0.02|0.91|0.62|0.28|-0.22|-0.24|0.02|-0.07|-0.06|0.31|0.18|-0.49|-0.79
-0.08|0.22|0.54|0.92|0.23|0.47|-0.07|0.30|-0.09|-0.24|-0.00|0.08|-0.00|-0.05|-0.03|0.38|-0.36|0.79|0.38|-0.65|1.09|-0.51|0.99|0.80|0.18|-0.51|0.34
-1.48|0.64|0.31|0.10|-0.58|0.78|0.62|0.10|0.22|0.37|-0.41|0.32|-0.00|0.01|0.00|0.25|-0.82|-0.28|-0.66|-1.10|-0.94|-0.22|-0.15|0.29|0.50|-0.12|-0.37
0.29|-0.33|0.50|-1.11|1.12|0.50|-0.12|-1.13|-0.06|0.98|0.08|-0.94|0.01|-0.01|-0.04|-0.28|-0.75|0.24|-0.21|0.07|0.52|0.37|-0.77|0.29|0.07|0.94|0.39
------ Dim separator ------
0.33|-0.33|-0.35|-1.58|0.86|0.36|0.17|-0.16|-0.11|0.37|-0.06|0.20|0.01|0.00|-0.02|-0.54|-0.40|-0.77|-1.42|0.51|-0.32|-0.10|1.24|-0.83|0.41|0.50|-0.16
-0.09|0.19|-0.26|0.53|-0.48|-0.58|0.01|-0.18|-0.59|0.34|-0.42|-0.05|0.02|-0.01|-0.00|-0.04|0.33|0.27|-0.08|-0.23|0.54|-0.14|0.24|0.03|-0.07|1.22|0.22
0.53|0.15|-0.56|0.87|0.53|0.06|0.20|0.16|0.08|-0.25|0.06|0.07|-0.00|-0.00|-0.02|0.08|0.21|0.01|0.90|0.59|-0.60|0.22|0.17|0.68|0.28|-0.39|-0.11
1.12|0.23|0.01|-0.26|0.27|-0.07|0.66|-0.32|0.23|-0.38|-0.21|0.02|-0.01|-0.00|0.01|0.94|-0.31|-0.13|0.63|-0.15|-0.12|-0.14|-0.42|-0.34|-0.42|-0.07|-0.37
1.17|-0.20|-1.03|-1.31|-0.11|0.80|-0.36|0.52|0.04|-0.69|1.19|0.29|-0.02|0.00|0.01|0.82|-0.06|-0.10|-0.97|0.20|0.44|-0.94|0.26|0.30|1.35|-0.22|0.38
------ Dim separator ------
-0.70|0.94|0.13|0.49|0.36|-1.00|0.96|0.76|-0.60|-0.39|0.46|0.16|-0.01|-0.00|-0.00|-0.31|0.19|-0.06|-0.41|-0.63|-0.15|-0.32|-0.02|-1.37|0.74|-0.23|0.24
-0.67|-0.34|-1.15|0.08|0.28|-0.16|0.86|0.04|0.03|0.50|-0.77|-0.80|-0.01|-0.04|0.00|0.02|0.39|0.34|-0.11|-0.41|-0.76|-0.48|-0.77|-0.55|-0.26|0.24|0.04
0.53|0.13|-0.29|0.78|-0.47|-0.20|-0.07|-0.31|-0.72|-0.28|1.26|0.16|0.03|0.02|-0.01|-0.06|0.26|0.16|0.66|-0.05|-0.47|0.47|0.78|-0.03|1.23|-0.26|0.15
0.70|0.71|-0.05|0.30|-0.18|0.16|-0.41|-0.19|-0.90|0.21|-0.09|0.05|0.09|0.01|0.01|0.09|-0.01|0.07|0.94|0.40|0.19|-0.30|-0.19|0.83|-1.38|0.00|1.17
0.73|0.23|0.37|-0.46|-0.20|-0.34|0.26|-1.12|0.28|-0.24|-0.74|0.97|0.01|0.01|0.00|-1.00|-0.86|-0.63|-0.17|-0.05|0.34|0.13|-0.66|-0.09|0.45|0.22|-0.68
