------ Dim separator ------
0.64|-0.18|0.10|-0.48|-0.20|-0.18|-0.88|-0.25|-0.08|-0.23|-0.05|0.04|-0.01|-0.00|-0.01|0.41|-0.41|0.32|-0.50|0.73|-0.94|0.12|-0.14|0.60|0.85|0.10|-0.96
0.01|0.60|-0.42|0.36|-0.05|-0.04|0.05|-0.28|0.26|-0.64|-1.09|-1.09|0.00|0.01|0.00|0.13|-0.53|0.82|0.62|0.61|0.88|-0.60|-0.08|0.66|0.37|0.48|-0.13
0.74|-0.36|-0.15|0.74|-0.20|-0.17|-0.30|0.21|-0.02|-0.19|-0.07|0.16|0.99|-0.00|0.02|0.00|0.00|0.01|1.00|0.75|0.11|-0.76|-0.16|0.52|0.02|-0.93|-0.05
0.15|0.80|0.44|-0.17|0.36|0.49|0.42|-0.03|-0.02|-0.51|-0.50|1.01|0.01|-0.02|-0.01|-0.71|0.05|-0.02|-0.40|0.20|-0.08|0.23|0.22|-0.31|-1.07|0.94|1.34
0.11|-0.10|-0.42|-0.21|0.85|0.42|-0.06|-0.24|0.32|-0.46|0.59|0.40|0.01|-0.00|-0.00|0.52|0.00|0.43|-0.15|-0.30|-0.56|0.42|0.29|-1.01|1.17|0.44|-0.12
------ Dim separator ------
0.87|0.05|0.35|0.78|0.48|0.05|0.61|0.49|0.12|0.13|-0.04|-0.15|0.02|-0.01|-0.01|0.84|0.23|0.26|-0.83|-0.19|0.77|0.19|-0.53|-0.34|0.71|0.09|0.50
0.81|-0.13|0.07|-0.47|-0.07|-0.71|-0.06|-0.47|-0.12|-0.02|-0.35|-0.19|0.01|0.01|-0.01|-0.19|-0.44|0.81|-0.26|-0.91|0.59|0.19|-0.57|0.47|-0.52|0.12|0.57
0.17|-0.62|-0.34|0.81|0.02|0.40|0.46|-0.16|-0.36|-0.79|0.66|-1.15|0.02|-0.02|-0.00|0.12|-0.30|-0.13|0.91|0.13|0.01|-0.10|1.00|-0.01|-0.06|1.00|0.00
0.68|0.36|0.60|0.07|0.87|-0.34|0.67|0.56|-0.02|0.27|-0.25|0.47|1.00|-0.01|-0.02|-0.00|-0.01|0.00|1.00|-0.26|-0.39|-0.09|-0.35|0.48|-0.56|1.22|0.78
-0.33|0.55|1.45|0.49|0.62|-0.67|-0.41|-0.03|-0.37|-0.31|0.19|-0.55|0.01|-0.04|-0.01|-0.46|-0.26|0.03|-0.39|-1.76|-0.65|-0.10|0.36|-0.05|-0.20|0.04|-0.27
------ Dim separator ------
0.52|-0.79|-0.97|0.88|0.02|0.02|0.17|-0.64|-0.62|0.21|0.65|0.17|0.01|0.02|0.02|-0.23|-0.19|-0.59|-0.17|0.44|-0.10|0.11|0.44|-0.27|-1.32|-0.05|-0.19
0.43|-0.19|-0.22|-0.33|-0.01|-0.32|0.33|-0.11|0.61|-0.16|0.38|-0.46|-0.01|-0.01|-0.03|1.02|0.63|0.17|-0.20|-0.58|-0.04|-0.28|-0.12|0.28|0.32|-0.42|-0.68
-0.30|0.33|0.82|0.69|0.18|0.27|-0.13|0.08|-0.18|-0.23|-0.15|0.16|0.01|-0.02|-0.02|0.69|-0.33|0.65|0.30|-0.17|1.07|-0.34|0.85|0.67|0.38|-0.32|0.23
-1.48|0.80|0.52|0.27|-0.52|0.93|0.80|0.04|0.38|0.56|-0.58|0.56|0.01|0.02|-0.00|0.16|-0.60|-0.23|-0.31|-0.96|-0.71|-0.56|0.08|-0.20|0.67|-0.17|-0.14
0.03|-0.42|0.31|-1.33|1.18|0.39|-0.31|-1.05|0.04|0.79|0.20|-0.68|0.00|0.01|0.00|-0.51|-0.64|0.05|-0.29|0.04|0.51|0.28|-0.93|0.47|0.19|0.90|0.38
------ Dim separator ------
0.15|-0.09|-0.42|-1.22|0.70|0.46|0.09|-0.30|0.01|0.13|-0.38|0.10|-0.00|-0.03|-0.02|-0.40|-0.34|-0.87|-1.46|0.37|-0.12|-0.16|1.17|-0.97|0.05|0.66|-0.00
-0.09|0.24|-0.14|0.46|-0.40|-0.57|-0.05|0.00|-0.24|0.38|-0.22|-0.04|0.02|-0.00|0.01|-0.12|0.27|0.12|-0.23|-0.25|0.73|-0.23|0.53|0.00|-0.03|1.03|-0.07
0.57|0.17|-0.35|0.78|0.35|0.04|0.39|0.44|-0.12|-0.17|0.27|0.30|1.01|-0.01|-0.00|-0.01|-0.00|0.00|1.00|0.95|-0.84|0.31|0.29|0.81|0.41|-0.50|-0.09
1.11|-0.08|-0.18|-0.24|0.56|-0.12|0.83|-0.45|0.12|-0.31|-0.38|0.13|0.01|-0.00|0.01|0.72|-0.07|0.20|0.61|-0.02|-0.06|-0.55|-0.46|-0.30|-0.04|0.08|-0.32
1.33|-0.28|-1.24|-1.11|-0.05|0.82|-0.51|0.80|0.23|-0.73|1.37|0.42|-0.03|0.01|-0.00|0.98|-0.26|-0.59|-1.19|0.18|0.50|-0.80|0.20|0.06|1.38|0.14|0.54
------ Dim separator ------
-0.49|1.20|0.30|0.26|0.30|-1.29|0.89|0.64|-0.40|-0.51|0.53|0.04|-0.00|-0.01|0.01|-0.30|0.46|0.27|-0.24|-0.67|-0.14|-0.49|-0.05|-1.32|0.80|-0.18|0.22
-0.84|-0.08|-1.33|0.00|-0.05|0.03|0.90|0.17|0.32|0.50|-0.76|-0.53|-0.03|-0.01|0.01|0.03|0.16|0.81|0.19|-0.39|-0.79|-0.38|-0.70|-0.57|-0.07|0.21|-0.03
0.45|0.29|-0.21|0.70|-0.48|-0.11|-0.25|-0.21|-0.61|-0.14|1.42|0.21|1.01|-0.00|0.00|-0.00|-0.01|-0.01|1.00|-0.03|-0.50|0.45|0.89|0.05|1.30|-0.05|0.16
0.76|0.70|0.20|0.02|-0.16|0.06|-0.30|-0.05|-0.98|0.24|-0.10|0.05|0.06|0.01|0.02|0.15|-0.03|-0.09|1.19|0.23|0.09|-0.14|-0.21|0.81|-1.46|0.32|1.37
0.69|0.22|0.59|-0.25|0.00|-0.43|0.36|-0.84|0.10|-0.60|-0.66|0.92|-0.01|0.02|-0.00|-0.68|-0.84|-0.86|-0.11|-0.10|0.28|0.36|-0.71|-0.11|0.66|0.17|-0.56
