------ Dim separator ------
0.46|-0.45|0.19|-0.62|-0.15|-0.03|-0.67|-0.24|-0.39|-0.62|-0.06|-0.08|-0.00|-0.00|0.01|0.23|-0.48|0.53|-0.37|0.51|-0.90|0.20|-0.17|0.65|1.10|-0.00|-0.75
0.05|0.67|-0.18|0.34|-0.11|-0.22|0.20|-0.47|0.12|-0.94|-0.93|-1.05|0.01|0.00|0.01|0.25|-0.48|1.15|0.47|0.61|0.90|-0.69|0.34|0.23|0.37|0.10|-0.18
0.85|-0.46|-0.41|0.64|-0.16|-0.61|-0.29|0.36|-0.02|0.07|0.00|0.36|0.01|0.01|-0.02|-0.25|0.14|-0.31|0.87|1.00|0.09|-0.52|0.15|0.41|-0.10|-0.93|-0.25
0.04|0.70|1.00|-0.16|0.65|0.18|0.04|-0.28|0.25|-0.45|-0.32|1.18|-0.00|0.00|-0.01|-0.69|0.09|-0.07|-0.28|0.07|0.15|-0.21|0.02|-0.26|-0.85|0.58|1.42
0.26|-0.52|-0.38|-0.12|0.65|0.47|-0.08|-0.32|0.45|-0.75|0.52|0.59|0.01|0.00|0.01|0.83|0.03|0.47|-0.32|-0.06|-0.64|0.45|0.26|-0.99|0.81|0.47|-0.37
------ Dim separator ------
0.97|0.04|0.30|0.61|0.20|-0.08|0.52|0.60|0.03|-0.18|-0.40|-0.05|0.01|0.01|-0.00|0.89|0.54|0.39|-0.76|-0.31|1.13|-0.31|-0.73|-0.31|0.84|-0.34|0.12
0.89|-0.21|0.25|-0.26|0.36|-0.90|0.20|0.10|-0.20|-0.04|-0.34|-0.50|0.00|-0.01|0.01|0.30|-0.50|0.47|-0.24|-0.98|0.57|0.23|-0.27|0.26|-0.37|0.45|0.67
0.08|-0.42|-0.45|0.63|0.25|0.56|0.82|-0.14|-0.03|-0.78|0.73|-1.08|0.00|0.01|-0.01|0.24|-0.28|0.24|0.89|0.30|-0.15|-0.10|0.66|-0.28|0.05|1.20|-0.13
0.78|0.27|0.53|-0.19|0.74|-0.26|0.70|0.24|-0.48|0.29|-0.47|0.61|0.01|0.00|-0.01|-0.10|0.11|0.08|0.77|-0.60|-0.56|-0.18|-0.57|0.57|-0.58|0.93|0.60
-0.11|0.61|1.16|0.49|0.38|-0.96|-0.65|0.04|-0.47|-0.22|0.43|-0.10|-0.01|0.01|-0.00|-0.21|-0.39|0.08|-0.28|-1.41|-0.77|-0.18|0.29|-0.16|-0.14|-0.12|-0.41
------ Dim separator ------
0.31|-0.39|-0.58|1.09|0.07|-0.08|-0.04|-0.65|-0.88|-0.29|0.29|0.23|0.00|-0.02|-0.01|-0.23|-0.10|-0.57|-0.54|0.40|0.01|0.02|0.26|-0.08|-1.52|-0.02|-0.55
0.34|0.11|-0.22|-0.74|-0.23|-0.40|0.23|-0.03|0.51|-0.23|0.42|-0.50|-0.01|0.01|0.01|0.86|0.64|0.16|-0.04|-0.35|-0.01|0.04|0.06|0.63|0.19|-0.55|-0.67
-0.07|0.31|0.46|0.92|0.22|0.25|-0.02|0.02|-0.13|-0.06|0.06|0.12|0.01|0.01|0.02|0.16|-0.42|0.56|0.22|-0.53|1.11|-0.32|0.71|0.92|0.32|-0.63|0.17
-1.55|0.83|0.34|-0.01|-0.42|0.87|0.59|0.07|0.23|0.51|-0.63|0.46|-0.01|-0.01|-0.01|0.21|-0.59|-0.32|-0.63|-0.96|-0.69|-0.19|-0.10|0.55|0.53|-0.13|-0.07
0.23|-0.48|0.52|-1.33|1.55|0.42|0.10|-1.22|-0.04|0.81|0.14|-1.08|-0.01|0.01|0.01|-0.42|-0.88|0.17|-0.49|-0.17|0.56|0.29|-0.81|0.33|-0.06|1.00|-0.03
------ Dim separator ------
0.58|-0.44|-0.85|-1.40|0.77|0.40|0.13|-0.43|-0.35|0.09|0.04|0.29|-0.00|-0.01|0.01|-0.61|-0.62|-0.88|-1.40|0.22|-0.10|-0.22|1.29|-1.08|0.36|0.47|-0.11
-0.06|0.19|-0.21|0.61|-0.50|-0.25|-0.14|-0.31|-0.44|0.28|-0.52|-0.21|0.00|-0.00|-0.00|0.15|0.23|0.09|-0.00|-0.32|0.46|-0.20|0.36|0.21|-0.16|1.21|-0.17
0.45|0.21|-0.58|0.95|0.30|0.13|0.41|0.28|0.37|-0.40|0.32|-0.01|0.01|-0.00|-0.00|0.53|0.19|0.03|0.87|0.59|-0.61|0.40|0.17|0.93|0.35|-0.56|-0.26
0.93|-0.14|0.37|-0.41|0.38|-0.22|0.87|-0.35|0.33|-0.13|-0.35|0.07|0.00|-0.00|-0.01|0.78|-0.30|0.19|0.57|0.01|0.23|-0.23|-0.45|-0.21|0.09|-0.01|-0.31
1.15|-0.19|-0.96|-1.42|0.02|0.74|-0.33|0.53|0.04|-0.93|1.01|0.25|0.02|0.01|0.01|0.80|0.06|-0.11|-0.96|0.28|0.53|-0.91|0.28|0.37|1.29|-0.07|0.54
------ Dim separator ------
-0.35|1.13|0.44|0.65|0.66|-1.14|0.72|0.94|-0.57|-0.32|0.36|0.23|-0.00|-0.02|0.01|-0.04|0.39|0.22|-0.39|-0.46|-0.05|-0.54|0.03|-1.30|0.87|-0.21|0.24
-0.74|-0.24|-0.92|0.10|-0.00|-0.17|0.74|0.29|0.10|0.50|-0.99|-0.78|0.00|0.00|-0.00|-0.01|0.42|0.52|0.13|-0.19|-0.71|-0.45|-0.76|-0.60|-0.08|0.46|0.19
0.61|0.12|-0.16|0.79|-0.41|-0.19|-0.08|-0.34|-0.73|-0.16|0.94|0.19|1.00|0.00|0.01|0.01|1.00|-0.00|0.01|0.21|-0.59|0.18|0.57|-0.08|1.17|-0.30|0.47
0.72|0.63|-0.11|0.23|-0.36|-0.02|-0.11|-0.27|-0.85|0.29|-0.19|0.23|-0.03|-0.00|-0.01|0.40|0.12|0.14|0.95|0.24|0.41|-0.41|-0.25|0.75|-1.28|0.09|1.23
0.58|0.36|0.41|-0.29|-0.11|-0.24|0.33|-0.89|0.26|-0.32|-0.68|0.98|-0.00|-0.00|-0.03|-0.88|-1.03|-0.56|-0.29|-0.13|0.15|0.29|-0.63|-0.19|0.54|0.45|-0.73
