------ Dim separator ------
0.48|-0.45|-0.06|-0.46|-0.13|-0.18|-1.14|-0.45|-0.38|0.04|-0.43|0.41|-0.01|0.01|-0.00|0.29|-0.66|0.98|-0.63|0.96|-0.85|0.27|-0.11|0.45|1.43|0.13|-1.12
0.12|0.82|-0.20|0.53|-0.28|-0.35|-0.12|-0.18|0.37|-0.74|-1.06|-1.10|-0.00|0.01|-0.01|-0.25|-0.57|1.03|0.69|0.78|1.16|-0.56|-0.13|0.74|0.09|0.30|0.18
0.78|-0.48|-0.47|0.70|-0.04|-0.37|-0.40|-0.00|-0.39|-0.33|-0.24|0.60|0.01|-0.00|-0.01|-0.37|-0.22|0.18|1.12|0.83|0.34|-0.70|-0.21|0.52|-0.21|-0.61|-0.24
-0.25|1.01|0.76|-0.51|0.24|0.24|0.38|0.03|0.14|-0.40|-0.72|1.37|0.00|0.00|-0.01|-0.72|-0.04|-0.22|-0.63|-0.23|-0.40|0.20|0.60|-0.31|-1.15|0.59|1.91
0.19|-0.27|-0.47|-0.31|0.96|0.50|-0.55|-0.23|0.17|-0.70|0.60|0.23|0.00|0.00|0.01|0.67|-0.55|0.72|-0.11|-0.27|-0.36|0.62|-0.03|-1.55|1.48|0.19|-0.29
------ Dim separator ------
0.92|0.23|0.79|0.62|0.44|-0.22|0.79|0.36|0.08|-0.07|-0.55|-0.47|-0.00|0.00|-0.00|0.76|0.06|0.38|-1.04|-0.39|1.04|0.28|-0.81|-0.01|0.71|-0.18|0.80
0.71|-0.63|-0.01|-0.42|-0.03|-0.88|0.26|-0.17|-0.41|-0.26|-0.48|0.16|-0.00|0.00|0.01|-0.18|-0.60|0.81|-0.46|-0.88|0.47|0.09|-0.85|0.02|-0.25|0.16|0.93
0.20|-0.66|-0.42|0.93|-0.04|0.39|0.48|-0.52|-0.13|-0.18|0.53|-1.29|1.01|0.00|-0.00|-0.00|0.01|0.00|1.00|-0.04|0.02|-0.49|1.19|0.16|-0.44|0.82|0.06
0.14|0.29|0.61|0.36|1.30|0.05|0.46|0.32|-0.13|0.34|-0.27|0.65|1.02|0.01|0.00|0.01|-0.00|0.00|1.00|-0.28|0.11|-0.25|-0.25|0.09|-0.87|1.43|1.18
-0.23|0.02|1.38|0.71|1.02|-0.55|-0.37|0.02|-0.38|-0.22|-0.15|-0.60|-0.00|0.00|0.01|-0.67|0.11|-0.34|-0.38|-2.05|-0.41|-0.24|0.53|0.43|0.31|0.21|-0.56
------ Dim separator ------
0.43|-0.74|-1.03|1.09|-0.00|-0.29|0.28|-0.67|-0.57|-0.22|0.66|0.45|-0.00|-0.00|-0.01|0.19|-0.50|-0.66|-0.51|0.57|-0.26|0.28|0.36|-0.59|-1.29|-0.14|-0.43
0.42|-0.08|-0.26|-0.71|-0.14|-0.85|0.40|-0.06|0.45|-0.40|0.44|-0.63|-0.00|0.01|0.01|1.07|0.46|0.42|-0.42|-0.22|0.05|-0.50|-0.31|0.27|-0.16|-0.72|-1.03
0.10|0.30|1.00|0.69|0.34|0.42|-0.01|0.04|-0.37|-0.27|-0.07|-0.06|-0.01|0.01|0.01|0.38|-0.18|0.83|0.01|-0.41|0.89|-0.48|0.83|0.78|-0.00|-0.42|0.20
-1.47|0.84|0.66|-0.00|-0.54|1.35|0.82|0.35|0.46|0.06|-0.62|0.25|-0.00|-0.00|-0.00|0.49|-0.83|-0.14|-0.40|-0.95|-1.14|-0.46|0.78|-0.05|0.99|-0.39|-0.21
0.22|-0.49|0.50|-0.90|1.08|0.42|-0.16|-1.39|-0.22|0.89|0.20|-0.53|-0.01|0.00|-0.00|-0.34|-0.45|0.64|-0.53|0.12|0.58|0.61|-1.07|0.54|0.21|1.04|0.77
------ Dim separator ------
0.40|-0.41|-0.53|-1.65|0.96|0.08|0.24|-0.11|0.23|0.50|-0.14|0.40|0.00|0.00|-0.00|-0.48|-0.36|-0.47|-1.70|0.65|-0.04|-0.15|0.87|-0.78|0.39|0.58|-0.27
-0.20|-0.14|-0.52|0.40|-0.17|-0.93|-0.05|-0.31|-0.17|0.32|0.07|-0.20|-0.01|0.00|-0.01|-0.06|0.59|0.25|-0.15|-0.55|0.60|-0.31|0.30|0.14|-0.11|1.09|0.27
0.26|-0.04|-0.21|0.75|0.51|0.23|0.26|0.16|-0.09|-0.13|0.12|0.30|1.01|-0.00|-0.00|0.00|-0.00|0.00|1.00|0.61|-1.01|0.39|0.35|0.94|0.43|-0.23|-0.20
1.31|0.21|-0.37|-0.22|0.50|-0.12|0.67|-0.60|0.41|-0.43|-0.49|0.44|0.01|0.01|-0.00|0.98|-0.11|-0.03|0.81|-0.10|-0.11|-0.70|-0.27|-0.32|-0.38|0.24|-0.43
1.39|-0.61|-1.47|-0.91|-0.21|0.67|-0.18|0.67|0.25|-0.66|1.07|0.05|0.00|-0.00|0.00|0.70|-0.55|-0.43|-1.59|0.26|0.30|-1.16|0.24|0.15|1.49|-0.32|0.54
------ Dim separator ------
-0.20|1.07|0.22|0.60|0.27|-1.27|1.03|0.59|-0.48|-0.70|0.25|0.06|0.00|0.00|-0.00|-0.12|0.11|0.00|-0.30|-0.58|0.16|0.01|-0.43|-1.52|0.88|-0.39|0.33
-0.72|-0.17|-1.39|-0.32|0.21|0.15|0.92|0.03|0.23|0.85|-0.91|-0.95|0.01|0.01|-0.00|0.46|0.10|0.62|0.01|-0.47|-0.91|-0.55|-0.57|-0.83|-0.39|-0.24|0.04
0.60|0.21|-0.16|0.76|-0.52|-0.02|-0.25|-0.30|-0.74|-0.14|1.47|0.43|1.01|0.00|0.00|-0.00|0.00|0.00|1.00|-0.06|-0.16|0.70|0.99|-0.10|1.07|-0.06|-0.08
0.25|0.66|0.45|0.05|0.39|-0.06|-0.56|-0.18|-1.41|0.33|-0.05|0.07|0.99|0.00|-0.01|0.00|-0.00|-0.00|1.01|0.42|0.06|-0.17|-0.16|1.16|-1.32|0.19|1.56
1.10|0.50|0.31|-0.65|0.09|-0.33|0.08|-1.33|-0.04|-0.61|-0.77|0.89|0.01|-0.01|0.01|-0.98|-0.92|-0.51|0.19|-0.59|0.55|0.33|-0.70|0.00|0.62|0.38|-0.70
