------ Dim separator ------
0.46|0.16|0.25|-0.30|-0.15|-0.14|-0.78|-0.43|-0.31|-0.34|-0.10|0.23|-0.02|0.00|0.01|0.36|-0.32|0.60|-0.35|0.63|-0.84|0.19|-0.13|0.84|1.00|0.13|-0.99
0.29|0.62|-0.13|0.10|-0.01|-0.11|0.32|-0.22|0.36|-0.57|-0.99|-0.80|0.00|-0.02|-0.00|0.18|-0.52|0.95|0.65|0.42|0.78|-0.40|-0.15|0.66|0.41|0.25|-0.15
0.82|-0.57|-0.21|0.75|0.07|-0.20|-0.17|0.11|0.23|0.13|0.03|0.13|0.02|0.00|-0.01|-0.31|-0.30|-0.18|0.81|0.73|0.09|-0.66|0.05|0.45|-0.31|-1.01|-0.14
-0.24|0.76|0.88|-0.26|0.50|0.21|0.36|-0.05|0.02|-0.39|-0.25|1.06|-0.00|0.01|0.02|-0.55|0.03|-0.06|-0.28|0.19|-0.04|0.24|0.22|-0.43|-1.17|0.92|1.24
0.17|-0.20|-0.44|-0.29|0.87|0.43|-0.09|-0.40|0.25|-0.71|0.43|0.57|-0.01|0.01|0.01|0.53|-0.10|0.46|-0.01|-0.17|-0.72|0.49|0.28|-0.97|0.69|0.54|-0.27
------ Dim separator ------
0.80|0.10|0.15|0.64|0.12|-0.25|0.40|0.53|0.13|-0.15|-0.21|-0.07|-0.03|0.00|-0.00|0.87|0.41|0.34|-0.80|-0.22|0.88|-0.12|-0.49|-0.44|0.56|0.16|0.45
0.89|-0.38|0.12|-0.20|-0.00|-0.71|0.31|-0.32|-0.40|0.01|-0.32|-0.23|-0.02|-0.02|0.00|0.04|-0.48|0.72|-0.26|-0.87|0.73|-0.01|-0.48|0.31|-0.41|0.03|0.68
0.43|-0.34|-0.40|0.79|-0.01|0.46|0.44|-0.19|-0.00|-0.63|0.66|-0.96|-0.03|0.03|-0.00|0.20|-0.09|-0.28|0.59|0.06|-0.02|-0.17|0.93|-0.32|0.09|1.07|-0.06
0.75|0.27|0.40|-0.00|1.04|-0.07|0.64|0.59|-0.17|0.13|-0.59|0.57|0.05|-0.01|0.00|0.09|0.04|-0.21|0.95|-0.31|-0.34|-0.04|-0.43|0.59|-0.44|1.03|0.91
-0.04|0.41|1.21|0.45|0.59|-0.89|-0.41|-0.08|-0.25|-0.24|0.10|-0.41|-0.01|0.04|0.00|-0.28|-0.07|-0.08|-0.55|-1.47|-0.84|-0.19|0.35|0.02|-0.01|0.20|-0.47
------ Dim separator ------
0.42|-0.59|-0.96|0.78|0.11|0.13|0.05|-0.62|-0.63|0.10|0.40|-0.06|-0.01|-0.02|-0.01|-0.10|-0.26|-0.64|-0.41|0.58|-0.16|0.20|0.17|-0.63|-1.32|0.03|-0.26
0.52|-0.00|-0.32|-0.41|-0.17|-0.21|0.39|-0.01|0.62|-0.10|0.49|-0.28|0.00|0.01|0.03|0.91|0.60|0.18|-0.37|-0.20|-0.04|-0.10|-0.05|0.15|0.32|-0.40|-0.69
-0.19|0.31|0.57|1.01|0.37|0.38|0.20|0.20|-0.07|-0.30|-0.04|-0.01|0.00|0.04|0.02|0.51|-0.19|0.63|0.37|-0.58|1.10|-0.58|1.01|0.78|0.14|-0.35|0.47
-1.40|0.67|0.30|0.26|-0.51|0.69|0.54|0.18|0.16|0.32|-0.58|0.55|0.01|-0.02|0.01|0.40|-0.79|-0.34|-0.43|-0.86|-0.69|-0.26|-0.13|-0.01|0.64|-0.24|-0.13
0.24|-0.15|0.35|-1.16|1.02|0.31|-0.27|-1.12|-0.04|0.99|0.26|-0.69|0.01|-0.01|0.02|-0.31|-0.93|0.25|-0.31|0.07|0.44|0.05|-0.82|0.30|0.10|0.86|0.31
------ Dim separator ------
0.05|-0.27|-0.40|-1.39|0.64|0.38|0.02|-0.04|-0.03|0.28|-0.20|0.20|-0.01|0.02|0.02|-0.39|-0.36|-0.72|-1.35|0.51|-0.29|-0.16|1.13|-1.00|0.21|0.56|0.06
0.00|0.36|-0.03|0.46|-0.41|-0.59|0.07|-0.06|-0.61|0.26|-0.30|-0.02|-0.02|0.01|-0.01|-0.18|0.27|0.20|-0.04|-0.19|0.56|-0.05|0.19|-0.05|-0.00|1.30|0.13
0.68|-0.01|-0.40|0.78|0.53|-0.17|0.36|0.38|-0.07|-0.18|-0.02|0.13|0.01|0.02|0.01|0.17|0.22|0.15|0.88|0.72|-0.81|0.25|0.08|0.80|0.28|-0.47|0.06
0.96|0.35|-0.11|-0.24|0.42|-0.25|0.64|-0.43|0.30|-0.54|-0.32|-0.11|-0.00|0.01|-0.00|1.03|-0.36|0.06|0.64|-0.17|-0.09|-0.23|-0.40|-0.45|-0.20|-0.32|-0.26
1.17|-0.14|-1.23|-1.25|-0.11|0.79|-0.51|0.52|0.03|-0.78|0.98|0.42|0.03|-0.01|-0.01|0.66|-0.03|-0.09|-1.03|0.37|0.26|-0.66|0.01|0.30|1.28|-0.19|0.38
------ Dim separator ------
-0.68|0.67|0.20|0.43|0.45|-1.14|1.04|0.61|-0.46|-0.29|0.36|0.05|0.01|0.00|-0.01|-0.60|0.23|-0.05|-0.48|-0.61|-0.20|-0.44|-0.15|-1.29|0.68|-0.17|0.27
-0.74|-0.23|-1.10|0.17|0.08|-0.25|0.62|-0.07|-0.05|0.64|-0.83|-0.75|0.02|0.03|-0.01|0.06|0.45|0.36|-0.04|-0.37|-0.80|-0.42|-0.56|-0.32|-0.13|0.18|-0.20
0.45|0.13|-0.28|0.69|-0.30|-0.06|-0.17|-0.25|-0.59|-0.10|1.05|0.04|0.00|-0.00|0.01|0.01|0.23|0.10|0.69|-0.15|-0.44|0.33|0.90|0.10|1.17|-0.09|0.20
0.88|0.68|-0.02|0.34|-0.02|0.23|-0.55|-0.18|-0.86|0.36|-0.00|0.05|0.96|-0.02|-0.01|-0.00|0.00|0.00|1.00|0.54|0.01|-0.15|-0.33|0.68|-1.41|0.24|1.15
0.76|0.09|0.29|-0.39|-0.27|-0.42|0.38|-0.81|0.41|-0.40|-0.75|0.95|0.00|-0.01|0.01|-0.82|-0.87|-0.70|-0.24|0.01|0.33|0.07|-0.68|-0.19|0.65|0.12|-0.68
