------ Dim separator ------
-0.52|0.14|-0.07|0.25|-0.86|-0.53|0.20|0.01|0.03|-0.25|-0.31|-0.38|-0.01|0.01|-0.01|-0.12|0.52|0.47|-0.46|-0.55|-0.07|-0.26|0.35|-0.22|0.32|-0.11|0.67
-0.11|0.38|-0.27|0.21|0.19|0.24|0.09|-0.10|0.22|-0.07|-0.21|0.18|-0.01|-0.02|0.03|-0.21|0.02|-0.14|-0.09|-0.30|-0.21|0.23|0.12|-0.34|0.38|0.12|-0.30
0.73|-0.02|-0.37|0.73|0.51|-0.68|0.30|-0.24|-0.38|0.20|-0.39|-0.59|0.31|0.01|-0.01|0.01|0.02|0.02|1.05|-0.23|-1.17|0.46|-0.19|0.25|-0.40|0.34|-0.85
-0.42|0.02|0.06|0.41|0.22|-0.45|-0.58|0.06|-0.00|-0.30|-0.89|-0.63|-0.01|-0.00|-0.02|-0.44|0.50|0.04|-0.09|-0.32|0.62|0.52|0.60|0.57|0.21|0.11|-0.33
0.34|0.04|0.20|0.30|0.52|-0.52|-0.74|0.14|0.24|-0.13|-0.24|-0.25|0.01|0.03|-0.01|-0.01|0.42|-0.27|-0.55|-0.39|-0.25|-0.05|-0.58|-0.20|-0.15|-0.47|-0.29
------ Dim separator ------
-0.15|0.01|0.28|0.75|-0.02|0.53|-0.14|0.59|0.32|-0.05|0.49|0.67|-0.00|-0.02|0.01|0.51|0.63|0.46|-0.24|-0.62|-0.36|0.28|0.14|1.01|-0.91|0.43|0.20
-0.93|0.01|-0.17|-0.35|0.17|0.02|-0.17|0.36|-0.20|0.82|0.09|0.28|-0.00|-0.01|-0.03|0.14|-0.53|-0.74|-0.06|0.20|0.13|-0.54|-0.15|-0.24|-0.50|-0.88|0.60
0.21|0.15|-0.55|0.92|0.62|-0.14|-0.48|-0.14|-0.57|-0.19|0.08|-0.47|0.35|-0.00|0.03|-0.01|0.02|-0.03|1.03|-0.36|0.23|0.28|0.10|0.01|0.64|0.33|0.09
0.41|0.70|-0.08|0.21|0.07|0.02|-0.54|-0.06|-0.06|-0.31|-0.45|0.33|0.54|-0.01|0.00|-0.02|0.03|-0.02|0.98|-0.83|0.69|-0.86|0.05|-0.05|0.62|0.45|0.24
0.11|-0.36|-0.13|0.55|0.54|0.07|-0.10|-0.43|-0.47|0.46|-0.57|-0.19|-0.02|-0.04|-0.00|0.18|0.35|-0.53|-0.74|0.35|-0.39|0.36|-0.46|0.47|-1.12|0.63|0.03
------ Dim separator ------
-0.59|0.53|-0.22|0.46|-0.34|-0.38|0.42|-0.27|0.39|-0.04|0.49|-0.03|-0.01|-0.01|0.04|0.46|0.27|0.29|-0.36|-0.46|-0.90|-0.19|-0.05|-0.14|0.17|-0.85|0.19
-0.49|-0.36|-0.26|-0.00|0.21|0.24|0.02|0.28|-0.14|0.20|0.39|0.45|0.01|0.02|0.02|-0.43|-0.50|0.64|0.10|0.16|0.76|-0.05|0.09|0.23|0.44|0.62|-1.32
-0.38|-0.18|0.21|0.77|0.06|-0.31|-0.33|0.41|-0.13|-0.56|0.11|0.80|0.01|0.00|-0.02|-0.18|0.20|-0.41|0.77|-0.21|-0.23|-0.70|-0.09|0.24|0.18|-0.00|0.62
0.06|-0.56|-0.64|0.27|-0.81|0.34|0.52|0.35|0.51|0.33|-0.70|0.34|-0.01|-0.02|-0.01|-0.27|0.39|-0.20|1.00|-0.04|-0.11|0.52|-0.30|0.21|0.17|0.25|0.10
-0.63|0.31|-0.98|-0.49|-0.12|0.68|0.66|-0.35|0.19|0.24|-0.15|0.30|0.02|0.00|0.01|-0.02|-0.47|-0.39|-0.17|0.32|0.39|-0.31|0.99|0.49|-0.21|-0.43|-0.01
------ Dim separator ------
0.34|0.46|-0.75|-0.00|0.09|-0.17|-0.37|0.05|0.80|-0.08|-0.68|-0.16|-0.00|-0.02|-0.01|-0.11|0.48|-0.15|-0.61|-0.09|0.41|-0.24|-0.74|0.09|0.67|-0.90|-0.62
-0.50|-0.05|-0.01|-0.18|-0.55|0.29|0.54|-1.00|-0.13|0.16|-0.88|-0.08|0.01|0.01|0.01|-0.66|0.20|0.03|-0.11|-0.28|0.16|-0.15|0.45|0.45|0.41|0.08|0.01
0.41|-0.15|0.01|0.75|-0.02|-0.15|-0.33|0.37|0.28|-0.15|-0.23|-0.60|0.58|-0.00|0.02|-0.05|-0.02|-0.00|1.03|0.44|0.27|-0.08|-0.01|-0.22|-0.00|0.17|-0.11
0.21|-0.08|-0.30|0.67|-0.12|0.40|-0.42|0.33|0.16|-0.03|-0.51|0.20|-0.02|0.04|0.06|0.11|-0.01|0.22|0.78|-0.15|-0.17|-1.17|-0.16|0.18|-0.90|-0.00|-0.48
0.39|-0.41|-0.51|0.01|-0.95|0.16|-0.37|-0.90|0.51|-0.30|-0.05|-0.51|-0.00|0.02|-0.02|-0.79|0.28|-0.14|-0.00|-0.09|0.71|-0.45|0.45|0.18|0.11|-0.71|0.15
------ Dim separator ------
0.55|-0.04|0.28|-0.20|-0.11|0.23|0.26|0.04|-0.98|0.27|0.37|-0.06|0.01|0.01|0.04|0.08|0.37|-0.18|0.10|0.28|-0.14|-1.24|0.05|0.09|-0.19|0.11|0.26
-0.69|-0.33|0.31|-0.26|-0.14|0.13|0.42|-0.49|-0.58|-0.20|0.29|-0.28|0.02|-0.02|0.02|-0.21|0.15|0.19|-0.12|-0.21|0.58|-0.09|0.23|-0.67|-0.38|0.26|-0.22
0.55|-0.21|0.54|0.75|-0.09|-0.17|0.19|0.37|-0.05|0.15|-0.44|0.11|0.73|0.01|0.04|0.00|0.32|-0.01|0.67|-0.33|-0.34|-0.40|0.14|-0.50|-0.45|0.28|-0.37
0.57|0.04|-0.61|0.18|-0.01|0.15|-0.55|-0.59|0.23|0.36|-0.31|-0.33|0.58|-0.02|0.01|0.01|-0.05|0.00|1.05|-0.16|0.32|-0.40|0.34|0.14|0.14|0.73|-0.53
-0.30|-0.32|-0.56|-0.62|0.23|0.38|0.36|-0.00|-0.46|0.53|-0.09|0.29|-0.00|-0.05|0.01|0.68|-0.34|-0.36|-0.30|0.22|0.16|0.08|0.51|0.11|0.34|0.36|-0.07
