------ Dim separator ------
0.29|-0.12|0.24|-0.46|-0.19|-0.11|-0.80|-0.19|-0.47|-0.33|-0.24|-0.03|0.03|0.00|-0.00|0.24|-0.40|0.89|-0.41|0.65|-1.03|0.50|-0.01|0.70|1.12|0.20|-1.04
0.14|0.68|-0.14|0.15|-0.16|-0.06|0.29|-0.41|0.20|-0.78|-1.03|-0.96|-0.00|0.01|-0.00|0.13|-0.46|1.12|0.59|0.58|0.92|-0.52|0.25|0.45|0.41|0.15|-0.26
0.85|-0.66|-0.30|0.67|0.05|-0.26|-0.19|0.15|0.03|0.06|0.03|0.27|-0.02|-0.01|0.01|-0.51|-0.23|-0.18|0.82|0.92|0.09|-0.62|0.08|0.47|-0.26|-0.96|-0.36
-0.12|0.87|0.91|-0.30|0.49|0.03|0.39|-0.19|-0.01|-0.51|-0.37|1.15|-0.00|-0.00|0.00|-0.39|0.18|-0.00|-0.41|0.10|-0.07|0.08|0.22|-0.29|-1.06|0.61|1.61
0.26|-0.42|-0.57|-0.25|0.72|0.35|-0.09|-0.24|0.14|-0.66|0.43|0.46|0.00|-0.01|-0.02|0.67|-0.14|0.50|-0.10|-0.20|-0.60|0.41|0.02|-1.10|0.88|0.43|-0.35
------ Dim separator ------
0.75|0.11|0.30|0.63|0.21|-0.18|0.53|0.40|-0.07|-0.22|-0.39|-0.12|0.01|0.00|0.00|0.77|0.34|0.24|-0.82|-0.22|1.09|-0.23|-0.64|-0.44|0.61|-0.03|0.26
0.93|-0.34|0.17|-0.35|0.19|-0.77|0.38|-0.15|-0.30|-0.12|-0.26|-0.18|0.02|0.03|-0.01|0.22|-0.46|0.71|-0.39|-0.95|0.77|0.07|-0.57|0.27|-0.42|0.21|0.74
0.32|-0.48|-0.35|0.81|0.15|0.43|0.56|-0.19|-0.05|-0.49|0.61|-1.01|0.03|-0.02|0.01|0.29|-0.10|-0.08|0.79|0.10|-0.06|-0.22|0.79|-0.34|-0.16|0.96|-0.11
0.71|0.41|0.43|-0.06|1.15|-0.22|0.72|0.57|-0.26|0.20|-0.49|0.57|-0.03|0.00|0.01|0.05|0.15|-0.18|0.98|-0.48|-0.35|-0.11|-0.51|0.61|-0.57|1.02|0.92
-0.15|0.35|1.27|0.54|0.53|-0.91|-0.41|-0.10|-0.43|-0.25|0.33|-0.30|-0.00|-0.02|-0.00|-0.31|-0.17|0.10|-0.33|-1.38|-0.62|-0.06|0.35|0.09|0.01|0.12|-0.43
------ Dim separator ------
0.35|-0.62|-0.88|0.95|0.08|0.11|0.01|-0.70|-0.85|-0.14|0.42|0.17|0.01|0.01|0.00|-0.07|-0.36|-0.50|-0.50|0.63|-0.07|0.25|0.13|-0.54|-1.41|-0.03|-0.42
0.46|0.13|-0.28|-0.56|-0.14|-0.19|0.39|-0.03|0.63|-0.21|0.52|-0.60|0.01|-0.01|-0.01|0.90|0.63|0.28|-0.23|-0.24|0.02|-0.06|-0.06|0.32|0.18|-0.49|-0.78
-0.09|0.23|0.54|0.93|0.23|0.47|-0.08|0.31|-0.08|-0.24|0.00|0.08|-0.00|-0.04|-0.03|0.38|-0.36|0.78|0.38|-0.65|1.09|-0.52|1.00|0.81|0.18|-0.52|0.35
-1.49|0.64|0.31|0.10|-0.59|0.78|0.62|0.10|0.22|0.37|-0.41|0.33|-0.00|0.02|-0.00|0.25|-0.82|-0.28|-0.66|-1.10|-0.94|-0.22|-0.16|0.29|0.50|-0.11|-0.36
0.29|-0.33|0.50|-1.13|1.12|0.51|-0.11|-1.14|-0.05|0.99|0.08|-0.94|0.01|-0.00|-0.03|-0.29|-0.76|0.24|-0.20|0.07|0.52|0.36|-0.77|0.29|0.07|0.95|0.40
------ Dim separator ------
0.32|-0.33|-0.35|-1.59|0.86|0.36|0.17|-0.16|-0.12|0.36|-0.05|0.18|0.01|0.01|-0.02|-0.54|-0.40|-0.78|-1.42|0.52|-0.32|-0.10|1.24|-0.84|0.41|0.50|-0.16
-0.09|0.19|-0.25|0.52|-0.49|-0.58|0.01|-0.18|-0.59|0.34|-0.43|-0.05|0.01|-0.01|-0.00|-0.05|0.33|0.27|-0.09|-0.22|0.54|-0.14|0.24|0.02|-0.07|1.23|0.21
0.54|0.15|-0.56|0.87|0.54|0.06|0.20|0.16|0.08|-0.25|0.05|0.07|-0.01|-0.00|-0.02|0.09|0.22|0.01|0.89|0.60|-0.60|0.22|0.16|0.69|0.28|-0.39|-0.11
1.12|0.23|0.02|-0.27|0.27|-0.07|0.67|-0.32|0.23|-0.38|-0.21|0.02|-0.01|-0.00|0.01|0.94|-0.32|-0.13|0.63|-0.14|-0.12|-0.14|-0.42|-0.34|-0.42|-0.08|-0.36
1.17|-0.20|-1.03|-1.32|-0.11|0.80|-0.36|0.51|0.03|-0.69|1.20|0.31|-0.02|0.00|0.01|0.82|-0.05|-0.09|-0.96|0.20|0.43|-0.93|0.26|0.30|1.35|-0.22|0.38
------ Dim separator ------
-0.70|0.93|0.14|0.49|0.37|-1.00|0.96|0.77|-0.60|-0.39|0.45|0.15|-0.01|-0.00|-0.01|-0.31|0.19|-0.06|-0.42|-0.63|-0.15|-0.33|-0.02|-1.38|0.74|-0.22|0.24
-0.67|-0.35|-1.14|0.09|0.28|-0.17|0.86|0.03|0.02|0.50|-0.78|-0.80|-0.01|-0.03|0.00|0.01|0.40|0.34|-0.11|-0.41|-0.76|-0.49|-0.76|-0.55|-0.26|0.24|0.04
0.53|0.14|-0.29|0.78|-0.47|-0.20|-0.07|-0.31|-0.72|-0.28|1.26|0.15|0.02|0.01|-0.02|-0.07|0.27|0.17|0.65|-0.06|-0.47|0.46|0.78|-0.03|1.23|-0.27|0.16
0.71|0.71|-0.05|0.31|-0.18|0.16|-0.41|-0.19|-0.89|0.21|-0.08|0.06|0.08|0.01|0.01|0.08|-0.01|0.06|0.94|0.41|0.19|-0.30|-0.19|0.82|-1.38|0.00|1.16
0.73|0.23|0.36|-0.45|-0.21|-0.34|0.26|-1.12|0.28|-0.24|-0.75|0.98|0.01|0.01|0.00|-1.00|-0.86|-0.63|-0.18|-0.05|0.34|0.12|-0.66|-0.08|0.45|0.22|-0.69
