------ Dim separator ------
0.45|-0.44|0.20|-0.62|-0.16|-0.03|-0.67|-0.25|-0.39|-0.62|-0.06|-0.09|-0.00|-0.00|0.01|0.23|-0.48|0.52|-0.37|0.51|-0.90|0.20|-0.17|0.66|1.10|-0.01|-0.75
0.06|0.67|-0.19|0.33|-0.11|-0.22|0.21|-0.48|0.13|-0.94|-0.94|-1.05|0.00|0.00|0.01|0.25|-0.48|1.15|0.48|0.61|0.90|-0.69|0.35|0.23|0.38|0.10|-0.18
0.85|-0.46|-0.42|0.65|-0.16|-0.61|-0.29|0.36|-0.01|0.07|0.01|0.36|0.01|0.01|-0.01|-0.25|0.14|-0.31|0.87|1.01|0.09|-0.52|0.15|0.41|-0.10|-0.94|-0.25
0.05|0.70|1.00|-0.16|0.66|0.19|0.05|-0.27|0.25|-0.45|-0.31|1.19|-0.00|0.00|-0.01|-0.70|0.09|-0.06|-0.28|0.08|0.15|-0.20|0.02|-0.27|-0.85|0.59|1.42
0.26|-0.52|-0.38|-0.12|0.65|0.47|-0.07|-0.32|0.45|-0.75|0.52|0.59|0.00|0.00|0.01|0.83|0.04|0.47|-0.32|-0.06|-0.66|0.46|0.26|-0.99|0.80|0.49|-0.37
------ Dim separator ------
0.98|0.05|0.30|0.61|0.20|-0.08|0.51|0.60|0.04|-0.19|-0.40|-0.04|0.01|0.00|-0.00|0.90|0.54|0.39|-0.76|-0.31|1.13|-0.31|-0.73|-0.31|0.84|-0.34|0.13
0.89|-0.22|0.24|-0.26|0.36|-0.90|0.21|0.09|-0.21|-0.04|-0.34|-0.50|0.00|-0.01|0.00|0.30|-0.50|0.48|-0.24|-0.98|0.58|0.23|-0.27|0.27|-0.37|0.45|0.67
0.09|-0.42|-0.46|0.63|0.25|0.57|0.82|-0.14|-0.03|-0.78|0.73|-1.08|-0.00|0.01|-0.01|0.24|-0.28|0.23|0.89|0.30|-0.14|-0.09|0.67|-0.29|0.06|1.21|-0.13
0.79|0.27|0.53|-0.20|0.74|-0.26|0.71|0.24|-0.49|0.29|-0.48|0.62|0.00|0.00|-0.00|-0.11|0.11|0.09|0.77|-0.59|-0.56|-0.18|-0.57|0.58|-0.57|0.93|0.61
-0.11|0.62|1.16|0.50|0.37|-0.97|-0.65|0.04|-0.47|-0.22|0.44|-0.10|-0.00|0.01|-0.00|-0.21|-0.40|0.09|-0.28|-1.41|-0.77|-0.18|0.29|-0.17|-0.15|-0.12|-0.41
------ Dim separator ------
0.31|-0.40|-0.58|1.09|0.07|-0.08|-0.05|-0.66|-0.88|-0.28|0.29|0.22|-0.00|-0.01|-0.00|-0.23|-0.10|-0.57|-0.55|0.40|0.01|0.02|0.26|-0.08|-1.52|-0.02|-0.55
0.34|0.11|-0.22|-0.73|-0.23|-0.40|0.23|-0.03|0.51|-0.23|0.42|-0.49|-0.00|0.01|0.01|0.85|0.65|0.16|-0.05|-0.35|-0.02|0.05|0.06|0.63|0.20|-0.55|-0.66
-0.08|0.31|0.46|0.93|0.22|0.25|-0.01|0.02|-0.12|-0.06|0.07|0.12|0.01|0.01|0.02|0.16|-0.42|0.56|0.23|-0.53|1.11|-0.32|0.72|0.92|0.32|-0.63|0.18
-1.56|0.82|0.34|-0.01|-0.43|0.87|0.60|0.08|0.23|0.52|-0.63|0.47|-0.01|-0.01|-0.01|0.22|-0.60|-0.32|-0.63|-0.96|-0.69|-0.18|-0.11|0.55|0.53|-0.13|-0.07
0.23|-0.47|0.52|-1.34|1.55|0.43|0.11|-1.22|-0.04|0.82|0.14|-1.08|-0.01|0.00|0.01|-0.43|-0.88|0.17|-0.49|-0.16|0.56|0.28|-0.80|0.33|-0.06|1.00|-0.02
------ Dim separator ------
0.57|-0.44|-0.85|-1.41|0.77|0.41|0.13|-0.43|-0.35|0.09|0.04|0.28|-0.00|-0.00|0.01|-0.61|-0.63|-0.88|-1.40|0.23|-0.09|-0.22|1.29|-1.09|0.36|0.47|-0.11
-0.05|0.19|-0.20|0.61|-0.51|-0.26|-0.14|-0.31|-0.44|0.28|-0.52|-0.21|-0.00|0.00|-0.00|0.14|0.24|0.09|-0.01|-0.32|0.47|-0.20|0.36|0.20|-0.16|1.22|-0.17
0.45|0.21|-0.58|0.95|0.30|0.13|0.41|0.28|0.37|-0.40|0.32|-0.02|0.00|-0.00|0.00|0.54|0.19|0.03|0.86|0.59|-0.61|0.40|0.16|0.94|0.35|-0.57|-0.26
0.93|-0.14|0.38|-0.41|0.38|-0.22|0.87|-0.35|0.33|-0.13|-0.35|0.06|0.00|-0.01|-0.01|0.77|-0.31|0.20|0.56|0.01|0.23|-0.23|-0.46|-0.21|0.08|-0.01|-0.30
1.14|-0.19|-0.96|-1.43|0.02|0.74|-0.33|0.54|0.04|-0.94|1.01|0.26|0.01|0.01|0.00|0.80|0.06|-0.10|-0.95|0.28|0.52|-0.90|0.28|0.37|1.30|-0.08|0.54
------ Dim separator ------
-0.36|1.12|0.44|0.65|0.66|-1.14|0.72|0.94|-0.57|-0.32|0.36|0.23|-0.00|-0.01|0.01|-0.04|0.40|0.23|-0.39|-0.47|-0.05|-0.54|0.03|-1.31|0.87|-0.20|0.24
-0.75|-0.24|-0.92|0.10|-0.01|-0.19|0.74|0.28|0.10|0.50|-1.00|-0.78|0.00|0.01|-0.00|-0.01|0.43|0.53|0.14|-0.19|-0.71|-0.45|-0.75|-0.59|-0.07|0.47|0.18
0.61|0.12|-0.16|0.78|-0.41|-0.19|-0.08|-0.34|-0.73|-0.16|0.94|0.18|1.00|0.00|0.01|0.00|1.00|0.00|0.00|0.20|-0.59|0.18|0.57|-0.08|1.17|-0.30|0.48
0.72|0.63|-0.11|0.23|-0.36|-0.02|-0.11|-0.27|-0.84|0.30|-0.18|0.24|-0.03|-0.00|-0.01|0.40|0.12|0.13|0.95|0.24|0.41|-0.40|-0.26|0.75|-1.28|0.10|1.23
0.57|0.35|0.40|-0.28|-0.11|-0.24|0.33|-0.89|0.27|-0.32|-0.68|0.99|-0.00|-0.00|-0.02|-0.88|-1.04|-0.56|-0.29|-0.13|0.15|0.28|-0.63|-0.19|0.54|0.45|-0.74
