------ Dim separator ------
-0.52|0.15|-0.07|0.25|-0.85|-0.53|0.20|-0.00|0.02|-0.25|-0.31|-0.38|-0.01|0.01|-0.02|-0.11|0.53|0.48|-0.47|-0.56|-0.06|-0.27|0.34|-0.22|0.32|-0.11|0.68
-0.11|0.38|-0.27|0.21|0.19|0.24|0.10|-0.09|0.22|-0.06|-0.21|0.18|-0.01|-0.03|0.04|-0.21|0.02|-0.13|-0.09|-0.30|-0.21|0.23|0.13|-0.34|0.38|0.12|-0.29
0.74|-0.02|-0.37|0.73|0.50|-0.67|0.30|-0.24|-0.39|0.20|-0.39|-0.59|0.32|0.01|-0.01|0.01|0.02|0.03|1.05|-0.23|-1.17|0.46|-0.18|0.26|-0.39|0.34|-0.85
-0.42|0.02|0.07|0.41|0.22|-0.46|-0.58|0.05|-0.01|-0.30|-0.90|-0.63|-0.01|-0.00|-0.02|-0.44|0.50|0.04|-0.10|-0.32|0.61|0.51|0.59|0.57|0.21|0.12|-0.33
0.34|0.04|0.21|0.29|0.52|-0.52|-0.75|0.13|0.23|-0.13|-0.23|-0.24|0.01|0.02|-0.00|-0.02|0.43|-0.28|-0.55|-0.39|-0.25|-0.06|-0.58|-0.20|-0.15|-0.47|-0.29
------ Dim separator ------
-0.14|0.01|0.29|0.75|-0.02|0.53|-0.14|0.58|0.33|-0.05|0.49|0.67|0.00|-0.02|0.01|0.51|0.63|0.46|-0.24|-0.62|-0.37|0.28|0.13|1.01|-0.91|0.43|0.21
-0.93|0.01|-0.16|-0.35|0.17|0.02|-0.17|0.36|-0.20|0.81|0.09|0.28|-0.01|-0.01|-0.03|0.13|-0.53|-0.74|-0.06|0.21|0.13|-0.54|-0.15|-0.24|-0.51|-0.88|0.61
0.21|0.14|-0.54|0.92|0.62|-0.13|-0.49|-0.14|-0.57|-0.18|0.08|-0.48|0.35|0.00|0.03|-0.01|0.01|-0.03|1.04|-0.37|0.23|0.28|0.09|0.01|0.64|0.33|0.09
0.41|0.70|-0.09|0.21|0.07|0.02|-0.54|-0.06|-0.06|-0.31|-0.46|0.34|0.55|-0.01|0.01|-0.02|0.03|-0.02|0.97|-0.84|0.69|-0.86|0.05|-0.05|0.62|0.45|0.23
0.11|-0.36|-0.13|0.55|0.54|0.07|-0.10|-0.42|-0.47|0.47|-0.57|-0.19|-0.02|-0.04|-0.00|0.18|0.35|-0.53|-0.76|0.35|-0.39|0.36|-0.46|0.46|-1.12|0.63|0.03
------ Dim separator ------
-0.59|0.53|-0.21|0.46|-0.33|-0.38|0.42|-0.27|0.39|-0.04|0.48|-0.02|-0.01|-0.01|0.04|0.46|0.27|0.28|-0.36|-0.47|-0.91|-0.18|-0.05|-0.14|0.16|-0.85|0.19
-0.49|-0.35|-0.26|-0.00|0.22|0.24|0.01|0.29|-0.13|0.19|0.39|0.45|0.00|0.02|0.03|-0.43|-0.51|0.64|0.10|0.16|0.76|-0.06|0.09|0.23|0.43|0.62|-1.32
-0.38|-0.18|0.21|0.77|0.06|-0.32|-0.33|0.42|-0.14|-0.56|0.11|0.81|0.01|-0.00|-0.02|-0.17|0.20|-0.42|0.77|-0.21|-0.23|-0.70|-0.09|0.23|0.19|0.00|0.62
0.05|-0.56|-0.64|0.28|-0.81|0.34|0.53|0.35|0.51|0.33|-0.70|0.34|-0.00|-0.01|-0.01|-0.27|0.39|-0.20|0.99|-0.03|-0.11|0.52|-0.30|0.21|0.17|0.25|0.11
-0.63|0.31|-0.99|-0.49|-0.11|0.69|0.66|-0.34|0.20|0.24|-0.14|0.30|0.02|0.00|0.01|-0.02|-0.47|-0.39|-0.17|0.32|0.40|-0.32|0.98|0.48|-0.21|-0.43|-0.00
------ Dim separator ------
0.34|0.45|-0.75|-0.00|0.09|-0.17|-0.37|0.05|0.81|-0.07|-0.68|-0.17|-0.00|-0.02|-0.02|-0.11|0.48|-0.15|-0.60|-0.10|0.41|-0.24|-0.75|0.09|0.67|-0.90|-0.62
-0.50|-0.05|-0.01|-0.19|-0.55|0.29|0.55|-1.00|-0.13|0.16|-0.89|-0.09|0.01|0.01|0.02|-0.67|0.20|0.02|-0.11|-0.28|0.16|-0.16|0.45|0.45|0.41|0.08|0.01
0.41|-0.15|0.00|0.75|-0.02|-0.15|-0.33|0.37|0.28|-0.15|-0.22|-0.60|0.58|-0.01|0.03|-0.06|-0.02|0.00|1.03|0.45|0.28|-0.07|-0.02|-0.22|-0.00|0.17|-0.10
0.21|-0.08|-0.29|0.67|-0.12|0.40|-0.41|0.32|0.16|-0.02|-0.50|0.20|-0.01|0.03|0.06|0.12|-0.01|0.21|0.77|-0.15|-0.17|-1.16|-0.17|0.19|-0.90|0.00|-0.48
0.40|-0.41|-0.51|0.01|-0.96|0.15|-0.36|-0.91|0.51|-0.29|-0.04|-0.52|-0.01|0.02|-0.01|-0.78|0.28|-0.15|-0.01|-0.09|0.72|-0.45|0.45|0.18|0.11|-0.71|0.15
------ Dim separator ------
0.56|-0.03|0.28|-0.20|-0.12|0.23|0.26|0.04|-0.98|0.27|0.38|-0.06|0.01|0.02|0.04|0.08|0.37|-0.18|0.10|0.28|-0.13|-1.25|0.05|0.09|-0.19|0.11|0.26
-0.69|-0.34|0.31|-0.26|-0.14|0.13|0.42|-0.49|-0.57|-0.20|0.29|-0.28|0.02|-0.02|0.02|-0.21|0.15|0.19|-0.13|-0.21|0.58|-0.09|0.22|-0.66|-0.37|0.26|-0.22
0.56|-0.21|0.54|0.75|-0.08|-0.17|0.19|0.36|-0.05|0.14|-0.43|0.10|0.73|0.01|0.04|-0.00|0.32|-0.01|0.67|-0.33|-0.34|-0.39|0.14|-0.50|-0.46|0.28|-0.37
0.56|0.04|-0.61|0.19|-0.01|0.15|-0.55|-0.60|0.23|0.37|-0.31|-0.32|0.58|-0.02|0.01|0.01|-0.05|0.00|1.05|-0.17|0.32|-0.41|0.35|0.14|0.14|0.72|-0.53
-0.30|-0.32|-0.56|-0.62|0.23|0.38|0.36|-0.00|-0.45|0.54|-0.09|0.29|-0.01|-0.04|0.00|0.67|-0.34|-0.36|-0.31|0.21|0.16|0.08|0.51|0.12|0.34|0.36|-0.07
