------ Dim separator ------
0.64|-0.18|0.11|-0.48|-0.21|-0.19|-0.89|-0.26|-0.08|-0.23|-0.05|0.04|-0.00|-0.00|-0.01|0.42|-0.41|0.31|-0.50|0.73|-0.95|0.12|-0.15|0.61|0.85|0.10|-0.96
0.01|0.60|-0.42|0.37|-0.05|-0.04|0.05|-0.29|0.27|-0.65|-1.09|-1.09|0.00|0.01|0.00|0.14|-0.53|0.83|0.62|0.61|0.88|-0.61|-0.07|0.66|0.38|0.48|-0.13
0.74|-0.36|-0.14|0.74|-0.20|-0.17|-0.30|0.21|-0.01|-0.19|-0.06|0.15|0.99|0.00|0.01|0.00|-0.00|0.00|1.00|0.76|0.11|-0.76|-0.16|0.52|0.02|-0.94|-0.05
0.15|0.80|0.44|-0.17|0.36|0.49|0.42|-0.02|-0.02|-0.52|-0.49|1.02|0.01|-0.01|-0.01|-0.71|0.05|-0.01|-0.39|0.20|-0.08|0.24|0.21|-0.31|-1.07|0.94|1.34
0.11|-0.11|-0.42|-0.21|0.85|0.43|-0.05|-0.24|0.31|-0.46|0.59|0.40|0.00|-0.00|-0.00|0.52|0.01|0.43|-0.15|-0.30|-0.57|0.42|0.30|-1.01|1.16|0.46|-0.13
------ Dim separator ------
0.87|0.05|0.34|0.78|0.48|0.05|0.61|0.49|0.12|0.13|-0.04|-0.14|0.01|-0.01|-0.01|0.84|0.23|0.26|-0.83|-0.19|0.77|0.18|-0.53|-0.35|0.71|0.10|0.50
0.80|-0.14|0.07|-0.46|-0.07|-0.71|-0.07|-0.47|-0.13|-0.01|-0.36|-0.20|0.01|0.00|-0.01|-0.19|-0.44|0.82|-0.26|-0.92|0.60|0.19|-0.57|0.47|-0.52|0.13|0.57
0.18|-0.62|-0.34|0.81|0.02|0.41|0.46|-0.17|-0.36|-0.80|0.68|-1.15|0.01|-0.02|-0.00|0.12|-0.30|-0.13|0.91|0.13|0.01|-0.09|1.00|-0.02|-0.05|1.01|-0.01
0.68|0.35|0.60|0.06|0.86|-0.34|0.67|0.56|-0.03|0.27|-0.26|0.48|0.99|-0.01|-0.01|-0.00|-0.00|0.00|1.00|-0.26|-0.40|-0.08|-0.35|0.49|-0.56|1.22|0.78
-0.33|0.56|1.45|0.50|0.63|-0.68|-0.42|-0.03|-0.37|-0.31|0.20|-0.54|0.01|-0.03|-0.01|-0.46|-0.27|0.03|-0.40|-1.76|-0.66|-0.10|0.36|-0.05|-0.21|0.04|-0.28
------ Dim separator ------
0.52|-0.79|-0.97|0.88|0.02|0.03|0.16|-0.65|-0.62|0.22|0.64|0.17|0.00|0.02|0.01|-0.23|-0.19|-0.60|-0.18|0.45|-0.10|0.11|0.44|-0.27|-1.32|-0.05|-0.19
0.43|-0.19|-0.23|-0.33|-0.01|-0.32|0.33|-0.12|0.61|-0.16|0.38|-0.46|-0.01|-0.01|-0.03|1.02|0.63|0.17|-0.20|-0.58|-0.04|-0.27|-0.12|0.28|0.33|-0.42|-0.68
-0.30|0.34|0.82|0.70|0.18|0.27|-0.13|0.08|-0.18|-0.24|-0.15|0.17|0.00|-0.02|-0.02|0.69|-0.33|0.65|0.31|-0.17|1.07|-0.34|0.86|0.67|0.38|-0.32|0.23
-1.49|0.80|0.52|0.27|-0.51|0.93|0.81|0.04|0.38|0.56|-0.58|0.56|0.00|0.02|-0.00|0.17|-0.61|-0.23|-0.30|-0.96|-0.71|-0.56|0.07|-0.20|0.67|-0.17|-0.13
0.03|-0.41|0.31|-1.34|1.19|0.40|-0.31|-1.05|0.05|0.80|0.21|-0.68|0.00|0.01|0.00|-0.52|-0.65|0.06|-0.29|0.05|0.51|0.27|-0.92|0.47|0.19|0.90|0.38
------ Dim separator ------
0.15|-0.09|-0.43|-1.22|0.69|0.47|0.08|-0.30|0.01|0.12|-0.37|0.09|-0.00|-0.02|-0.02|-0.41|-0.34|-0.87|-1.46|0.37|-0.12|-0.16|1.18|-0.98|0.05|0.66|0.00
-0.08|0.25|-0.13|0.46|-0.41|-0.57|-0.05|0.00|-0.25|0.38|-0.22|-0.04|0.01|-0.01|0.01|-0.12|0.28|0.12|-0.25|-0.25|0.73|-0.24|0.53|-0.01|-0.03|1.04|-0.07
0.57|0.17|-0.35|0.78|0.36|0.04|0.39|0.45|-0.12|-0.18|0.26|0.30|1.00|-0.01|-0.00|-0.00|-0.00|-0.00|1.00|0.96|-0.84|0.31|0.29|0.81|0.40|-0.51|-0.09
1.11|-0.08|-0.17|-0.24|0.56|-0.13|0.83|-0.45|0.12|-0.31|-0.38|0.12|0.01|-0.00|0.00|0.72|-0.08|0.21|0.61|-0.02|-0.05|-0.55|-0.47|-0.30|-0.04|0.07|-0.32
1.33|-0.28|-1.24|-1.11|-0.05|0.83|-0.51|0.81|0.22|-0.73|1.38|0.43|-0.03|0.01|-0.01|0.98|-0.26|-0.58|-1.19|0.19|0.50|-0.79|0.20|0.06|1.39|0.13|0.54
------ Dim separator ------
-0.50|1.20|0.30|0.26|0.31|-1.28|0.89|0.65|-0.39|-0.51|0.53|0.04|-0.00|-0.00|0.01|-0.30|0.46|0.26|-0.24|-0.68|-0.14|-0.49|-0.05|-1.33|0.80|-0.18|0.22
-0.84|-0.08|-1.33|0.00|-0.05|0.02|0.89|0.17|0.31|0.51|-0.77|-0.53|-0.02|-0.01|0.01|0.02|0.17|0.81|0.19|-0.39|-0.79|-0.39|-0.69|-0.57|-0.07|0.22|-0.04
0.45|0.29|-0.21|0.70|-0.47|-0.12|-0.24|-0.21|-0.61|-0.14|1.42|0.21|1.00|-0.00|0.00|-0.00|-0.00|-0.01|1.00|-0.04|-0.50|0.45|0.90|0.06|1.30|-0.05|0.17
0.77|0.70|0.19|0.02|-0.17|0.06|-0.30|-0.05|-0.98|0.24|-0.09|0.06|0.05|0.01|0.02|0.16|-0.03|-0.10|1.19|0.22|0.09|-0.14|-0.22|0.80|-1.46|0.32|1.38
0.69|0.22|0.59|-0.24|0.00|-0.43|0.36|-0.84|0.10|-0.60|-0.67|0.93|-0.01|0.02|0.00|-0.69|-0.84|-0.86|-0.11|-0.10|0.28|0.35|-0.72|-0.10|0.67|0.17|-0.56
