------ Dim separator ------
3.99|-31.09|5.13|-15.83|-0.14|-13.74|7.81|4.70|0.10|10.20|22.01|16.72|-3.68|8.30|-4.25|-0.12|2.10|-11.62|11.32|-11.51|-4.49|-9.43|-9.40|1.31|-6.62|-6.91|31.14
-17.71|6.98|17.57|10.86|-6.25|-28.93|-36.33|-14.94|-5.53|-5.30|14.75|14.88|0.14|8.80|-6.51|10.73|-9.30|15.99|14.58|16.19|-26.56|-15.53|-21.94|5.13|22.99|-2.62|-32.93
40.47|36.90|-9.64|110.04|30.93|37.58|10.38|10.38|-15.42|-4.19|3.43|-5.26|17.12|1.38|-2.01|-7.06|6.92|-7.86|-12.99|2.86|-32.21|-13.34|-22.33|15.49|-0.70|14.75|-21.74
32.47|-14.71|23.33|-40.76|-2.35|-21.89|34.67|-13.80|-43.04|-13.69|-6.92|-21.91|0.02|-3.50|7.72|-9.70|-9.78|9.49|-32.15|-6.55|-13.99|5.26|-20.43|8.02|-10.43|24.37|-11.26
-18.89|-16.22|25.20|13.31|-3.29|9.65|39.98|-23.16|-43.39|-2.33|-11.35|13.37|7.49|-17.29|-22.94|-2.03|5.47|34.55|-13.43|29.65|7.48|27.56|3.82|-6.92|-16.20|-26.96|9.16
------ Dim separator ------
-2.01|10.89|9.93|8.69|-12.63|19.07|10.15|-9.29|10.05|-10.33|-34.84|-27.99|-9.40|-5.19|-24.12|-2.26|-14.48|-14.63|28.09|1.41|2.16|5.91|-25.42|-5.02|19.57|2.92|-15.80
-41.58|-20.98|-3.81|-20.09|-15.59|-31.77|10.63|11.88|37.77|18.47|-10.78|-22.16|-3.34|-21.04|2.49|26.68|5.46|-30.76|4.62|-5.24|-7.38|17.86|-24.04|-35.33|-14.06|2.84|2.84
26.46|10.68|-45.30|-6.32|-16.40|27.57|29.41|4.48|-26.49|-13.97|-12.20|8.61|2.65|22.75|-14.17|-13.78|10.07|-11.28|17.17|-38.27|-19.89|-11.02|-5.85|-15.62|-34.19|-30.39|-7.90
-8.01|-0.71|-17.99|6.29|11.15|-0.97|6.36|-4.73|-17.04|7.12|4.17|-1.52|1.12|5.26|-12.22|-16.11|-13.41|6.70|-1.91|19.13|-10.89|-11.96|-5.72|-22.92|16.67|-24.50|-8.62
6.20|10.73|9.87|-24.81|-7.93|-21.42|-4.27|-16.64|-6.67|-28.02|16.14|-19.17|6.60|4.10|-4.59|-6.53|-19.83|-11.02|17.66|-14.68|22.72|-28.60|13.07|28.64|7.29|-14.10|-20.77
------ Dim separator ------
-15.66|21.77|-8.83|22.67|-23.33|-21.45|36.04|-1.00|-23.12|8.72|5.60|-4.09|2.53|-20.72|-6.07|10.34|1.22|-44.93|-25.64|38.21|-19.19|-23.31|-21.62|23.62|-12.96|16.32|13.55
18.10|35.81|-13.97|-15.62|-1.10|-3.12|13.84|-4.96|-3.13|19.86|-13.37|-5.85|9.87|-9.16|6.76|-4.60|4.08|9.42|14.22|-6.63|2.44|17.23|-7.27|3.44|1.66|-25.84|6.27
101.12|-21.06|7.04|-37.05|2.69|47.16|-24.83|-5.72|2.90|-19.85|26.88|-20.93|2.70|4.83|9.11|-4.16|20.27|14.23|-15.43|-19.76|-19.79|59.96|47.47|-10.61|3.64|12.24|1.04
23.87|11.19|20.01|12.26|-5.83|-10.74|-28.60|41.00|-41.49|-13.11|5.27|-16.91|1.88|-6.78|15.02|11.71|-11.06|21.98|39.58|-3.86|17.24|8.03|17.91|-11.34|6.19|13.79|2.71
0.40|-15.69|14.42|6.93|-22.77|-29.29|-1.47|10.92|27.71|-4.29|-18.51|5.71|-21.56|-6.26|-7.26|23.16|7.06|14.20|-32.60|-3.68|-2.74|-10.49|-10.01|2.76|0.37|20.18|-11.62
------ Dim separator ------
31.42|19.02|10.80|15.59|-5.44|14.26|-10.16|27.35|-23.30|11.65|6.55|29.65|-11.49|13.72|-4.72|-7.04|19.88|-2.54|-2.93|0.24|14.06|21.35|21.56|12.16|9.10|2.78|23.05
-23.23|-1.03|-20.41|3.85|25.50|-10.11|23.07|-2.67|11.58|-8.71|15.89|-7.92|-8.46|-12.33|-10.06|13.93|22.95|-0.28|1.29|17.94|-15.71|-45.89|22.82|-9.07|10.81|45.43|2.64
35.10|34.70|-11.93|39.29|13.61|2.03|6.40|-16.68|23.59|-12.44|-6.62|32.82|11.58|-0.28|6.91|15.51|18.04|8.92|-0.28|26.89|3.14|5.37|-0.74|-1.63|-23.70|14.44|-40.80
8.17|-16.77|21.17|7.29|7.42|-14.38|-16.62|-2.95|-26.73|1.74|18.25|17.72|5.00|-1.77|14.13|7.30|3.75|12.03|-13.58|-24.63|-16.81|-37.87|-30.20|15.18|13.31|8.36|-28.55
-26.20|-10.55|13.61|37.57|-26.22|-4.55|22.80|7.27|-0.23|-44.83|18.49|8.27|-3.86|8.77|-3.59|-7.37|37.44|-25.82|19.71|33.92|-21.10|0.94|-7.16|-16.98|9.80|-17.44|-4.23
------ Dim separator ------
24.58|28.66|27.23|32.24|0.27|13.77|-3.06|-26.26|1.86|-2.31|-14.98|-29.31|2.96|-1.25|-11.60|19.44|-14.54|41.07|5.34|43.52|-6.28|-30.88|18.18|10.96|5.20|-15.32|3.54
-9.76|-26.82|-3.99|-27.34|15.30|4.94|7.84|-45.97|6.97|-21.60|14.49|26.97|-12.85|6.56|-10.38|2.16|34.31|-2.43|-24.53|34.43|0.16|26.96|-0.79|-2.29|-11.44|8.00|-0.00
-13.40|-6.69|-19.09|8.73|-39.96|48.95|-20.15|27.66|-4.56|10.77|-1.26|0.96|19.66|-3.17|18.10|-15.29|4.48|25.49|3.13|0.74|-8.10|-19.81|5.70|4.74|2.74|19.09|-19.73
-20.94|6.14|-19.54|-2.90|28.06|-5.58|-7.20|28.06|-37.82|6.21|10.08|16.17|-11.13|8.71|-3.26|-24.31|20.78|-14.70|7.15|-16.99|1.71|-20.69|-23.22|11.73|8.67|-36.73|-4.06
-11.07|7.29|-0.51|2.24|-30.35|-29.29|-12.92|-20.57|11.65|-21.79|27.08|20.65|-2.03|-2.43|3.52|-28.02|-2.28|-14.40|17.50|7.41|1.21|16.14|-14.35|4.88|-35.45|8.16|12.20
