------ Dim separator ------
0.48|-0.44|-0.06|-0.46|-0.14|-0.18|-1.14|-0.45|-0.37|0.04|-0.44|0.41|-0.00|0.00|0.00|0.29|-0.67|0.98|-0.63|0.95|-0.85|0.27|-0.12|0.46|1.42|0.13|-1.13
0.13|0.82|-0.20|0.53|-0.28|-0.35|-0.12|-0.18|0.38|-0.74|-1.06|-1.10|-0.00|0.01|-0.00|-0.25|-0.58|1.03|0.69|0.78|1.16|-0.55|-0.13|0.75|0.09|0.31|0.18
0.78|-0.49|-0.47|0.70|-0.04|-0.37|-0.40|-0.00|-0.38|-0.32|-0.23|0.59|0.00|-0.00|-0.01|-0.37|-0.22|0.18|1.12|0.83|0.33|-0.70|-0.21|0.52|-0.21|-0.62|-0.24
-0.25|1.02|0.77|-0.51|0.25|0.24|0.38|0.03|0.14|-0.40|-0.72|1.38|-0.00|0.00|-0.00|-0.72|-0.05|-0.22|-0.63|-0.22|-0.41|0.21|0.60|-0.32|-1.15|0.59|1.91
0.19|-0.27|-0.47|-0.31|0.96|0.51|-0.55|-0.23|0.17|-0.70|0.59|0.23|0.00|0.00|0.01|0.67|-0.55|0.72|-0.10|-0.27|-0.37|0.62|-0.02|-1.55|1.48|0.20|-0.30
------ Dim separator ------
0.92|0.23|0.79|0.62|0.43|-0.21|0.78|0.36|0.09|-0.07|-0.55|-0.47|-0.01|0.00|0.00|0.77|0.06|0.39|-1.05|-0.38|1.04|0.27|-0.81|-0.02|0.71|-0.18|0.81
0.70|-0.64|-0.01|-0.42|-0.03|-0.87|0.26|-0.18|-0.42|-0.26|-0.48|0.15|-0.00|-0.00|0.00|-0.18|-0.60|0.82|-0.46|-0.88|0.47|0.08|-0.86|0.03|-0.25|0.16|0.93
0.20|-0.65|-0.42|0.93|-0.05|0.41|0.48|-0.52|-0.12|-0.18|0.53|-1.29|1.00|0.00|-0.00|0.00|0.00|0.00|1.00|-0.04|0.03|-0.49|1.20|0.16|-0.44|0.83|0.06
0.14|0.30|0.61|0.36|1.31|0.05|0.46|0.32|-0.14|0.33|-0.28|0.65|1.00|0.00|0.00|0.00|0.00|-0.00|1.00|-0.28|0.10|-0.25|-0.26|0.09|-0.86|1.43|1.18
-0.22|0.02|1.38|0.72|1.02|-0.55|-0.37|0.01|-0.37|-0.22|-0.14|-0.60|-0.00|0.00|0.01|-0.68|0.11|-0.34|-0.39|-2.05|-0.42|-0.24|0.54|0.43|0.31|0.20|-0.56
------ Dim separator ------
0.43|-0.74|-1.03|1.08|0.00|-0.28|0.28|-0.68|-0.57|-0.21|0.66|0.46|-0.00|-0.00|-0.01|0.20|-0.50|-0.65|-0.51|0.57|-0.26|0.28|0.36|-0.59|-1.29|-0.14|-0.43
0.42|-0.08|-0.26|-0.71|-0.13|-0.86|0.40|-0.05|0.46|-0.39|0.44|-0.63|-0.00|0.00|0.01|1.07|0.47|0.43|-0.42|-0.22|0.04|-0.50|-0.32|0.27|-0.16|-0.72|-1.02
0.10|0.31|1.00|0.70|0.34|0.42|-0.01|0.04|-0.36|-0.28|-0.06|-0.06|-0.01|0.00|0.01|0.37|-0.18|0.84|0.01|-0.41|0.90|-0.49|0.84|0.78|-0.01|-0.42|0.21
-1.47|0.83|0.65|-0.01|-0.55|1.34|0.82|0.35|0.46|0.06|-0.62|0.26|-0.00|-0.01|-0.00|0.50|-0.84|-0.14|-0.39|-0.95|-1.14|-0.46|0.77|-0.04|0.99|-0.39|-0.22
0.22|-0.48|0.50|-0.90|1.08|0.43|-0.16|-1.39|-0.22|0.90|0.20|-0.53|-0.00|0.00|-0.00|-0.34|-0.46|0.64|-0.54|0.12|0.58|0.61|-1.07|0.55|0.21|1.04|0.78
------ Dim separator ------
0.40|-0.41|-0.53|-1.65|0.96|0.08|0.23|-0.11|0.23|0.51|-0.13|0.39|0.00|-0.00|-0.00|-0.48|-0.37|-0.47|-1.70|0.65|-0.05|-0.15|0.87|-0.78|0.40|0.58|-0.27
-0.20|-0.15|-0.50|0.40|-0.17|-0.94|-0.05|-0.31|-0.17|0.32|0.07|-0.20|-0.00|0.00|-0.00|-0.07|0.59|0.25|-0.15|-0.55|0.60|-0.31|0.30|0.13|-0.11|1.09|0.27
0.26|-0.04|-0.22|0.74|0.51|0.22|0.27|0.17|-0.10|-0.13|0.11|0.30|1.00|-0.00|-0.00|0.00|0.00|0.00|1.00|0.62|-1.01|0.39|0.35|0.94|0.43|-0.24|-0.19
1.31|0.22|-0.38|-0.23|0.50|-0.12|0.67|-0.61|0.41|-0.43|-0.49|0.44|0.00|0.00|0.00|0.98|-0.11|-0.03|0.81|-0.11|-0.12|-0.70|-0.28|-0.31|-0.39|0.23|-0.42
1.38|-0.60|-1.47|-0.92|-0.21|0.68|-0.18|0.67|0.25|-0.66|1.07|0.05|0.00|-0.00|-0.00|0.70|-0.55|-0.43|-1.59|0.27|0.30|-1.16|0.24|0.15|1.50|-0.32|0.54
------ Dim separator ------
-0.21|1.06|0.22|0.60|0.27|-1.27|1.03|0.59|-0.47|-0.70|0.25|0.06|-0.00|0.00|-0.00|-0.13|0.11|0.00|-0.30|-0.58|0.16|0.02|-0.43|-1.52|0.89|-0.38|0.33
-0.72|-0.17|-1.39|-0.31|0.20|0.13|0.91|0.03|0.22|0.85|-0.92|-0.95|0.01|0.01|-0.00|0.45|0.10|0.62|0.01|-0.47|-0.90|-0.55|-0.57|-0.83|-0.38|-0.23|0.04
0.60|0.21|-0.17|0.76|-0.51|-0.02|-0.26|-0.30|-0.73|-0.13|1.48|0.42|1.00|0.00|0.00|0.00|0.00|0.00|1.00|-0.06|-0.16|0.70|0.99|-0.10|1.07|-0.06|-0.08
0.26|0.66|0.45|0.05|0.39|-0.06|-0.56|-0.19|-1.41|0.34|-0.05|0.07|0.99|-0.00|-0.01|0.00|-0.00|-0.00|1.00|0.42|0.06|-0.17|-0.17|1.15|-1.32|0.20|1.55
1.10|0.49|0.30|-0.64|0.09|-0.33|0.08|-1.33|-0.04|-0.61|-0.77|0.90|0.00|-0.01|0.01|-0.98|-0.92|-0.51|0.18|-0.59|0.55|0.33|-0.71|0.01|0.62|0.38|-0.71
