------ Dim separator ------
0.46|-0.44|0.20|-0.63|-0.15|-0.03|-0.67|-0.26|-0.39|-0.63|-0.06|-0.11|0.00|-0.01|0.01|0.23|-0.48|0.51|-0.37|0.50|-0.90|0.20|-0.18|0.67|1.10|-0.01|-0.75
0.07|0.68|-0.19|0.33|-0.11|-0.21|0.22|-0.48|0.14|-0.94|-0.94|-1.05|-0.00|-0.00|0.01|0.26|-0.48|1.14|0.48|0.60|0.90|-0.68|0.35|0.24|0.38|0.11|-0.18
0.85|-0.46|-0.42|0.65|-0.16|-0.61|-0.28|0.36|-0.00|0.07|0.02|0.35|0.01|0.02|-0.01|-0.25|0.13|-0.32|0.87|1.01|0.09|-0.52|0.16|0.41|-0.11|-0.96|-0.24
0.05|0.70|0.99|-0.16|0.66|0.20|0.05|-0.27|0.25|-0.45|-0.31|1.19|-0.00|0.00|-0.01|-0.69|0.10|-0.05|-0.27|0.09|0.15|-0.20|0.02|-0.27|-0.85|0.61|1.41
0.26|-0.52|-0.38|-0.12|0.64|0.47|-0.06|-0.33|0.45|-0.74|0.52|0.61|-0.01|0.01|0.01|0.84|0.05|0.47|-0.31|-0.07|-0.67|0.45|0.27|-0.98|0.79|0.50|-0.38
------ Dim separator ------
0.98|0.05|0.28|0.63|0.20|-0.09|0.50|0.60|0.05|-0.19|-0.39|-0.04|0.00|0.00|-0.00|0.91|0.56|0.38|-0.76|-0.31|1.12|-0.32|-0.72|-0.31|0.85|-0.34|0.13
0.89|-0.22|0.24|-0.25|0.36|-0.90|0.21|0.08|-0.21|-0.03|-0.34|-0.51|-0.00|-0.01|0.00|0.31|-0.50|0.50|-0.24|-0.98|0.58|0.23|-0.27|0.27|-0.37|0.45|0.65
0.10|-0.41|-0.46|0.63|0.25|0.58|0.82|-0.13|-0.03|-0.79|0.72|-1.07|-0.02|0.00|-0.00|0.24|-0.29|0.22|0.88|0.31|-0.13|-0.08|0.67|-0.30|0.07|1.22|-0.13
0.80|0.26|0.53|-0.20|0.74|-0.25|0.71|0.24|-0.49|0.28|-0.49|0.62|-0.01|0.00|0.01|-0.11|0.12|0.09|0.76|-0.59|-0.56|-0.19|-0.58|0.59|-0.56|0.93|0.61
-0.10|0.64|1.16|0.50|0.36|-0.97|-0.66|0.03|-0.46|-0.22|0.44|-0.10|0.00|0.01|0.00|-0.21|-0.41|0.09|-0.28|-1.41|-0.78|-0.17|0.30|-0.19|-0.15|-0.12|-0.41
------ Dim separator ------
0.32|-0.41|-0.59|1.07|0.07|-0.08|-0.05|-0.67|-0.89|-0.27|0.28|0.22|-0.00|-0.00|0.00|-0.24|-0.10|-0.57|-0.56|0.41|0.02|0.01|0.27|-0.08|-1.52|-0.02|-0.55
0.34|0.12|-0.22|-0.72|-0.23|-0.40|0.23|-0.04|0.51|-0.23|0.42|-0.47|0.00|0.01|0.01|0.85|0.65|0.17|-0.06|-0.35|-0.03|0.05|0.07|0.62|0.21|-0.56|-0.65
-0.09|0.31|0.46|0.94|0.22|0.24|-0.01|0.01|-0.11|-0.07|0.07|0.11|-0.00|0.01|0.02|0.16|-0.41|0.56|0.24|-0.53|1.12|-0.33|0.73|0.93|0.32|-0.63|0.19
-1.57|0.82|0.34|-0.01|-0.43|0.86|0.59|0.08|0.21|0.52|-0.64|0.47|-0.01|-0.01|-0.00|0.22|-0.61|-0.31|-0.62|-0.95|-0.70|-0.17|-0.13|0.54|0.52|-0.12|-0.06
0.24|-0.48|0.51|-1.35|1.54|0.44|0.11|-1.22|-0.02|0.81|0.14|-1.07|-0.01|-0.00|0.01|-0.42|-0.89|0.16|-0.47|-0.16|0.55|0.28|-0.79|0.33|-0.07|1.01|-0.02
------ Dim separator ------
0.56|-0.44|-0.86|-1.40|0.76|0.42|0.13|-0.43|-0.36|0.08|0.04|0.27|0.00|0.00|0.01|-0.61|-0.62|-0.89|-1.41|0.23|-0.09|-0.22|1.30|-1.10|0.35|0.46|-0.10
-0.03|0.19|-0.19|0.61|-0.52|-0.26|-0.14|-0.31|-0.45|0.29|-0.53|-0.21|-0.01|0.01|0.01|0.13|0.23|0.09|-0.02|-0.31|0.48|-0.20|0.36|0.20|-0.16|1.23|-0.18
0.45|0.22|-0.59|0.95|0.31|0.12|0.42|0.29|0.37|-0.41|0.32|-0.02|-0.01|0.00|0.01|0.55|0.20|0.03|0.85|0.60|-0.61|0.41|0.15|0.95|0.35|-0.58|-0.25
0.93|-0.14|0.38|-0.41|0.38|-0.23|0.86|-0.35|0.34|-0.13|-0.35|0.05|0.00|-0.01|-0.01|0.77|-0.32|0.20|0.56|0.00|0.22|-0.22|-0.46|-0.21|0.08|-0.02|-0.30
1.15|-0.18|-0.96|-1.44|0.02|0.75|-0.33|0.54|0.03|-0.94|1.00|0.27|0.02|0.00|-0.00|0.80|0.07|-0.10|-0.94|0.28|0.52|-0.89|0.28|0.37|1.30|-0.09|0.54
------ Dim separator ------
-0.36|1.12|0.45|0.65|0.68|-1.13|0.73|0.95|-0.57|-0.31|0.36|0.23|-0.00|0.00|0.00|-0.06|0.40|0.23|-0.40|-0.46|-0.05|-0.55|0.03|-1.31|0.88|-0.18|0.23
-0.75|-0.24|-0.91|0.10|-0.02|-0.20|0.74|0.28|0.10|0.51|-1.00|-0.77|-0.00|0.01|0.00|-0.01|0.44|0.53|0.15|-0.18|-0.71|-0.45|-0.75|-0.58|-0.05|0.46|0.17
0.60|0.13|-0.17|0.78|-0.41|-0.19|-0.08|-0.34|-0.72|-0.16|0.93|0.18|0.99|-0.01|-0.00|-0.00|1.00|0.01|-0.00|0.19|-0.60|0.18|0.58|-0.08|1.17|-0.30|0.49
0.73|0.63|-0.11|0.23|-0.36|-0.01|-0.12|-0.27|-0.83|0.30|-0.17|0.25|-0.03|-0.01|-0.01|0.39|0.12|0.13|0.96|0.25|0.41|-0.39|-0.26|0.74|-1.28|0.11|1.23
0.56|0.34|0.40|-0.27|-0.11|-0.24|0.34|-0.89|0.29|-0.31|-0.69|0.99|-0.00|-0.01|-0.01|-0.89|-1.03|-0.57|-0.30|-0.13|0.14|0.28|-0.64|-0.19|0.54|0.44|-0.74
