------ Dim separator ------
0.47|0.17|0.26|-0.30|-0.15|-0.14|-0.78|-0.43|-0.32|-0.35|-0.09|0.22|-0.02|-0.00|0.00|0.36|-0.32|0.59|-0.35|0.62|-0.84|0.17|-0.13|0.85|1.00|0.13|-0.99
0.31|0.62|-0.13|0.10|-0.01|-0.11|0.33|-0.23|0.36|-0.58|-1.00|-0.80|-0.00|-0.02|0.00|0.18|-0.52|0.95|0.64|0.41|0.77|-0.39|-0.15|0.65|0.42|0.25|-0.14
0.82|-0.57|-0.21|0.75|0.07|-0.20|-0.17|0.12|0.24|0.14|0.05|0.13|0.03|0.01|-0.01|-0.31|-0.30|-0.19|0.82|0.75|0.09|-0.65|0.05|0.44|-0.31|-1.03|-0.14
-0.25|0.75|0.88|-0.27|0.51|0.22|0.36|-0.03|0.03|-0.40|-0.24|1.06|-0.00|0.01|0.02|-0.56|0.03|-0.06|-0.27|0.21|-0.03|0.24|0.22|-0.43|-1.17|0.92|1.24
0.17|-0.20|-0.43|-0.28|0.86|0.43|-0.08|-0.40|0.25|-0.70|0.43|0.58|-0.02|0.01|0.01|0.53|-0.09|0.47|-0.02|-0.16|-0.74|0.47|0.28|-0.96|0.67|0.55|-0.28
------ Dim separator ------
0.80|0.09|0.14|0.64|0.12|-0.25|0.39|0.55|0.14|-0.15|-0.20|-0.07|-0.02|0.00|0.00|0.89|0.42|0.34|-0.80|-0.22|0.89|-0.13|-0.49|-0.44|0.56|0.16|0.44
0.89|-0.38|0.13|-0.19|-0.00|-0.71|0.30|-0.32|-0.40|0.02|-0.31|-0.24|-0.02|-0.02|0.00|0.05|-0.48|0.72|-0.26|-0.88|0.74|-0.02|-0.47|0.32|-0.42|0.04|0.68
0.43|-0.33|-0.40|0.80|-0.01|0.47|0.44|-0.18|-0.01|-0.64|0.67|-0.95|-0.04|0.02|0.00|0.19|-0.09|-0.29|0.59|0.07|-0.01|-0.16|0.94|-0.32|0.10|1.08|-0.06
0.77|0.26|0.39|-0.01|1.03|-0.08|0.64|0.59|-0.18|0.13|-0.59|0.58|0.03|0.00|-0.00|0.10|0.05|-0.21|0.94|-0.31|-0.35|-0.04|-0.44|0.61|-0.43|1.02|0.91
-0.04|0.43|1.21|0.45|0.58|-0.90|-0.41|-0.08|-0.24|-0.24|0.11|-0.40|-0.00|0.04|-0.00|-0.27|-0.08|-0.08|-0.55|-1.46|-0.86|-0.19|0.35|-0.00|-0.01|0.19|-0.47
------ Dim separator ------
0.42|-0.60|-0.96|0.77|0.12|0.14|0.04|-0.62|-0.64|0.11|0.40|-0.07|-0.02|-0.01|-0.02|-0.10|-0.26|-0.64|-0.42|0.59|-0.15|0.20|0.17|-0.63|-1.33|0.04|-0.26
0.52|0.00|-0.32|-0.41|-0.17|-0.21|0.39|-0.00|0.63|-0.10|0.49|-0.27|0.01|0.01|0.03|0.91|0.60|0.18|-0.37|-0.20|-0.05|-0.10|-0.05|0.16|0.33|-0.40|-0.69
-0.19|0.31|0.56|1.01|0.36|0.39|0.20|0.20|-0.06|-0.30|-0.05|-0.01|0.01|0.05|0.02|0.51|-0.19|0.63|0.38|-0.58|1.11|-0.59|1.02|0.79|0.14|-0.35|0.48
-1.41|0.68|0.29|0.26|-0.50|0.69|0.53|0.18|0.16|0.32|-0.59|0.56|0.01|-0.02|0.00|0.41|-0.79|-0.34|-0.42|-0.86|-0.69|-0.25|-0.15|-0.01|0.62|-0.23|-0.11
0.24|-0.15|0.35|-1.17|1.02|0.31|-0.27|-1.12|-0.04|0.99|0.26|-0.70|0.00|-0.01|0.02|-0.31|-0.93|0.25|-0.30|0.07|0.45|0.05|-0.81|0.30|0.09|0.87|0.30
------ Dim separator ------
0.04|-0.27|-0.41|-1.39|0.64|0.39|0.03|-0.05|-0.04|0.27|-0.20|0.20|-0.00|0.01|0.02|-0.39|-0.37|-0.72|-1.34|0.51|-0.29|-0.17|1.14|-1.01|0.20|0.56|0.07
0.01|0.37|-0.01|0.46|-0.41|-0.59|0.07|-0.06|-0.63|0.25|-0.31|-0.02|-0.02|0.01|-0.00|-0.19|0.26|0.20|-0.04|-0.18|0.56|-0.04|0.19|-0.05|-0.00|1.31|0.11
0.69|-0.01|-0.41|0.78|0.54|-0.17|0.37|0.39|-0.06|-0.19|-0.02|0.13|-0.01|0.01|0.02|0.19|0.23|0.15|0.88|0.73|-0.81|0.26|0.06|0.81|0.29|-0.48|0.06
0.95|0.34|-0.10|-0.24|0.43|-0.25|0.65|-0.42|0.30|-0.54|-0.32|-0.12|-0.00|0.01|0.00|1.03|-0.37|0.07|0.64|-0.18|-0.09|-0.22|-0.40|-0.45|-0.19|-0.33|-0.26
1.17|-0.13|-1.23|-1.25|-0.11|0.79|-0.52|0.52|0.03|-0.79|0.98|0.44|0.03|-0.01|-0.02|0.65|-0.03|-0.09|-1.02|0.37|0.26|-0.65|0.00|0.30|1.29|-0.19|0.38
------ Dim separator ------
-0.68|0.68|0.21|0.43|0.46|-1.14|1.04|0.61|-0.45|-0.29|0.36|0.05|0.02|0.01|-0.01|-0.60|0.23|-0.05|-0.49|-0.60|-0.21|-0.45|-0.14|-1.29|0.69|-0.17|0.27
-0.74|-0.23|-1.10|0.17|0.07|-0.26|0.62|-0.07|-0.04|0.65|-0.83|-0.75|0.02|0.03|-0.01|0.05|0.46|0.36|-0.04|-0.36|-0.80|-0.43|-0.56|-0.31|-0.13|0.19|-0.21
0.45|0.14|-0.28|0.69|-0.30|-0.06|-0.17|-0.25|-0.58|-0.11|1.05|0.04|0.00|-0.01|0.01|0.01|0.25|0.11|0.67|-0.15|-0.45|0.33|0.90|0.09|1.17|-0.09|0.22
0.89|0.68|-0.03|0.33|-0.03|0.24|-0.55|-0.18|-0.84|0.37|0.01|0.06|0.96|-0.02|-0.02|0.00|-0.01|0.00|1.00|0.54|0.01|-0.14|-0.33|0.66|-1.40|0.26|1.15
0.76|0.08|0.28|-0.38|-0.28|-0.42|0.38|-0.80|0.42|-0.39|-0.77|0.95|0.01|-0.01|0.01|-0.82|-0.86|-0.70|-0.25|0.01|0.32|0.07|-0.69|-0.19|0.66|0.12|-0.67
