------ Dim separator ------
0.30|-0.12|0.25|-0.47|-0.19|-0.10|-0.79|-0.20|-0.47|-0.34|-0.23|-0.04|0.02|-0.00|-0.01|0.24|-0.40|0.88|-0.41|0.64|-1.03|0.49|-0.01|0.72|1.12|0.20|-1.03
0.14|0.68|-0.14|0.15|-0.17|-0.05|0.29|-0.42|0.21|-0.78|-1.04|-0.96|-0.00|0.00|-0.00|0.14|-0.46|1.11|0.59|0.57|0.90|-0.51|0.26|0.46|0.42|0.15|-0.26
0.84|-0.66|-0.30|0.67|0.05|-0.27|-0.19|0.16|0.04|0.06|0.05|0.27|-0.01|-0.01|0.01|-0.51|-0.24|-0.19|0.82|0.93|0.08|-0.62|0.08|0.47|-0.27|-0.97|-0.35
-0.12|0.86|0.91|-0.30|0.50|0.04|0.40|-0.18|-0.01|-0.51|-0.36|1.15|0.01|-0.00|0.00|-0.39|0.18|0.00|-0.40|0.11|-0.07|0.08|0.21|-0.30|-1.06|0.62|1.59
0.26|-0.42|-0.56|-0.24|0.72|0.34|-0.08|-0.24|0.15|-0.65|0.42|0.47|-0.00|-0.02|-0.02|0.67|-0.13|0.50|-0.09|-0.20|-0.62|0.40|0.02|-1.09|0.86|0.44|-0.36
------ Dim separator ------
0.75|0.11|0.28|0.64|0.20|-0.18|0.52|0.41|-0.07|-0.22|-0.38|-0.12|0.01|0.00|0.00|0.78|0.36|0.24|-0.82|-0.21|1.10|-0.24|-0.63|-0.45|0.61|-0.03|0.26
0.94|-0.34|0.18|-0.34|0.19|-0.77|0.37|-0.15|-0.30|-0.12|-0.24|-0.19|0.01|0.02|-0.02|0.22|-0.46|0.72|-0.39|-0.96|0.78|0.06|-0.57|0.28|-0.43|0.21|0.73
0.32|-0.48|-0.34|0.80|0.14|0.44|0.56|-0.18|-0.05|-0.49|0.61|-1.00|0.01|-0.03|0.01|0.30|-0.11|-0.10|0.79|0.10|-0.05|-0.21|0.79|-0.35|-0.14|0.97|-0.11
0.73|0.40|0.43|-0.07|1.14|-0.22|0.72|0.57|-0.26|0.20|-0.49|0.57|-0.05|0.01|0.01|0.06|0.16|-0.18|0.98|-0.48|-0.35|-0.11|-0.52|0.61|-0.56|1.02|0.91
-0.14|0.37|1.27|0.53|0.51|-0.91|-0.42|-0.10|-0.42|-0.26|0.34|-0.29|0.01|-0.02|0.00|-0.31|-0.18|0.10|-0.33|-1.38|-0.62|-0.06|0.35|0.08|0.01|0.11|-0.43
------ Dim separator ------
0.34|-0.62|-0.89|0.94|0.09|0.12|0.01|-0.70|-0.86|-0.13|0.42|0.17|0.01|0.02|0.01|-0.08|-0.37|-0.50|-0.50|0.64|-0.06|0.24|0.14|-0.54|-1.40|-0.03|-0.42
0.46|0.14|-0.28|-0.56|-0.13|-0.19|0.39|-0.03|0.63|-0.22|0.52|-0.59|0.01|-0.02|-0.01|0.89|0.63|0.27|-0.23|-0.23|0.02|-0.06|-0.05|0.32|0.20|-0.49|-0.77
-0.09|0.23|0.54|0.94|0.23|0.48|-0.08|0.31|-0.08|-0.25|0.00|0.08|-0.00|-0.03|-0.03|0.38|-0.36|0.78|0.40|-0.66|1.10|-0.53|1.00|0.81|0.18|-0.51|0.36
-1.49|0.65|0.31|0.10|-0.59|0.78|0.62|0.10|0.21|0.38|-0.42|0.33|0.00|0.02|0.00|0.26|-0.82|-0.28|-0.66|-1.10|-0.94|-0.21|-0.17|0.29|0.49|-0.11|-0.35
0.29|-0.33|0.49|-1.14|1.12|0.51|-0.11|-1.14|-0.04|0.99|0.08|-0.95|0.00|-0.00|-0.02|-0.29|-0.77|0.23|-0.19|0.07|0.53|0.36|-0.77|0.29|0.07|0.95|0.39
------ Dim separator ------
0.31|-0.32|-0.36|-1.59|0.85|0.38|0.16|-0.16|-0.12|0.35|-0.06|0.17|0.02|0.01|-0.01|-0.54|-0.40|-0.78|-1.41|0.53|-0.33|-0.10|1.25|-0.85|0.41|0.50|-0.15
-0.08|0.20|-0.24|0.52|-0.50|-0.58|-0.00|-0.18|-0.61|0.35|-0.43|-0.05|0.01|-0.00|-0.00|-0.06|0.32|0.27|-0.09|-0.21|0.55|-0.14|0.25|0.02|-0.07|1.23|0.19
0.54|0.15|-0.57|0.87|0.54|0.05|0.20|0.18|0.08|-0.26|0.05|0.07|-0.03|-0.00|-0.01|0.09|0.22|0.01|0.89|0.61|-0.60|0.23|0.14|0.69|0.29|-0.40|-0.10
1.11|0.22|0.02|-0.27|0.27|-0.08|0.67|-0.32|0.23|-0.38|-0.21|0.01|-0.00|-0.00|0.00|0.94|-0.33|-0.12|0.63|-0.15|-0.12|-0.13|-0.43|-0.34|-0.42|-0.08|-0.35
1.17|-0.20|-1.02|-1.32|-0.10|0.81|-0.37|0.52|0.02|-0.70|1.21|0.33|-0.02|-0.01|0.00|0.82|-0.05|-0.09|-0.95|0.20|0.43|-0.92|0.25|0.30|1.35|-0.23|0.39
------ Dim separator ------
-0.71|0.93|0.14|0.48|0.38|-0.99|0.96|0.78|-0.59|-0.39|0.45|0.15|-0.01|0.00|-0.00|-0.32|0.19|-0.06|-0.43|-0.62|-0.16|-0.34|-0.01|-1.38|0.74|-0.21|0.23
-0.66|-0.34|-1.14|0.09|0.27|-0.18|0.86|0.03|0.02|0.50|-0.79|-0.79|-0.00|-0.03|0.00|0.00|0.40|0.34|-0.10|-0.42|-0.76|-0.50|-0.75|-0.54|-0.25|0.25|0.04
0.52|0.15|-0.29|0.78|-0.46|-0.20|-0.07|-0.31|-0.71|-0.27|1.25|0.14|0.01|-0.00|-0.02|-0.07|0.27|0.17|0.64|-0.07|-0.47|0.46|0.79|-0.02|1.23|-0.27|0.17
0.72|0.71|-0.04|0.31|-0.19|0.16|-0.41|-0.18|-0.87|0.21|-0.07|0.06|0.07|0.02|0.01|0.08|-0.01|0.06|0.95|0.41|0.19|-0.30|-0.19|0.82|-1.39|0.01|1.15
0.73|0.21|0.36|-0.44|-0.22|-0.33|0.26|-1.11|0.30|-0.24|-0.76|0.98|0.01|0.00|-0.00|-0.99|-0.86|-0.64|-0.18|-0.05|0.33|0.11|-0.67|-0.09|0.45|0.22|-0.69
