------ Dim separator ------
0.65|-0.18|0.13|-0.49|-0.21|-0.19|-0.89|-0.27|-0.08|-0.24|-0.04|0.04|-0.00|-0.01|-0.01|0.41|-0.40|0.31|-0.50|0.73|-0.95|0.11|-0.15|0.62|0.85|0.11|-0.96
0.02|0.59|-0.41|0.37|-0.05|-0.04|0.06|-0.30|0.28|-0.66|-1.10|-1.09|0.00|0.01|0.00|0.14|-0.53|0.82|0.62|0.61|0.87|-0.60|-0.07|0.66|0.39|0.48|-0.13
0.74|-0.36|-0.14|0.74|-0.20|-0.18|-0.29|0.22|-0.01|-0.19|-0.05|0.15|0.99|0.01|0.01|0.00|-0.01|-0.01|1.00|0.76|0.10|-0.76|-0.16|0.52|0.02|-0.95|-0.04
0.15|0.79|0.44|-0.17|0.37|0.49|0.42|-0.01|-0.01|-0.52|-0.48|1.02|0.01|-0.01|-0.01|-0.71|0.06|-0.01|-0.38|0.21|-0.08|0.24|0.21|-0.32|-1.07|0.95|1.34
0.10|-0.11|-0.41|-0.21|0.84|0.43|-0.04|-0.25|0.32|-0.47|0.59|0.42|-0.00|-0.00|-0.00|0.52|0.02|0.42|-0.15|-0.30|-0.58|0.42|0.30|-1.01|1.15|0.47|-0.13
------ Dim separator ------
0.87|0.04|0.33|0.79|0.48|0.05|0.60|0.50|0.12|0.12|-0.04|-0.13|0.01|-0.01|0.00|0.86|0.24|0.26|-0.83|-0.20|0.78|0.18|-0.53|-0.37|0.71|0.10|0.50
0.80|-0.13|0.07|-0.45|-0.07|-0.71|-0.08|-0.48|-0.13|-0.01|-0.35|-0.21|0.00|0.00|-0.00|-0.19|-0.43|0.83|-0.25|-0.93|0.60|0.19|-0.56|0.48|-0.53|0.12|0.56
0.18|-0.62|-0.34|0.81|0.02|0.41|0.46|-0.16|-0.37|-0.81|0.69|-1.15|0.00|-0.01|-0.00|0.12|-0.30|-0.14|0.90|0.14|0.01|-0.09|0.99|-0.03|-0.04|1.02|-0.01
0.69|0.35|0.59|0.06|0.86|-0.33|0.68|0.57|-0.03|0.27|-0.27|0.48|0.98|0.00|-0.01|0.01|0.00|-0.00|1.00|-0.27|-0.41|-0.08|-0.36|0.50|-0.55|1.22|0.78
-0.33|0.57|1.45|0.50|0.63|-0.69|-0.42|-0.03|-0.37|-0.30|0.20|-0.53|0.01|-0.02|-0.01|-0.46|-0.28|0.03|-0.40|-1.76|-0.67|-0.10|0.36|-0.06|-0.21|0.04|-0.29
------ Dim separator ------
0.53|-0.80|-0.97|0.87|0.03|0.03|0.15|-0.65|-0.62|0.23|0.64|0.16|0.00|0.02|0.02|-0.23|-0.18|-0.60|-0.18|0.45|-0.09|0.11|0.44|-0.27|-1.33|-0.05|-0.19
0.43|-0.19|-0.23|-0.33|-0.01|-0.31|0.33|-0.12|0.62|-0.16|0.38|-0.45|-0.00|-0.01|-0.03|1.02|0.62|0.17|-0.21|-0.57|-0.04|-0.27|-0.12|0.29|0.34|-0.43|-0.68
-0.30|0.34|0.82|0.71|0.18|0.27|-0.13|0.08|-0.18|-0.24|-0.15|0.17|-0.01|-0.02|-0.02|0.70|-0.33|0.65|0.32|-0.18|1.07|-0.35|0.86|0.67|0.38|-0.33|0.24
-1.49|0.80|0.52|0.27|-0.51|0.93|0.81|0.04|0.37|0.57|-0.59|0.57|-0.00|0.02|0.00|0.17|-0.61|-0.23|-0.30|-0.96|-0.71|-0.55|0.05|-0.19|0.66|-0.17|-0.13
0.04|-0.41|0.31|-1.35|1.19|0.39|-0.31|-1.05|0.05|0.80|0.21|-0.67|0.00|0.01|0.00|-0.52|-0.66|0.05|-0.29|0.05|0.51|0.27|-0.92|0.47|0.19|0.90|0.39
------ Dim separator ------
0.14|-0.09|-0.43|-1.21|0.69|0.48|0.08|-0.31|0.00|0.11|-0.38|0.09|-0.00|-0.02|-0.01|-0.41|-0.35|-0.87|-1.46|0.37|-0.13|-0.17|1.19|-0.99|0.05|0.66|0.01
-0.07|0.25|-0.12|0.46|-0.41|-0.57|-0.05|0.01|-0.26|0.38|-0.23|-0.04|0.01|-0.01|0.01|-0.12|0.27|0.13|-0.25|-0.24|0.74|-0.24|0.53|-0.01|-0.03|1.05|-0.08
0.58|0.17|-0.36|0.78|0.37|0.04|0.40|0.46|-0.11|-0.18|0.26|0.30|0.98|-0.01|0.00|0.00|-0.00|-0.00|1.00|0.96|-0.84|0.32|0.28|0.80|0.40|-0.52|-0.09
1.11|-0.08|-0.17|-0.24|0.56|-0.13|0.83|-0.44|0.12|-0.30|-0.38|0.11|0.00|-0.01|0.00|0.72|-0.09|0.21|0.61|-0.03|-0.05|-0.54|-0.48|-0.30|-0.04|0.05|-0.32
1.33|-0.28|-1.25|-1.12|-0.05|0.83|-0.52|0.81|0.21|-0.73|1.38|0.44|-0.02|0.01|-0.01|0.98|-0.26|-0.58|-1.19|0.19|0.50|-0.79|0.20|0.06|1.39|0.13|0.54
------ Dim separator ------
-0.50|1.19|0.31|0.26|0.32|-1.28|0.89|0.65|-0.39|-0.50|0.53|0.04|-0.01|0.00|0.00|-0.30|0.46|0.25|-0.25|-0.67|-0.15|-0.50|-0.06|-1.33|0.80|-0.18|0.23
-0.84|-0.09|-1.32|0.01|-0.06|0.02|0.89|0.17|0.31|0.51|-0.78|-0.54|-0.02|-0.01|0.01|0.02|0.17|0.81|0.20|-0.38|-0.79|-0.39|-0.69|-0.55|-0.06|0.22|-0.05
0.45|0.30|-0.22|0.69|-0.47|-0.13|-0.24|-0.22|-0.60|-0.14|1.42|0.20|0.99|-0.01|-0.00|-0.01|0.01|-0.00|0.99|-0.04|-0.51|0.44|0.90|0.06|1.31|-0.05|0.18
0.77|0.69|0.19|0.02|-0.18|0.06|-0.29|-0.05|-0.96|0.24|-0.09|0.07|0.04|0.01|0.01|0.16|-0.03|-0.09|1.19|0.22|0.10|-0.14|-0.22|0.80|-1.45|0.33|1.38
0.69|0.21|0.59|-0.22|0.00|-0.43|0.36|-0.84|0.10|-0.59|-0.68|0.93|-0.01|0.01|0.00|-0.68|-0.84|-0.85|-0.12|-0.10|0.28|0.35|-0.72|-0.11|0.68|0.16|-0.56
