------ Dim separator ------
0.49|-0.43|-0.05|-0.46|-0.14|-0.18|-1.14|-0.46|-0.38|0.04|-0.43|0.41|0.01|-0.00|0.00|0.30|-0.67|0.97|-0.62|0.94|-0.85|0.26|-0.12|0.47|1.41|0.13|-1.12
0.14|0.81|-0.19|0.54|-0.28|-0.34|-0.11|-0.18|0.37|-0.74|-1.07|-1.09|-0.00|-0.00|0.00|-0.24|-0.58|1.03|0.70|0.78|1.15|-0.55|-0.14|0.76|0.09|0.31|0.18
0.78|-0.49|-0.47|0.70|-0.05|-0.37|-0.39|-0.01|-0.36|-0.32|-0.22|0.59|0.01|0.00|0.00|-0.37|-0.22|0.16|1.11|0.83|0.33|-0.69|-0.21|0.53|-0.21|-0.63|-0.24
-0.25|1.01|0.78|-0.51|0.26|0.25|0.39|0.05|0.15|-0.40|-0.70|1.38|-0.01|0.00|0.00|-0.73|-0.05|-0.22|-0.63|-0.21|-0.41|0.22|0.60|-0.32|-1.14|0.61|1.90
0.19|-0.26|-0.46|-0.31|0.97|0.50|-0.53|-0.22|0.17|-0.70|0.57|0.23|-0.00|0.00|0.00|0.68|-0.54|0.72|-0.10|-0.28|-0.38|0.62|-0.01|-1.54|1.47|0.21|-0.29
------ Dim separator ------
0.93|0.23|0.79|0.62|0.42|-0.21|0.78|0.37|0.09|-0.07|-0.55|-0.46|-0.01|0.00|0.01|0.77|0.06|0.39|-1.04|-0.39|1.05|0.26|-0.81|-0.03|0.69|-0.17|0.81
0.71|-0.64|-0.01|-0.43|-0.04|-0.87|0.26|-0.19|-0.42|-0.26|-0.47|0.14|0.00|-0.01|-0.00|-0.18|-0.59|0.82|-0.46|-0.89|0.47|0.08|-0.85|0.04|-0.26|0.16|0.93
0.21|-0.64|-0.42|0.92|-0.06|0.42|0.48|-0.52|-0.12|-0.18|0.52|-1.28|0.98|0.00|-0.00|0.00|-0.01|-0.00|1.00|-0.04|0.03|-0.49|1.20|0.16|-0.43|0.83|0.06
0.14|0.30|0.61|0.36|1.31|0.04|0.45|0.32|-0.14|0.32|-0.28|0.65|0.99|-0.00|-0.00|-0.00|0.01|-0.01|0.99|-0.27|0.09|-0.25|-0.27|0.09|-0.85|1.42|1.18
-0.22|0.01|1.39|0.72|1.01|-0.55|-0.38|0.01|-0.36|-0.22|-0.14|-0.59|-0.00|0.01|0.00|-0.67|0.11|-0.34|-0.39|-2.03|-0.43|-0.24|0.55|0.43|0.31|0.20|-0.56
------ Dim separator ------
0.43|-0.76|-1.03|1.08|-0.00|-0.28|0.28|-0.69|-0.57|-0.21|0.65|0.46|-0.00|-0.01|0.00|0.20|-0.49|-0.64|-0.52|0.57|-0.26|0.27|0.36|-0.59|-1.28|-0.13|-0.44
0.42|-0.08|-0.26|-0.70|-0.13|-0.85|0.40|-0.05|0.46|-0.40|0.44|-0.62|0.00|0.00|0.01|1.07|0.46|0.43|-0.44|-0.22|0.04|-0.49|-0.31|0.27|-0.15|-0.72|-1.02
0.09|0.31|1.00|0.71|0.35|0.42|-0.00|0.05|-0.35|-0.29|-0.06|-0.05|-0.00|0.01|0.00|0.37|-0.17|0.84|0.02|-0.41|0.90|-0.50|0.84|0.78|-0.02|-0.42|0.22
-1.48|0.83|0.65|-0.00|-0.55|1.33|0.82|0.35|0.46|0.07|-0.63|0.26|-0.00|-0.00|-0.00|0.51|-0.85|-0.15|-0.39|-0.95|-1.14|-0.45|0.76|-0.04|0.99|-0.39|-0.22
0.22|-0.48|0.50|-0.90|1.08|0.43|-0.17|-1.38|-0.22|0.91|0.21|-0.53|-0.00|0.00|0.00|-0.35|-0.46|0.63|-0.54|0.12|0.59|0.60|-1.06|0.54|0.20|1.04|0.78
------ Dim separator ------
0.39|-0.40|-0.53|-1.65|0.96|0.10|0.22|-0.11|0.22|0.51|-0.14|0.39|-0.01|-0.00|0.01|-0.48|-0.37|-0.48|-1.70|0.65|-0.06|-0.16|0.87|-0.79|0.39|0.57|-0.25
-0.19|-0.14|-0.49|0.40|-0.18|-0.94|-0.06|-0.30|-0.18|0.31|0.08|-0.20|0.00|0.00|0.00|-0.07|0.59|0.26|-0.16|-0.55|0.61|-0.30|0.30|0.11|-0.11|1.08|0.27
0.25|-0.04|-0.23|0.73|0.51|0.21|0.28|0.19|-0.10|-0.13|0.09|0.30|0.99|-0.00|-0.00|0.00|0.00|-0.00|1.00|0.62|-1.02|0.39|0.35|0.94|0.43|-0.25|-0.19
1.31|0.21|-0.38|-0.23|0.50|-0.12|0.66|-0.60|0.41|-0.42|-0.50|0.43|-0.00|-0.00|0.01|0.98|-0.11|-0.03|0.80|-0.11|-0.12|-0.69|-0.29|-0.31|-0.39|0.22|-0.41
1.37|-0.59|-1.48|-0.92|-0.21|0.67|-0.19|0.66|0.23|-0.66|1.08|0.06|0.00|0.00|-0.00|0.70|-0.55|-0.43|-1.58|0.27|0.29|-1.15|0.23|0.15|1.50|-0.33|0.54
------ Dim separator ------
-0.22|1.05|0.22|0.60|0.28|-1.27|1.04|0.59|-0.47|-0.70|0.25|0.06|-0.00|-0.00|-0.00|-0.14|0.11|0.00|-0.30|-0.58|0.16|0.02|-0.42|-1.52|0.88|-0.38|0.32
-0.72|-0.18|-1.38|-0.31|0.19|0.12|0.92|0.03|0.22|0.84|-0.91|-0.95|0.01|0.00|0.00|0.44|0.11|0.62|0.02|-0.47|-0.89|-0.55|-0.57|-0.82|-0.37|-0.23|0.04
0.60|0.21|-0.18|0.75|-0.51|-0.02|-0.26|-0.30|-0.73|-0.13|1.48|0.42|0.98|-0.01|-0.01|0.00|-0.00|0.01|1.00|-0.06|-0.16|0.69|0.99|-0.11|1.05|-0.06|-0.07
0.26|0.66|0.45|0.06|0.38|-0.06|-0.56|-0.19|-1.40|0.35|-0.04|0.07|0.99|-0.01|-0.01|-0.00|-0.00|0.01|1.00|0.42|0.07|-0.17|-0.18|1.15|-1.33|0.20|1.53
1.10|0.47|0.31|-0.64|0.08|-0.33|0.08|-1.33|-0.02|-0.61|-0.78|0.90|-0.00|-0.00|0.00|-0.97|-0.92|-0.53|0.18|-0.58|0.53|0.33|-0.72|0.01|0.62|0.37|-0.71
