------ Dim separator ------
0.46|-0.44|0.20|-0.62|-0.16|-0.03|-0.67|-0.26|-0.39|-0.62|-0.06|-0.10|0.00|-0.00|0.01|0.23|-0.49|0.52|-0.37|0.51|-0.91|0.21|-0.18|0.66|1.10|-0.01|-0.76
0.07|0.68|-0.18|0.34|-0.11|-0.22|0.22|-0.49|0.14|-0.94|-0.95|-1.06|0.00|-0.00|0.00|0.26|-0.47|1.15|0.48|0.62|0.91|-0.68|0.35|0.24|0.38|0.11|-0.18
0.85|-0.47|-0.42|0.65|-0.16|-0.61|-0.28|0.36|-0.01|0.07|0.01|0.35|0.00|0.01|-0.01|-0.25|0.14|-0.31|0.87|1.01|0.09|-0.52|0.15|0.41|-0.10|-0.95|-0.25
0.05|0.71|1.00|-0.16|0.66|0.19|0.05|-0.27|0.25|-0.45|-0.31|1.20|-0.00|0.00|-0.01|-0.70|0.09|-0.05|-0.27|0.09|0.15|-0.20|0.02|-0.27|-0.85|0.60|1.42
0.27|-0.53|-0.38|-0.13|0.65|0.47|-0.06|-0.33|0.46|-0.74|0.52|0.60|-0.00|0.01|0.01|0.84|0.05|0.47|-0.31|-0.07|-0.67|0.46|0.26|-0.98|0.80|0.50|-0.38
------ Dim separator ------
0.99|0.05|0.29|0.62|0.21|-0.09|0.51|0.60|0.04|-0.19|-0.40|-0.04|0.00|0.00|0.00|0.91|0.55|0.39|-0.77|-0.32|1.14|-0.31|-0.72|-0.31|0.84|-0.34|0.13
0.89|-0.22|0.24|-0.26|0.36|-0.90|0.21|0.08|-0.21|-0.04|-0.34|-0.50|-0.00|-0.01|0.00|0.30|-0.50|0.49|-0.24|-0.99|0.59|0.23|-0.28|0.27|-0.38|0.46|0.67
0.10|-0.41|-0.46|0.63|0.24|0.58|0.81|-0.13|-0.03|-0.79|0.72|-1.08|-0.01|0.01|-0.00|0.24|-0.29|0.23|0.89|0.30|-0.14|-0.09|0.67|-0.29|0.06|1.22|-0.13
0.79|0.27|0.54|-0.20|0.75|-0.26|0.71|0.24|-0.50|0.28|-0.49|0.62|-0.00|0.00|0.00|-0.11|0.12|0.09|0.76|-0.59|-0.56|-0.19|-0.59|0.59|-0.57|0.94|0.61
-0.11|0.63|1.17|0.50|0.37|-0.97|-0.66|0.03|-0.47|-0.22|0.44|-0.10|0.00|0.01|0.00|-0.22|-0.40|0.08|-0.29|-1.42|-0.78|-0.18|0.30|-0.17|-0.15|-0.12|-0.41
------ Dim separator ------
0.31|-0.40|-0.59|1.09|0.07|-0.09|-0.05|-0.67|-0.89|-0.28|0.29|0.23|-0.00|-0.00|-0.00|-0.23|-0.10|-0.57|-0.55|0.41|0.01|0.02|0.26|-0.09|-1.53|-0.03|-0.55
0.34|0.12|-0.22|-0.73|-0.23|-0.41|0.23|-0.03|0.51|-0.23|0.43|-0.48|0.00|0.01|0.00|0.85|0.65|0.17|-0.06|-0.35|-0.02|0.05|0.07|0.63|0.20|-0.55|-0.66
-0.09|0.31|0.47|0.93|0.21|0.25|-0.01|0.01|-0.12|-0.07|0.07|0.12|0.00|0.01|0.01|0.16|-0.42|0.57|0.23|-0.54|1.12|-0.33|0.73|0.93|0.32|-0.64|0.18
-1.58|0.83|0.35|-0.01|-0.44|0.87|0.60|0.08|0.22|0.52|-0.64|0.48|-0.00|-0.01|-0.00|0.23|-0.61|-0.31|-0.63|-0.96|-0.70|-0.18|-0.12|0.55|0.52|-0.13|-0.07
0.23|-0.47|0.52|-1.35|1.54|0.44|0.11|-1.22|-0.03|0.82|0.14|-1.08|-0.00|0.00|0.01|-0.43|-0.88|0.18|-0.49|-0.16|0.56|0.28|-0.80|0.33|-0.07|1.01|-0.02
------ Dim separator ------
0.56|-0.45|-0.86|-1.42|0.77|0.42|0.13|-0.43|-0.35|0.09|0.04|0.27|-0.00|-0.00|0.01|-0.61|-0.63|-0.89|-1.41|0.23|-0.09|-0.21|1.30|-1.09|0.36|0.47|-0.11
-0.04|0.18|-0.19|0.61|-0.51|-0.26|-0.14|-0.32|-0.45|0.29|-0.52|-0.21|-0.01|0.01|0.00|0.13|0.23|0.10|-0.02|-0.32|0.47|-0.20|0.36|0.20|-0.16|1.23|-0.18
0.45|0.22|-0.60|0.95|0.31|0.13|0.42|0.29|0.37|-0.41|0.32|-0.02|-0.00|0.00|0.00|0.54|0.20|0.04|0.85|0.60|-0.60|0.41|0.16|0.95|0.34|-0.57|-0.25
0.94|-0.14|0.38|-0.41|0.38|-0.22|0.86|-0.36|0.34|-0.13|-0.35|0.06|0.00|-0.00|-0.01|0.77|-0.32|0.20|0.57|0.00|0.22|-0.23|-0.46|-0.21|0.08|-0.01|-0.30
1.15|-0.19|-0.97|-1.44|0.02|0.75|-0.32|0.54|0.03|-0.94|1.01|0.27|0.01|0.00|0.00|0.80|0.06|-0.09|-0.95|0.28|0.52|-0.90|0.28|0.37|1.31|-0.09|0.54
------ Dim separator ------
-0.36|1.13|0.45|0.65|0.67|-1.14|0.73|0.95|-0.57|-0.32|0.35|0.24|-0.00|-0.00|0.01|-0.05|0.40|0.23|-0.39|-0.46|-0.05|-0.56|0.03|-1.31|0.88|-0.20|0.24
-0.75|-0.24|-0.91|0.10|-0.02|-0.20|0.74|0.28|0.10|0.51|-1.00|-0.78|0.00|0.01|-0.01|-0.02|0.43|0.53|0.14|-0.19|-0.71|-0.46|-0.75|-0.59|-0.07|0.47|0.18
0.61|0.13|-0.16|0.78|-0.41|-0.19|-0.08|-0.34|-0.74|-0.16|0.94|0.19|0.99|-0.00|0.00|-0.00|1.00|0.00|-0.00|0.20|-0.60|0.18|0.57|-0.08|1.17|-0.31|0.49
0.72|0.64|-0.11|0.24|-0.36|-0.01|-0.11|-0.28|-0.83|0.30|-0.18|0.25|-0.02|-0.00|-0.00|0.40|0.12|0.13|0.95|0.24|0.41|-0.40|-0.26|0.75|-1.28|0.11|1.24
0.57|0.35|0.40|-0.28|-0.10|-0.24|0.33|-0.89|0.28|-0.32|-0.69|1.00|-0.00|-0.01|-0.01|-0.89|-1.04|-0.57|-0.30|-0.14|0.14|0.28|-0.63|-0.19|0.55|0.45|-0.74
