------ Dim separator ------
0.49|-0.44|-0.05|-0.46|-0.15|-0.18|-1.15|-0.46|-0.37|0.04|-0.44|0.42|0.00|0.00|0.00|0.30|-0.68|0.98|-0.63|0.95|-0.86|0.26|-0.13|0.47|1.42|0.12|-1.13
0.14|0.82|-0.19|0.54|-0.28|-0.34|-0.11|-0.19|0.38|-0.74|-1.08|-1.10|-0.00|0.00|-0.00|-0.25|-0.58|1.04|0.70|0.79|1.16|-0.55|-0.14|0.76|0.08|0.30|0.18
0.77|-0.49|-0.48|0.70|-0.04|-0.36|-0.39|-0.00|-0.37|-0.32|-0.22|0.59|0.00|0.00|-0.00|-0.38|-0.22|0.18|1.12|0.83|0.33|-0.69|-0.21|0.53|-0.21|-0.63|-0.24
-0.24|1.03|0.78|-0.51|0.26|0.25|0.39|0.05|0.14|-0.40|-0.71|1.38|-0.00|-0.00|0.00|-0.73|-0.05|-0.22|-0.63|-0.21|-0.42|0.21|0.61|-0.32|-1.15|0.61|1.91
0.19|-0.27|-0.46|-0.31|0.97|0.51|-0.54|-0.22|0.17|-0.70|0.57|0.23|0.00|0.00|0.00|0.68|-0.54|0.72|-0.10|-0.28|-0.37|0.62|-0.02|-1.55|1.49|0.22|-0.30
------ Dim separator ------
0.93|0.23|0.80|0.62|0.42|-0.21|0.78|0.36|0.09|-0.06|-0.55|-0.46|-0.01|0.00|0.00|0.78|0.06|0.40|-1.06|-0.39|1.06|0.27|-0.82|-0.02|0.70|-0.17|0.82
0.71|-0.64|-0.01|-0.43|-0.04|-0.87|0.26|-0.19|-0.43|-0.27|-0.48|0.14|-0.00|-0.00|0.00|-0.18|-0.60|0.82|-0.46|-0.89|0.48|0.08|-0.86|0.04|-0.26|0.16|0.93
0.20|-0.65|-0.42|0.92|-0.06|0.42|0.48|-0.52|-0.13|-0.18|0.53|-1.29|0.99|-0.00|-0.00|0.00|-0.00|-0.00|1.00|-0.04|0.04|-0.49|1.21|0.16|-0.43|0.84|0.06
0.14|0.31|0.62|0.36|1.31|0.05|0.46|0.32|-0.14|0.33|-0.28|0.65|1.00|0.00|-0.00|-0.00|0.00|-0.00|1.00|-0.27|0.09|-0.25|-0.28|0.10|-0.86|1.44|1.19
-0.22|0.01|1.39|0.72|1.02|-0.55|-0.37|0.01|-0.37|-0.22|-0.14|-0.60|0.00|0.00|0.00|-0.68|0.11|-0.35|-0.39|-2.05|-0.43|-0.24|0.54|0.43|0.31|0.20|-0.56
------ Dim separator ------
0.42|-0.76|-1.04|1.09|0.00|-0.29|0.28|-0.69|-0.57|-0.21|0.66|0.47|-0.00|-0.01|-0.00|0.20|-0.50|-0.65|-0.52|0.57|-0.26|0.28|0.36|-0.60|-1.29|-0.14|-0.43
0.42|-0.07|-0.27|-0.71|-0.13|-0.86|0.40|-0.05|0.46|-0.40|0.44|-0.62|-0.00|0.00|0.01|1.08|0.46|0.43|-0.44|-0.22|0.04|-0.50|-0.32|0.27|-0.15|-0.72|-1.03
0.09|0.31|1.01|0.70|0.35|0.42|-0.00|0.04|-0.35|-0.28|-0.06|-0.05|-0.00|0.00|0.01|0.37|-0.17|0.85|0.02|-0.42|0.91|-0.50|0.85|0.78|-0.02|-0.42|0.21
-1.49|0.84|0.66|-0.01|-0.55|1.34|0.83|0.35|0.46|0.06|-0.63|0.25|-0.00|-0.00|-0.00|0.52|-0.85|-0.15|-0.39|-0.96|-1.14|-0.46|0.77|-0.05|1.00|-0.39|-0.21
0.22|-0.49|0.50|-0.90|1.08|0.43|-0.17|-1.39|-0.22|0.91|0.21|-0.52|-0.00|0.00|0.00|-0.35|-0.46|0.64|-0.54|0.12|0.59|0.61|-1.08|0.55|0.20|1.04|0.79
------ Dim separator ------
0.40|-0.41|-0.54|-1.66|0.96|0.10|0.22|-0.11|0.23|0.51|-0.13|0.39|-0.00|-0.00|0.00|-0.49|-0.38|-0.48|-1.71|0.66|-0.05|-0.16|0.87|-0.79|0.40|0.58|-0.26
-0.18|-0.15|-0.50|0.39|-0.18|-0.95|-0.05|-0.31|-0.17|0.32|0.08|-0.20|-0.00|0.00|0.00|-0.08|0.59|0.27|-0.16|-0.56|0.61|-0.31|0.30|0.12|-0.12|1.08|0.27
0.25|-0.04|-0.23|0.74|0.52|0.22|0.27|0.18|-0.10|-0.13|0.10|0.30|1.00|-0.00|-0.00|0.00|0.00|-0.00|1.00|0.63|-1.02|0.39|0.35|0.94|0.43|-0.25|-0.19
1.32|0.22|-0.38|-0.23|0.50|-0.13|0.66|-0.60|0.41|-0.43|-0.50|0.44|-0.00|0.00|0.00|0.98|-0.12|-0.02|0.81|-0.11|-0.13|-0.70|-0.29|-0.30|-0.38|0.23|-0.41
1.38|-0.61|-1.49|-0.92|-0.21|0.68|-0.19|0.67|0.23|-0.66|1.08|0.06|0.00|-0.00|0.00|0.70|-0.57|-0.43|-1.59|0.28|0.29|-1.16|0.23|0.15|1.51|-0.33|0.55
------ Dim separator ------
-0.21|1.06|0.23|0.60|0.28|-1.28|1.04|0.60|-0.47|-0.70|0.25|0.06|0.00|-0.00|-0.00|-0.14|0.11|0.00|-0.30|-0.58|0.16|0.02|-0.43|-1.53|0.89|-0.38|0.33
-0.72|-0.17|-1.39|-0.31|0.19|0.13|0.92|0.02|0.22|0.84|-0.92|-0.96|0.00|0.01|-0.00|0.45|0.11|0.62|0.01|-0.48|-0.90|-0.56|-0.57|-0.83|-0.38|-0.23|0.04
0.60|0.22|-0.17|0.76|-0.50|-0.03|-0.26|-0.31|-0.74|-0.13|1.49|0.43|0.99|-0.00|-0.00|0.00|-0.00|0.00|1.00|-0.07|-0.16|0.70|0.99|-0.11|1.06|-0.07|-0.07
0.26|0.67|0.45|0.06|0.39|-0.06|-0.56|-0.19|-1.41|0.34|-0.04|0.07|0.99|-0.00|-0.01|0.00|-0.00|0.00|1.00|0.42|0.06|-0.17|-0.18|1.16|-1.32|0.20|1.55
1.11|0.48|0.30|-0.64|0.08|-0.33|0.08|-1.34|-0.03|-0.61|-0.78|0.90|0.00|-0.01|0.00|-0.98|-0.93|-0.52|0.18|-0.59|0.54|0.33|-0.72|0.01|0.63|0.37|-0.72
