------ Dim separator ------
0.47|0.17|0.26|-0.30|-0.15|-0.13|-0.79|-0.43|-0.32|-0.34|-0.10|0.23|-0.02|0.00|0.00|0.36|-0.32|0.60|-0.35|0.63|-0.84|0.18|-0.14|0.85|1.01|0.13|-0.99
0.31|0.62|-0.13|0.10|-0.01|-0.11|0.33|-0.23|0.36|-0.57|-1.00|-0.80|0.00|-0.02|-0.00|0.18|-0.52|0.96|0.65|0.42|0.78|-0.39|-0.15|0.66|0.42|0.25|-0.14
0.82|-0.58|-0.22|0.75|0.07|-0.19|-0.17|0.11|0.24|0.14|0.04|0.13|0.02|0.00|-0.01|-0.31|-0.30|-0.18|0.81|0.74|0.09|-0.65|0.05|0.44|-0.31|-1.02|-0.15
-0.25|0.76|0.89|-0.27|0.51|0.21|0.36|-0.03|0.02|-0.40|-0.24|1.07|-0.00|0.01|0.01|-0.55|0.03|-0.06|-0.28|0.21|-0.04|0.24|0.22|-0.43|-1.17|0.93|1.25
0.18|-0.21|-0.44|-0.29|0.87|0.44|-0.08|-0.40|0.25|-0.71|0.43|0.57|-0.01|0.01|0.01|0.54|-0.09|0.47|-0.01|-0.17|-0.74|0.48|0.28|-0.97|0.68|0.55|-0.28
------ Dim separator ------
0.81|0.10|0.14|0.64|0.12|-0.25|0.40|0.53|0.14|-0.15|-0.20|-0.07|-0.02|0.00|0.00|0.88|0.41|0.35|-0.80|-0.22|0.89|-0.12|-0.49|-0.44|0.56|0.16|0.45
0.89|-0.38|0.12|-0.19|-0.01|-0.71|0.31|-0.32|-0.40|0.01|-0.32|-0.24|-0.01|-0.01|0.00|0.04|-0.48|0.72|-0.26|-0.88|0.75|-0.02|-0.48|0.31|-0.42|0.04|0.69
0.43|-0.34|-0.40|0.80|-0.01|0.47|0.44|-0.18|-0.01|-0.63|0.67|-0.96|-0.03|0.02|-0.00|0.19|-0.09|-0.28|0.59|0.07|-0.01|-0.16|0.94|-0.32|0.09|1.08|-0.05
0.76|0.27|0.40|-0.01|1.04|-0.07|0.64|0.59|-0.18|0.13|-0.60|0.58|0.03|-0.00|-0.00|0.10|0.05|-0.21|0.95|-0.30|-0.34|-0.04|-0.44|0.60|-0.43|1.03|0.92
-0.05|0.42|1.21|0.45|0.59|-0.89|-0.41|-0.08|-0.25|-0.24|0.10|-0.40|-0.00|0.03|0.00|-0.28|-0.07|-0.08|-0.55|-1.47|-0.85|-0.20|0.35|0.01|-0.01|0.20|-0.48
------ Dim separator ------
0.42|-0.60|-0.96|0.78|0.12|0.13|0.05|-0.62|-0.64|0.10|0.40|-0.07|-0.01|-0.01|-0.01|-0.10|-0.27|-0.64|-0.42|0.58|-0.16|0.21|0.17|-0.64|-1.33|0.03|-0.26
0.51|0.00|-0.32|-0.41|-0.17|-0.21|0.39|-0.00|0.62|-0.10|0.49|-0.27|0.00|0.01|0.02|0.91|0.60|0.18|-0.37|-0.20|-0.04|-0.10|-0.05|0.16|0.32|-0.39|-0.69
-0.19|0.32|0.57|1.01|0.37|0.39|0.21|0.19|-0.07|-0.31|-0.04|-0.00|0.00|0.04|0.02|0.51|-0.18|0.64|0.38|-0.59|1.11|-0.59|1.02|0.79|0.13|-0.36|0.48
-1.42|0.68|0.30|0.26|-0.51|0.69|0.54|0.18|0.16|0.31|-0.59|0.56|0.01|-0.01|0.00|0.41|-0.79|-0.35|-0.42|-0.86|-0.70|-0.26|-0.14|-0.01|0.63|-0.23|-0.12
0.24|-0.15|0.35|-1.17|1.02|0.32|-0.28|-1.12|-0.04|0.99|0.26|-0.69|0.00|-0.01|0.02|-0.31|-0.93|0.26|-0.31|0.07|0.44|0.05|-0.82|0.30|0.09|0.87|0.31
------ Dim separator ------
0.04|-0.27|-0.41|-1.40|0.64|0.39|0.02|-0.04|-0.03|0.28|-0.20|0.20|-0.01|0.01|0.02|-0.39|-0.37|-0.72|-1.35|0.51|-0.29|-0.17|1.14|-1.01|0.20|0.57|0.07
0.01|0.37|-0.02|0.46|-0.41|-0.60|0.07|-0.06|-0.62|0.25|-0.30|-0.02|-0.02|0.01|-0.00|-0.19|0.26|0.21|-0.05|-0.19|0.56|-0.05|0.20|-0.05|-0.00|1.31|0.12
0.69|-0.01|-0.42|0.78|0.54|-0.18|0.36|0.39|-0.07|-0.18|-0.02|0.13|0.00|0.01|0.01|0.18|0.23|0.16|0.88|0.72|-0.82|0.26|0.07|0.81|0.28|-0.47|0.06
0.96|0.35|-0.10|-0.24|0.43|-0.26|0.65|-0.42|0.31|-0.54|-0.32|-0.12|-0.00|0.01|-0.00|1.03|-0.37|0.06|0.65|-0.18|-0.10|-0.23|-0.40|-0.45|-0.20|-0.33|-0.26
1.17|-0.13|-1.23|-1.26|-0.11|0.80|-0.52|0.52|0.03|-0.79|0.99|0.43|0.02|-0.01|-0.01|0.66|-0.04|-0.09|-1.03|0.37|0.25|-0.66|0.01|0.30|1.29|-0.20|0.38
------ Dim separator ------
-0.68|0.67|0.21|0.43|0.46|-1.14|1.05|0.61|-0.46|-0.29|0.36|0.06|0.01|0.01|-0.01|-0.60|0.23|-0.05|-0.48|-0.61|-0.20|-0.45|-0.15|-1.29|0.69|-0.17|0.27
-0.74|-0.23|-1.10|0.17|0.08|-0.26|0.62|-0.08|-0.04|0.65|-0.83|-0.76|0.02|0.02|-0.01|0.05|0.46|0.36|-0.04|-0.37|-0.81|-0.43|-0.56|-0.32|-0.13|0.18|-0.20
0.45|0.13|-0.27|0.69|-0.30|-0.06|-0.17|-0.25|-0.59|-0.11|1.05|0.04|-0.00|-0.00|0.01|0.01|0.24|0.11|0.68|-0.16|-0.45|0.34|0.91|0.09|1.17|-0.10|0.21
0.89|0.68|-0.02|0.34|-0.02|0.24|-0.55|-0.18|-0.85|0.36|0.01|0.06|0.97|-0.02|-0.01|-0.00|-0.00|0.00|1.00|0.54|0.00|-0.15|-0.33|0.68|-1.41|0.26|1.16
0.76|0.09|0.28|-0.39|-0.28|-0.42|0.38|-0.80|0.42|-0.41|-0.76|0.96|-0.00|-0.01|0.01|-0.83|-0.87|-0.70|-0.25|0.00|0.32|0.07|-0.69|-0.19|0.66|0.12|-0.68
