------ Dim separator ------
0.29|-0.12|0.24|-0.48|-0.19|-0.10|-0.80|-0.19|-0.47|-0.33|-0.24|-0.03|0.02|-0.00|-0.01|0.24|-0.41|0.91|-0.42|0.65|-1.05|0.50|-0.02|0.71|1.12|0.19|-1.04
0.14|0.69|-0.14|0.16|-0.17|-0.06|0.29|-0.43|0.21|-0.79|-1.05|-0.97|-0.00|0.01|-0.00|0.13|-0.46|1.13|0.59|0.59|0.92|-0.52|0.26|0.46|0.42|0.14|-0.26
0.84|-0.67|-0.30|0.67|0.05|-0.26|-0.20|0.16|0.03|0.06|0.04|0.27|-0.01|-0.01|0.01|-0.51|-0.22|-0.18|0.82|0.93|0.09|-0.62|0.08|0.47|-0.26|-0.97|-0.36
-0.11|0.88|0.91|-0.30|0.50|0.03|0.40|-0.18|-0.01|-0.52|-0.36|1.17|0.00|-0.00|-0.00|-0.40|0.18|0.01|-0.41|0.11|-0.08|0.08|0.22|-0.30|-1.07|0.62|1.62
0.26|-0.43|-0.57|-0.26|0.72|0.35|-0.08|-0.24|0.14|-0.65|0.42|0.46|-0.00|-0.01|-0.02|0.68|-0.14|0.50|-0.09|-0.21|-0.62|0.41|0.01|-1.10|0.88|0.45|-0.36
------ Dim separator ------
0.76|0.12|0.30|0.64|0.21|-0.18|0.53|0.40|-0.07|-0.22|-0.38|-0.12|0.01|0.00|0.00|0.78|0.35|0.25|-0.83|-0.22|1.11|-0.23|-0.65|-0.45|0.61|-0.03|0.27
0.93|-0.34|0.18|-0.35|0.19|-0.78|0.38|-0.15|-0.31|-0.13|-0.26|-0.18|0.01|0.02|-0.01|0.22|-0.46|0.72|-0.39|-0.97|0.78|0.06|-0.58|0.28|-0.44|0.21|0.73
0.32|-0.49|-0.34|0.81|0.14|0.45|0.56|-0.18|-0.05|-0.49|0.62|-1.01|0.02|-0.02|0.01|0.30|-0.10|-0.08|0.80|0.10|-0.05|-0.21|0.79|-0.35|-0.15|0.97|-0.11
0.72|0.41|0.43|-0.07|1.16|-0.22|0.72|0.58|-0.27|0.20|-0.50|0.57|-0.03|0.01|0.01|0.06|0.16|-0.18|0.98|-0.48|-0.35|-0.11|-0.52|0.61|-0.58|1.03|0.93
-0.14|0.36|1.28|0.54|0.52|-0.91|-0.42|-0.09|-0.44|-0.26|0.33|-0.29|0.00|-0.02|-0.00|-0.32|-0.18|0.10|-0.33|-1.39|-0.62|-0.06|0.35|0.09|0.02|0.12|-0.43
------ Dim separator ------
0.35|-0.63|-0.90|0.95|0.08|0.11|0.02|-0.71|-0.87|-0.14|0.43|0.18|0.01|0.01|0.01|-0.07|-0.36|-0.49|-0.51|0.64|-0.07|0.25|0.14|-0.54|-1.41|-0.03|-0.43
0.46|0.14|-0.28|-0.57|-0.13|-0.20|0.38|-0.03|0.62|-0.22|0.52|-0.60|0.01|-0.01|-0.01|0.90|0.63|0.28|-0.24|-0.23|0.02|-0.06|-0.06|0.33|0.19|-0.48|-0.78
-0.09|0.25|0.55|0.94|0.23|0.49|-0.08|0.31|-0.09|-0.24|0.00|0.10|0.00|-0.03|-0.02|0.38|-0.36|0.79|0.39|-0.66|1.10|-0.53|1.01|0.81|0.18|-0.52|0.35
-1.50|0.65|0.33|0.09|-0.59|0.79|0.63|0.10|0.21|0.37|-0.41|0.33|-0.00|0.01|0.00|0.26|-0.83|-0.28|-0.66|-1.11|-0.96|-0.22|-0.16|0.30|0.50|-0.11|-0.35
0.29|-0.34|0.50|-1.14|1.13|0.52|-0.11|-1.14|-0.04|0.99|0.08|-0.94|0.00|-0.00|-0.02|-0.30|-0.76|0.25|-0.20|0.06|0.53|0.37|-0.77|0.28|0.07|0.96|0.41
------ Dim separator ------
0.31|-0.33|-0.35|-1.60|0.86|0.38|0.17|-0.16|-0.12|0.36|-0.06|0.17|0.01|0.00|-0.01|-0.55|-0.40|-0.79|-1.43|0.53|-0.33|-0.10|1.25|-0.84|0.42|0.50|-0.16
-0.08|0.19|-0.25|0.52|-0.49|-0.58|-0.00|-0.18|-0.60|0.35|-0.43|-0.05|0.01|-0.01|-0.00|-0.06|0.32|0.28|-0.10|-0.22|0.55|-0.15|0.26|0.02|-0.08|1.23|0.20
0.54|0.15|-0.58|0.86|0.54|0.06|0.20|0.17|0.08|-0.26|0.06|0.07|-0.01|-0.00|-0.01|0.08|0.22|0.02|0.90|0.61|-0.60|0.23|0.15|0.69|0.28|-0.40|-0.11
1.13|0.23|0.01|-0.27|0.28|-0.07|0.67|-0.32|0.23|-0.38|-0.21|0.02|-0.01|-0.00|0.00|0.94|-0.33|-0.13|0.64|-0.14|-0.13|-0.15|-0.43|-0.33|-0.43|-0.07|-0.35
1.17|-0.21|-1.04|-1.32|-0.11|0.82|-0.37|0.52|0.02|-0.70|1.23|0.33|-0.02|-0.00|0.01|0.83|-0.06|-0.10|-0.97|0.19|0.44|-0.93|0.26|0.30|1.37|-0.23|0.40
------ Dim separator ------
-0.71|0.95|0.15|0.49|0.37|-1.00|0.97|0.78|-0.59|-0.40|0.46|0.15|-0.00|-0.00|-0.00|-0.31|0.19|-0.06|-0.42|-0.63|-0.16|-0.34|-0.01|-1.39|0.75|-0.21|0.24
-0.66|-0.35|-1.15|0.08|0.28|-0.17|0.87|0.03|0.02|0.50|-0.79|-0.80|-0.01|-0.02|0.00|0.00|0.40|0.35|-0.10|-0.43|-0.77|-0.51|-0.75|-0.55|-0.26|0.25|0.04
0.53|0.14|-0.28|0.79|-0.47|-0.21|-0.08|-0.31|-0.73|-0.27|1.27|0.16|0.01|0.00|-0.02|-0.07|0.27|0.17|0.65|-0.07|-0.48|0.46|0.78|-0.03|1.24|-0.28|0.16
0.72|0.72|-0.03|0.31|-0.19|0.16|-0.40|-0.18|-0.88|0.21|-0.08|0.06|0.05|0.01|0.01|0.09|-0.01|0.06|0.95|0.40|0.19|-0.30|-0.20|0.83|-1.38|0.00|1.17
0.74|0.23|0.36|-0.44|-0.20|-0.33|0.26|-1.13|0.29|-0.25|-0.76|1.00|0.01|0.01|-0.00|-1.01|-0.87|-0.65|-0.18|-0.06|0.33|0.11|-0.67|-0.08|0.46|0.22|-0.69
