------ Dim separator ------
0.64|-0.19|0.12|-0.49|-0.22|-0.19|-0.90|-0.27|-0.07|-0.23|-0.04|0.04|-0.00|-0.01|-0.01|0.42|-0.41|0.32|-0.50|0.74|-0.96|0.11|-0.15|0.61|0.85|0.10|-0.97
0.02|0.60|-0.42|0.38|-0.06|-0.04|0.06|-0.30|0.28|-0.67|-1.10|-1.10|-0.00|0.00|0.00|0.15|-0.54|0.84|0.63|0.62|0.88|-0.61|-0.07|0.67|0.38|0.49|-0.13
0.74|-0.37|-0.15|0.74|-0.20|-0.18|-0.30|0.22|-0.01|-0.19|-0.06|0.15|1.00|-0.00|0.01|-0.00|-0.00|-0.00|1.00|0.77|0.11|-0.76|-0.17|0.52|0.03|-0.96|-0.05
0.15|0.80|0.44|-0.17|0.36|0.49|0.42|-0.00|-0.02|-0.53|-0.48|1.04|0.01|-0.01|-0.01|-0.72|0.06|-0.01|-0.39|0.21|-0.09|0.24|0.22|-0.32|-1.08|0.95|1.36
0.10|-0.11|-0.41|-0.21|0.85|0.44|-0.04|-0.24|0.31|-0.46|0.59|0.42|-0.00|-0.00|-0.00|0.53|0.02|0.42|-0.15|-0.30|-0.59|0.41|0.29|-1.02|1.17|0.47|-0.13
------ Dim separator ------
0.89|0.04|0.34|0.80|0.49|0.06|0.61|0.49|0.13|0.13|-0.04|-0.13|0.01|-0.00|-0.00|0.86|0.24|0.28|-0.84|-0.20|0.78|0.18|-0.54|-0.37|0.72|0.10|0.52
0.79|-0.13|0.07|-0.45|-0.07|-0.71|-0.07|-0.48|-0.14|-0.01|-0.36|-0.21|0.00|0.00|-0.00|-0.20|-0.44|0.83|-0.25|-0.94|0.61|0.19|-0.57|0.47|-0.54|0.12|0.57
0.18|-0.63|-0.34|0.82|0.02|0.42|0.45|-0.17|-0.37|-0.81|0.69|-1.17|0.00|-0.01|-0.00|0.12|-0.31|-0.14|0.91|0.14|0.01|-0.09|1.00|-0.02|-0.05|1.03|-0.01
0.69|0.36|0.60|0.06|0.86|-0.33|0.67|0.56|-0.03|0.27|-0.26|0.48|0.99|-0.00|-0.00|0.00|-0.00|0.00|1.00|-0.27|-0.40|-0.08|-0.36|0.50|-0.55|1.23|0.79
-0.34|0.57|1.46|0.50|0.63|-0.69|-0.42|-0.03|-0.37|-0.31|0.19|-0.54|0.01|-0.02|-0.00|-0.47|-0.27|0.03|-0.40|-1.78|-0.67|-0.11|0.36|-0.06|-0.20|0.04|-0.29
------ Dim separator ------
0.54|-0.81|-0.98|0.88|0.03|0.02|0.16|-0.66|-0.62|0.23|0.65|0.17|0.00|0.01|0.01|-0.23|-0.19|-0.60|-0.18|0.45|-0.10|0.11|0.44|-0.27|-1.33|-0.06|-0.19
0.43|-0.20|-0.23|-0.34|-0.01|-0.32|0.33|-0.11|0.61|-0.16|0.38|-0.46|-0.00|-0.00|-0.02|1.03|0.62|0.17|-0.21|-0.58|-0.03|-0.28|-0.12|0.29|0.33|-0.43|-0.69
-0.30|0.35|0.84|0.71|0.19|0.27|-0.14|0.08|-0.19|-0.24|-0.16|0.17|-0.00|-0.01|-0.01|0.70|-0.32|0.66|0.31|-0.18|1.08|-0.36|0.87|0.68|0.38|-0.34|0.23
-1.50|0.81|0.53|0.26|-0.51|0.95|0.83|0.04|0.38|0.57|-0.59|0.57|0.00|0.01|0.00|0.18|-0.62|-0.22|-0.29|-0.97|-0.71|-0.56|0.07|-0.20|0.67|-0.17|-0.13
0.04|-0.41|0.30|-1.35|1.20|0.40|-0.31|-1.06|0.05|0.80|0.21|-0.67|0.00|0.00|0.00|-0.53|-0.65|0.07|-0.30|0.04|0.52|0.27|-0.93|0.48|0.19|0.90|0.40
------ Dim separator ------
0.14|-0.09|-0.44|-1.22|0.69|0.48|0.07|-0.31|0.01|0.12|-0.37|0.08|-0.00|-0.01|-0.01|-0.42|-0.35|-0.87|-1.47|0.37|-0.12|-0.17|1.19|-0.99|0.05|0.67|0.01
-0.07|0.24|-0.12|0.45|-0.41|-0.58|-0.05|0.00|-0.25|0.39|-0.22|-0.04|0.01|-0.01|0.01|-0.12|0.28|0.14|-0.26|-0.25|0.75|-0.24|0.55|-0.01|-0.04|1.04|-0.09
0.58|0.17|-0.37|0.78|0.36|0.04|0.40|0.46|-0.12|-0.18|0.26|0.31|1.00|-0.01|-0.00|0.00|0.00|-0.00|1.00|0.96|-0.84|0.33|0.29|0.81|0.39|-0.51|-0.09
1.13|-0.08|-0.17|-0.24|0.57|-0.13|0.83|-0.44|0.12|-0.31|-0.38|0.12|0.00|-0.00|0.00|0.72|-0.09|0.22|0.62|-0.03|-0.05|-0.56|-0.48|-0.29|-0.04|0.06|-0.32
1.34|-0.29|-1.26|-1.11|-0.05|0.84|-0.52|0.81|0.22|-0.73|1.40|0.44|-0.01|0.00|-0.00|0.99|-0.27|-0.59|-1.20|0.19|0.50|-0.80|0.21|0.06|1.41|0.13|0.55
------ Dim separator ------
-0.50|1.21|0.31|0.26|0.31|-1.29|0.89|0.66|-0.39|-0.52|0.53|0.05|-0.00|0.00|0.00|-0.30|0.47|0.26|-0.24|-0.68|-0.15|-0.50|-0.05|-1.34|0.81|-0.19|0.23
-0.85|-0.09|-1.33|-0.00|-0.06|0.02|0.90|0.17|0.31|0.51|-0.78|-0.55|-0.01|-0.01|0.01|0.02|0.16|0.82|0.20|-0.39|-0.79|-0.40|-0.69|-0.57|-0.06|0.22|-0.05
0.45|0.29|-0.21|0.70|-0.47|-0.13|-0.25|-0.22|-0.62|-0.14|1.44|0.21|1.00|-0.01|-0.00|-0.00|0.00|-0.00|1.00|-0.04|-0.52|0.45|0.91|0.07|1.31|-0.06|0.17
0.77|0.70|0.20|0.02|-0.17|0.05|-0.29|-0.05|-0.97|0.24|-0.09|0.07|0.03|0.01|0.01|0.16|-0.03|-0.11|1.19|0.21|0.09|-0.13|-0.23|0.81|-1.46|0.34|1.39
0.70|0.22|0.59|-0.22|0.01|-0.43|0.36|-0.85|0.09|-0.61|-0.68|0.95|-0.00|0.01|0.00|-0.69|-0.85|-0.86|-0.12|-0.11|0.28|0.35|-0.72|-0.10|0.68|0.16|-0.56
