------ Dim separator ------
0.47|0.17|0.26|-0.30|-0.16|-0.13|-0.79|-0.44|-0.32|-0.34|-0.10|0.23|-0.02|0.00|0.01|0.36|-0.33|0.61|-0.36|0.64|-0.85|0.18|-0.14|0.85|1.01|0.13|-0.99
0.31|0.62|-0.13|0.10|-0.02|-0.11|0.33|-0.23|0.36|-0.57|-1.01|-0.80|0.00|-0.01|-0.00|0.18|-0.52|0.96|0.66|0.42|0.79|-0.39|-0.16|0.67|0.42|0.24|-0.14
0.82|-0.58|-0.22|0.75|0.07|-0.19|-0.17|0.11|0.24|0.14|0.04|0.13|0.02|0.01|-0.01|-0.31|-0.30|-0.18|0.81|0.75|0.09|-0.66|0.04|0.44|-0.31|-1.03|-0.15
-0.25|0.76|0.89|-0.27|0.51|0.21|0.36|-0.03|0.03|-0.40|-0.24|1.08|-0.00|0.01|0.01|-0.55|0.03|-0.06|-0.28|0.21|-0.05|0.24|0.23|-0.44|-1.17|0.93|1.25
0.18|-0.21|-0.45|-0.29|0.88|0.44|-0.08|-0.40|0.25|-0.71|0.43|0.57|-0.01|0.01|0.01|0.54|-0.10|0.47|-0.01|-0.17|-0.74|0.48|0.28|-0.97|0.69|0.56|-0.29
------ Dim separator ------
0.81|0.10|0.15|0.64|0.12|-0.25|0.40|0.53|0.14|-0.15|-0.20|-0.07|-0.01|0.00|-0.00|0.88|0.41|0.35|-0.81|-0.22|0.89|-0.12|-0.50|-0.44|0.56|0.15|0.45
0.89|-0.39|0.12|-0.19|-0.01|-0.71|0.31|-0.33|-0.41|0.01|-0.31|-0.23|-0.01|-0.01|0.00|0.04|-0.48|0.72|-0.27|-0.89|0.75|-0.02|-0.48|0.31|-0.43|0.04|0.69
0.44|-0.34|-0.40|0.81|-0.01|0.47|0.44|-0.18|-0.01|-0.63|0.67|-0.96|-0.02|0.02|-0.00|0.19|-0.09|-0.28|0.59|0.07|-0.01|-0.16|0.94|-0.31|0.09|1.09|-0.05
0.76|0.27|0.40|-0.01|1.05|-0.07|0.64|0.59|-0.18|0.13|-0.60|0.58|0.03|-0.00|-0.00|0.10|0.05|-0.21|0.95|-0.30|-0.34|-0.04|-0.44|0.60|-0.43|1.03|0.92
-0.05|0.41|1.22|0.46|0.59|-0.90|-0.41|-0.08|-0.24|-0.24|0.09|-0.40|-0.00|0.03|-0.00|-0.29|-0.07|-0.08|-0.56|-1.48|-0.85|-0.20|0.36|0.01|-0.01|0.20|-0.48
------ Dim separator ------
0.42|-0.61|-0.97|0.78|0.12|0.13|0.06|-0.63|-0.65|0.10|0.41|-0.06|-0.01|-0.01|-0.01|-0.09|-0.28|-0.64|-0.42|0.59|-0.16|0.21|0.17|-0.64|-1.33|0.03|-0.26
0.51|0.01|-0.33|-0.42|-0.17|-0.22|0.39|0.00|0.62|-0.10|0.50|-0.27|0.00|0.01|0.02|0.92|0.59|0.18|-0.37|-0.19|-0.04|-0.11|-0.05|0.16|0.32|-0.39|-0.69
-0.18|0.32|0.58|1.02|0.37|0.39|0.21|0.20|-0.07|-0.31|-0.04|-0.00|0.00|0.03|0.02|0.51|-0.18|0.64|0.38|-0.60|1.12|-0.60|1.03|0.79|0.13|-0.36|0.48
-1.42|0.68|0.31|0.26|-0.52|0.70|0.54|0.19|0.16|0.31|-0.60|0.56|0.01|-0.01|0.00|0.42|-0.80|-0.35|-0.42|-0.86|-0.71|-0.26|-0.14|-0.01|0.64|-0.23|-0.12
0.24|-0.15|0.35|-1.17|1.03|0.32|-0.28|-1.13|-0.04|0.99|0.26|-0.69|0.00|-0.01|0.01|-0.31|-0.94|0.26|-0.31|0.07|0.44|0.05|-0.82|0.30|0.09|0.87|0.32
------ Dim separator ------
0.04|-0.28|-0.41|-1.41|0.64|0.39|0.02|-0.04|-0.03|0.28|-0.20|0.20|-0.01|0.01|0.02|-0.39|-0.37|-0.73|-1.36|0.52|-0.29|-0.17|1.14|-1.01|0.21|0.57|0.07
0.02|0.36|-0.02|0.45|-0.41|-0.60|0.07|-0.06|-0.62|0.25|-0.30|-0.02|-0.02|0.01|-0.00|-0.19|0.26|0.21|-0.05|-0.19|0.57|-0.05|0.19|-0.05|0.00|1.31|0.12
0.69|-0.02|-0.42|0.78|0.54|-0.18|0.36|0.39|-0.07|-0.17|-0.02|0.14|0.00|0.01|0.01|0.18|0.23|0.16|0.88|0.72|-0.82|0.25|0.07|0.81|0.28|-0.47|0.06
0.97|0.35|-0.11|-0.25|0.43|-0.26|0.65|-0.42|0.31|-0.54|-0.31|-0.12|-0.00|0.01|-0.00|1.03|-0.37|0.06|0.65|-0.18|-0.10|-0.23|-0.40|-0.45|-0.21|-0.33|-0.26
1.18|-0.13|-1.24|-1.26|-0.11|0.80|-0.52|0.52|0.03|-0.79|0.99|0.44|0.02|-0.01|-0.01|0.66|-0.04|-0.09|-1.04|0.37|0.25|-0.66|0.01|0.30|1.29|-0.20|0.38
------ Dim separator ------
-0.69|0.68|0.21|0.43|0.46|-1.14|1.05|0.61|-0.46|-0.29|0.36|0.06|0.01|0.01|-0.00|-0.60|0.23|-0.05|-0.48|-0.61|-0.20|-0.45|-0.15|-1.30|0.70|-0.18|0.27
-0.74|-0.23|-1.10|0.17|0.08|-0.26|0.62|-0.08|-0.05|0.65|-0.84|-0.76|0.02|0.02|-0.01|0.05|0.46|0.37|-0.04|-0.38|-0.81|-0.44|-0.56|-0.33|-0.13|0.18|-0.20
0.46|0.13|-0.27|0.69|-0.30|-0.06|-0.17|-0.25|-0.60|-0.11|1.06|0.04|-0.00|-0.00|0.01|0.02|0.24|0.11|0.69|-0.16|-0.45|0.35|0.91|0.09|1.16|-0.10|0.21
0.89|0.69|-0.02|0.34|-0.02|0.24|-0.55|-0.18|-0.85|0.36|0.01|0.06|0.98|-0.01|-0.01|-0.00|-0.00|0.00|1.00|0.54|-0.01|-0.15|-0.34|0.68|-1.41|0.26|1.16
0.76|0.10|0.28|-0.39|-0.28|-0.42|0.38|-0.81|0.42|-0.41|-0.76|0.97|-0.00|-0.01|0.01|-0.83|-0.87|-0.70|-0.25|-0.01|0.32|0.06|-0.69|-0.19|0.67|0.12|-0.68
