------ Dim separator ------
0.47|0.17|0.25|-0.30|-0.16|-0.13|-0.80|-0.44|-0.32|-0.34|-0.10|0.24|-0.01|0.01|0.01|0.36|-0.33|0.63|-0.36|0.65|-0.85|0.19|-0.14|0.84|1.02|0.13|-1.00
0.31|0.62|-0.13|0.09|-0.02|-0.11|0.33|-0.22|0.37|-0.57|-1.01|-0.80|0.00|-0.01|-0.00|0.17|-0.53|0.97|0.66|0.43|0.79|-0.39|-0.16|0.67|0.42|0.24|-0.14
0.82|-0.59|-0.22|0.75|0.07|-0.19|-0.17|0.11|0.23|0.14|0.04|0.13|0.01|0.00|-0.01|-0.32|-0.30|-0.18|0.81|0.75|0.09|-0.66|0.04|0.45|-0.31|-1.03|-0.15
-0.25|0.77|0.89|-0.28|0.51|0.21|0.36|-0.03|0.03|-0.40|-0.25|1.09|-0.00|0.01|0.01|-0.55|0.03|-0.06|-0.29|0.21|-0.05|0.24|0.23|-0.43|-1.18|0.93|1.26
0.17|-0.21|-0.45|-0.30|0.89|0.45|-0.08|-0.40|0.25|-0.71|0.43|0.57|-0.00|0.01|0.01|0.54|-0.10|0.47|-0.01|-0.17|-0.74|0.48|0.28|-0.98|0.69|0.56|-0.29
------ Dim separator ------
0.81|0.10|0.15|0.64|0.12|-0.25|0.41|0.52|0.14|-0.14|-0.21|-0.07|-0.01|-0.00|-0.00|0.88|0.41|0.36|-0.81|-0.23|0.89|-0.12|-0.50|-0.44|0.56|0.15|0.46
0.89|-0.39|0.12|-0.19|-0.01|-0.71|0.32|-0.33|-0.41|0.00|-0.32|-0.22|-0.01|-0.01|0.00|0.03|-0.48|0.73|-0.27|-0.89|0.75|-0.02|-0.49|0.31|-0.42|0.03|0.69
0.44|-0.34|-0.40|0.81|-0.01|0.47|0.44|-0.18|-0.01|-0.62|0.67|-0.96|-0.01|0.02|-0.01|0.19|-0.09|-0.28|0.59|0.06|-0.01|-0.16|0.94|-0.31|0.08|1.09|-0.05
0.76|0.28|0.40|-0.00|1.06|-0.07|0.64|0.59|-0.18|0.13|-0.60|0.58|0.03|-0.00|-0.00|0.09|0.04|-0.21|0.95|-0.30|-0.33|-0.04|-0.45|0.60|-0.43|1.04|0.93
-0.05|0.41|1.22|0.46|0.60|-0.89|-0.41|-0.08|-0.25|-0.25|0.09|-0.40|-0.01|0.02|0.00|-0.29|-0.06|-0.08|-0.56|-1.49|-0.85|-0.20|0.36|0.01|-0.01|0.21|-0.49
------ Dim separator ------
0.43|-0.61|-0.97|0.79|0.12|0.13|0.06|-0.63|-0.65|0.10|0.41|-0.06|-0.01|-0.01|-0.01|-0.09|-0.28|-0.64|-0.42|0.59|-0.16|0.21|0.17|-0.64|-1.33|0.03|-0.26
0.51|0.01|-0.33|-0.42|-0.17|-0.22|0.39|0.01|0.62|-0.10|0.51|-0.27|-0.00|0.01|0.02|0.92|0.59|0.18|-0.37|-0.19|-0.04|-0.11|-0.05|0.16|0.32|-0.39|-0.70
-0.18|0.32|0.58|1.02|0.37|0.39|0.20|0.20|-0.08|-0.31|-0.04|0.00|-0.00|0.03|0.02|0.51|-0.18|0.65|0.38|-0.60|1.12|-0.60|1.03|0.78|0.13|-0.36|0.48
-1.42|0.68|0.31|0.25|-0.52|0.70|0.54|0.19|0.17|0.31|-0.61|0.55|0.01|-0.01|0.00|0.42|-0.80|-0.35|-0.42|-0.87|-0.72|-0.26|-0.13|-0.01|0.65|-0.24|-0.13
0.23|-0.15|0.35|-1.17|1.03|0.33|-0.28|-1.13|-0.04|1.00|0.26|-0.69|0.01|-0.01|0.01|-0.31|-0.93|0.27|-0.32|0.07|0.45|0.06|-0.82|0.30|0.09|0.87|0.32
------ Dim separator ------
0.04|-0.28|-0.41|-1.42|0.65|0.39|0.02|-0.04|-0.02|0.28|-0.20|0.20|-0.01|0.01|0.01|-0.39|-0.37|-0.72|-1.36|0.53|-0.30|-0.17|1.14|-1.01|0.21|0.57|0.07
0.01|0.36|-0.02|0.45|-0.40|-0.61|0.07|-0.06|-0.62|0.25|-0.30|-0.02|-0.01|0.01|-0.00|-0.19|0.27|0.22|-0.06|-0.19|0.58|-0.05|0.20|-0.06|0.00|1.31|0.12
0.68|-0.02|-0.43|0.78|0.55|-0.18|0.35|0.39|-0.08|-0.16|-0.02|0.14|0.01|0.01|0.01|0.18|0.23|0.16|0.88|0.72|-0.82|0.25|0.07|0.81|0.27|-0.48|0.06
0.98|0.36|-0.11|-0.25|0.43|-0.25|0.65|-0.42|0.32|-0.55|-0.31|-0.12|-0.00|0.01|-0.00|1.03|-0.37|0.06|0.65|-0.18|-0.11|-0.24|-0.40|-0.45|-0.22|-0.34|-0.26
1.18|-0.14|-1.25|-1.26|-0.11|0.80|-0.52|0.52|0.02|-0.80|1.00|0.43|0.02|-0.00|-0.01|0.66|-0.04|-0.09|-1.04|0.37|0.25|-0.66|0.01|0.30|1.29|-0.21|0.38
------ Dim separator ------
-0.70|0.68|0.21|0.43|0.45|-1.14|1.05|0.61|-0.46|-0.30|0.36|0.06|0.01|0.00|-0.00|-0.61|0.23|-0.06|-0.48|-0.61|-0.20|-0.44|-0.15|-1.30|0.70|-0.18|0.27
-0.75|-0.24|-1.11|0.17|0.08|-0.26|0.62|-0.09|-0.05|0.65|-0.84|-0.77|0.01|0.02|-0.00|0.06|0.45|0.37|-0.04|-0.38|-0.81|-0.44|-0.56|-0.33|-0.14|0.18|-0.20
0.46|0.13|-0.27|0.69|-0.30|-0.05|-0.17|-0.25|-0.60|-0.11|1.07|0.04|-0.00|0.00|0.01|0.02|0.23|0.11|0.69|-0.16|-0.44|0.35|0.92|0.09|1.16|-0.10|0.20
0.88|0.69|-0.01|0.34|-0.01|0.23|-0.55|-0.18|-0.86|0.36|0.01|0.06|0.98|-0.01|-0.01|-0.00|0.00|0.00|1.00|0.54|-0.02|-0.15|-0.34|0.69|-1.41|0.26|1.17
0.76|0.10|0.28|-0.39|-0.28|-0.42|0.38|-0.81|0.41|-0.41|-0.77|0.98|-0.00|-0.01|0.00|-0.83|-0.87|-0.70|-0.25|-0.01|0.32|0.07|-0.70|-0.19|0.67|0.11|-0.68
