------ Dim separator ------
0.29|-0.13|0.24|-0.48|-0.18|-0.10|-0.81|-0.19|-0.48|-0.33|-0.25|-0.02|0.02|-0.00|-0.00|0.24|-0.41|0.92|-0.42|0.65|-1.05|0.50|-0.02|0.70|1.13|0.20|-1.05
0.14|0.70|-0.14|0.16|-0.16|-0.06|0.29|-0.43|0.22|-0.80|-1.05|-0.97|-0.00|0.01|0.00|0.13|-0.46|1.14|0.59|0.60|0.93|-0.52|0.26|0.46|0.41|0.14|-0.26
0.84|-0.67|-0.30|0.67|0.05|-0.26|-0.20|0.15|0.02|0.06|0.04|0.28|-0.01|-0.01|0.01|-0.52|-0.22|-0.18|0.81|0.93|0.09|-0.62|0.08|0.47|-0.25|-0.97|-0.37
-0.11|0.89|0.91|-0.31|0.50|0.03|0.40|-0.18|-0.00|-0.52|-0.37|1.17|-0.00|-0.00|0.00|-0.40|0.18|0.01|-0.41|0.12|-0.09|0.08|0.22|-0.29|-1.07|0.61|1.64
0.26|-0.43|-0.57|-0.26|0.73|0.35|-0.08|-0.24|0.14|-0.64|0.42|0.46|0.00|-0.01|-0.01|0.68|-0.15|0.51|-0.09|-0.21|-0.62|0.41|0.01|-1.11|0.89|0.45|-0.36
------ Dim separator ------
0.76|0.12|0.30|0.64|0.22|-0.18|0.54|0.40|-0.07|-0.22|-0.39|-0.13|0.01|-0.00|0.00|0.78|0.34|0.25|-0.83|-0.23|1.12|-0.23|-0.66|-0.45|0.60|-0.03|0.28
0.93|-0.34|0.18|-0.35|0.20|-0.78|0.38|-0.15|-0.31|-0.13|-0.26|-0.17|0.01|0.02|-0.01|0.21|-0.46|0.72|-0.39|-0.98|0.78|0.06|-0.59|0.28|-0.43|0.21|0.74
0.31|-0.50|-0.34|0.82|0.14|0.45|0.56|-0.19|-0.06|-0.49|0.62|-1.02|0.03|-0.01|0.01|0.30|-0.10|-0.08|0.80|0.10|-0.05|-0.21|0.79|-0.34|-0.15|0.97|-0.11
0.71|0.41|0.43|-0.06|1.17|-0.22|0.72|0.58|-0.27|0.20|-0.50|0.57|-0.02|0.00|0.01|0.06|0.15|-0.17|0.98|-0.48|-0.35|-0.12|-0.52|0.61|-0.59|1.04|0.93
-0.15|0.35|1.29|0.55|0.53|-0.91|-0.42|-0.09|-0.44|-0.27|0.33|-0.29|-0.00|-0.02|-0.00|-0.33|-0.17|0.10|-0.33|-1.39|-0.62|-0.07|0.36|0.10|0.03|0.12|-0.44
------ Dim separator ------
0.35|-0.63|-0.90|0.96|0.08|0.11|0.02|-0.71|-0.87|-0.14|0.44|0.19|0.01|0.01|0.00|-0.06|-0.37|-0.49|-0.51|0.64|-0.07|0.26|0.14|-0.54|-1.41|-0.04|-0.43
0.46|0.14|-0.28|-0.58|-0.13|-0.20|0.38|-0.03|0.62|-0.23|0.53|-0.61|0.00|-0.01|-0.01|0.91|0.63|0.28|-0.24|-0.24|0.02|-0.07|-0.06|0.34|0.18|-0.48|-0.78
-0.09|0.25|0.55|0.94|0.22|0.49|-0.09|0.31|-0.10|-0.24|0.00|0.10|0.00|-0.03|-0.02|0.38|-0.36|0.80|0.38|-0.66|1.10|-0.52|1.00|0.81|0.18|-0.53|0.35
-1.51|0.65|0.34|0.09|-0.59|0.79|0.63|0.10|0.22|0.37|-0.41|0.33|-0.01|0.01|0.00|0.26|-0.84|-0.27|-0.66|-1.12|-0.97|-0.22|-0.15|0.30|0.50|-0.11|-0.36
0.29|-0.34|0.51|-1.14|1.13|0.53|-0.11|-1.15|-0.04|0.99|0.08|-0.94|0.00|0.00|-0.02|-0.31|-0.75|0.25|-0.20|0.06|0.54|0.38|-0.78|0.28|0.07|0.96|0.42
------ Dim separator ------
0.31|-0.33|-0.35|-1.60|0.87|0.38|0.17|-0.16|-0.12|0.36|-0.06|0.17|0.00|0.00|-0.01|-0.56|-0.40|-0.79|-1.43|0.53|-0.32|-0.09|1.25|-0.83|0.43|0.51|-0.16
-0.08|0.19|-0.25|0.51|-0.48|-0.58|-0.00|-0.18|-0.59|0.36|-0.42|-0.05|0.01|-0.01|-0.00|-0.06|0.33|0.29|-0.11|-0.22|0.56|-0.15|0.26|0.02|-0.08|1.23|0.20
0.54|0.15|-0.58|0.86|0.55|0.06|0.20|0.17|0.08|-0.25|0.06|0.08|-0.00|-0.00|-0.01|0.08|0.22|0.02|0.91|0.61|-0.60|0.23|0.15|0.69|0.27|-0.40|-0.11
1.15|0.23|0.01|-0.27|0.28|-0.07|0.67|-0.32|0.23|-0.38|-0.21|0.03|-0.01|-0.00|0.00|0.94|-0.33|-0.13|0.64|-0.14|-0.13|-0.16|-0.44|-0.33|-0.43|-0.07|-0.35
1.18|-0.23|-1.05|-1.32|-0.12|0.82|-0.37|0.52|0.02|-0.70|1.24|0.32|-0.02|-0.00|0.01|0.84|-0.06|-0.10|-0.98|0.19|0.44|-0.94|0.26|0.30|1.37|-0.23|0.40
------ Dim separator ------
-0.71|0.96|0.15|0.49|0.37|-1.00|0.97|0.78|-0.59|-0.41|0.46|0.15|-0.00|-0.00|-0.00|-0.31|0.19|-0.07|-0.42|-0.64|-0.15|-0.33|-0.01|-1.40|0.75|-0.22|0.24
-0.66|-0.36|-1.15|0.08|0.28|-0.17|0.87|0.04|0.03|0.50|-0.79|-0.80|-0.01|-0.02|0.00|0.01|0.39|0.35|-0.11|-0.44|-0.78|-0.51|-0.76|-0.56|-0.27|0.25|0.04
0.53|0.14|-0.28|0.79|-0.48|-0.21|-0.08|-0.32|-0.73|-0.28|1.28|0.16|0.01|0.01|-0.01|-0.06|0.27|0.16|0.66|-0.07|-0.48|0.47|0.78|-0.03|1.24|-0.28|0.15
0.71|0.72|-0.03|0.30|-0.19|0.16|-0.40|-0.18|-0.89|0.21|-0.08|0.06|0.04|0.01|0.01|0.09|-0.01|0.06|0.95|0.40|0.19|-0.31|-0.20|0.84|-1.38|-0.00|1.18
0.74|0.24|0.35|-0.44|-0.20|-0.34|0.26|-1.14|0.28|-0.26|-0.76|1.00|0.00|0.01|0.00|-1.01|-0.87|-0.64|-0.17|-0.07|0.33|0.12|-0.67|-0.08|0.46|0.23|-0.69
