------ Dim separator ------
0.46|-0.44|0.20|-0.62|-0.16|-0.03|-0.68|-0.27|-0.40|-0.61|-0.07|-0.10|-0.00|-0.00|0.00|0.24|-0.50|0.53|-0.38|0.51|-0.92|0.22|-0.18|0.65|1.12|-0.01|-0.77
0.08|0.68|-0.19|0.34|-0.10|-0.22|0.22|-0.49|0.15|-0.95|-0.95|-1.06|0.00|0.00|0.00|0.25|-0.47|1.17|0.49|0.64|0.92|-0.68|0.35|0.24|0.37|0.10|-0.19
0.85|-0.47|-0.43|0.66|-0.16|-0.60|-0.28|0.37|-0.01|0.07|0.01|0.35|0.00|0.00|-0.01|-0.26|0.15|-0.30|0.87|1.02|0.09|-0.52|0.14|0.40|-0.10|-0.95|-0.25
0.06|0.72|1.01|-0.16|0.66|0.20|0.06|-0.26|0.25|-0.45|-0.31|1.21|-0.00|0.00|-0.00|-0.71|0.08|-0.05|-0.28|0.10|0.15|-0.21|0.03|-0.27|-0.85|0.59|1.43
0.26|-0.53|-0.38|-0.14|0.66|0.48|-0.06|-0.32|0.46|-0.74|0.53|0.60|0.00|0.00|0.00|0.84|0.05|0.47|-0.31|-0.07|-0.68|0.47|0.26|-0.99|0.82|0.51|-0.38
------ Dim separator ------
1.00|0.05|0.31|0.62|0.22|-0.09|0.52|0.59|0.04|-0.19|-0.40|-0.05|0.00|0.00|0.00|0.91|0.55|0.39|-0.77|-0.33|1.14|-0.31|-0.73|-0.31|0.84|-0.35|0.14
0.89|-0.22|0.24|-0.26|0.36|-0.91|0.23|0.08|-0.21|-0.05|-0.34|-0.49|0.00|-0.01|0.01|0.30|-0.51|0.49|-0.25|-1.00|0.59|0.23|-0.29|0.26|-0.38|0.46|0.68
0.10|-0.42|-0.45|0.64|0.24|0.59|0.81|-0.13|-0.03|-0.78|0.72|-1.09|-0.00|0.00|-0.00|0.24|-0.29|0.23|0.89|0.29|-0.13|-0.09|0.67|-0.28|0.06|1.24|-0.14
0.79|0.28|0.55|-0.20|0.76|-0.27|0.71|0.25|-0.50|0.28|-0.50|0.63|0.01|0.00|-0.00|-0.11|0.12|0.09|0.76|-0.59|-0.56|-0.19|-0.60|0.59|-0.57|0.95|0.62
-0.11|0.63|1.18|0.51|0.38|-0.97|-0.66|0.03|-0.48|-0.22|0.44|-0.09|-0.00|0.00|0.00|-0.22|-0.40|0.08|-0.29|-1.42|-0.78|-0.18|0.30|-0.17|-0.14|-0.11|-0.41
------ Dim separator ------
0.31|-0.41|-0.60|1.10|0.07|-0.10|-0.04|-0.68|-0.89|-0.28|0.29|0.24|-0.00|-0.01|-0.00|-0.22|-0.11|-0.57|-0.55|0.41|0.01|0.03|0.26|-0.09|-1.54|-0.04|-0.55
0.34|0.12|-0.23|-0.74|-0.22|-0.42|0.23|-0.02|0.51|-0.24|0.44|-0.49|0.00|0.00|0.00|0.85|0.65|0.17|-0.05|-0.35|-0.02|0.05|0.07|0.64|0.20|-0.56|-0.67
-0.08|0.33|0.47|0.94|0.20|0.25|-0.02|0.01|-0.13|-0.07|0.08|0.12|0.00|0.01|0.01|0.16|-0.42|0.58|0.22|-0.54|1.13|-0.33|0.73|0.93|0.31|-0.65|0.18
-1.60|0.83|0.36|-0.03|-0.44|0.87|0.60|0.09|0.23|0.52|-0.64|0.48|-0.00|-0.01|-0.00|0.23|-0.63|-0.30|-0.63|-0.96|-0.72|-0.19|-0.11|0.55|0.54|-0.14|-0.08
0.23|-0.47|0.53|-1.35|1.55|0.45|0.11|-1.23|-0.03|0.82|0.14|-1.09|-0.00|0.00|0.01|-0.43|-0.88|0.20|-0.50|-0.16|0.57|0.29|-0.81|0.33|-0.08|1.01|-0.01
------ Dim separator ------
0.57|-0.45|-0.87|-1.43|0.78|0.42|0.14|-0.42|-0.35|0.09|0.04|0.27|-0.00|-0.00|0.01|-0.63|-0.63|-0.89|-1.42|0.24|-0.08|-0.21|1.30|-1.09|0.37|0.47|-0.11
-0.04|0.18|-0.20|0.60|-0.51|-0.28|-0.14|-0.32|-0.45|0.30|-0.51|-0.21|-0.00|0.00|-0.00|0.14|0.24|0.11|-0.03|-0.33|0.49|-0.19|0.38|0.20|-0.16|1.23|-0.17
0.44|0.21|-0.61|0.94|0.31|0.13|0.41|0.28|0.38|-0.40|0.33|-0.01|0.00|0.00|0.00|0.54|0.19|0.05|0.86|0.60|-0.61|0.42|0.16|0.97|0.34|-0.58|-0.25
0.95|-0.14|0.37|-0.41|0.38|-0.22|0.86|-0.36|0.35|-0.14|-0.35|0.06|0.00|-0.00|-0.00|0.77|-0.31|0.21|0.57|0.00|0.21|-0.25|-0.47|-0.21|0.07|-0.01|-0.30
1.15|-0.20|-0.98|-1.44|0.01|0.75|-0.33|0.54|0.04|-0.95|1.03|0.27|0.01|0.00|0.01|0.81|0.04|-0.09|-0.97|0.29|0.51|-0.91|0.28|0.37|1.32|-0.08|0.54
------ Dim separator ------
-0.37|1.15|0.45|0.65|0.67|-1.15|0.74|0.96|-0.57|-0.32|0.35|0.24|-0.00|-0.00|0.00|-0.05|0.40|0.23|-0.39|-0.47|-0.05|-0.57|0.03|-1.32|0.89|-0.20|0.23
-0.77|-0.24|-0.92|0.09|-0.02|-0.20|0.75|0.27|0.10|0.51|-1.00|-0.78|0.00|0.00|-0.00|-0.02|0.42|0.54|0.14|-0.20|-0.71|-0.46|-0.75|-0.60|-0.08|0.47|0.19
0.61|0.13|-0.16|0.78|-0.41|-0.19|-0.08|-0.34|-0.75|-0.16|0.96|0.20|1.00|0.00|0.01|0.00|1.00|-0.00|0.00|0.20|-0.60|0.19|0.58|-0.08|1.18|-0.32|0.48
0.72|0.65|-0.11|0.24|-0.36|-0.01|-0.10|-0.28|-0.84|0.30|-0.19|0.24|-0.02|-0.00|-0.00|0.41|0.12|0.12|0.95|0.25|0.40|-0.41|-0.27|0.76|-1.29|0.12|1.25
0.57|0.36|0.40|-0.27|-0.10|-0.24|0.33|-0.90|0.28|-0.33|-0.70|1.01|-0.00|-0.00|-0.01|-0.90|-1.05|-0.57|-0.30|-0.14|0.14|0.29|-0.63|-0.19|0.56|0.45|-0.75
