------ Dim separator ------
0.50|-0.45|-0.04|-0.47|-0.15|-0.18|-1.16|-0.47|-0.38|0.05|-0.44|0.42|-0.00|0.00|0.00|0.31|-0.69|1.00|-0.64|0.95|-0.87|0.26|-0.14|0.48|1.44|0.12|-1.13
0.14|0.82|-0.20|0.55|-0.28|-0.34|-0.11|-0.19|0.40|-0.75|-1.09|-1.12|-0.00|0.00|-0.00|-0.25|-0.59|1.05|0.70|0.80|1.18|-0.56|-0.14|0.77|0.08|0.29|0.19
0.76|-0.50|-0.49|0.71|-0.04|-0.36|-0.39|0.00|-0.38|-0.32|-0.22|0.59|0.00|0.00|-0.00|-0.39|-0.22|0.18|1.12|0.84|0.34|-0.70|-0.22|0.53|-0.21|-0.64|-0.24
-0.24|1.05|0.78|-0.52|0.27|0.25|0.40|0.06|0.14|-0.41|-0.72|1.39|0.00|0.00|-0.00|-0.74|-0.04|-0.21|-0.63|-0.20|-0.43|0.21|0.62|-0.32|-1.15|0.60|1.94
0.17|-0.27|-0.47|-0.32|0.97|0.51|-0.54|-0.22|0.17|-0.70|0.57|0.23|0.00|0.00|0.00|0.67|-0.54|0.73|-0.10|-0.28|-0.38|0.62|-0.02|-1.56|1.50|0.22|-0.30
------ Dim separator ------
0.94|0.23|0.82|0.62|0.44|-0.20|0.77|0.36|0.11|-0.06|-0.55|-0.46|-0.00|0.00|-0.00|0.79|0.06|0.39|-1.07|-0.40|1.06|0.27|-0.84|-0.00|0.70|-0.18|0.84
0.71|-0.64|-0.00|-0.43|-0.04|-0.88|0.26|-0.20|-0.44|-0.28|-0.49|0.14|-0.00|0.00|0.00|-0.19|-0.60|0.82|-0.46|-0.90|0.49|0.08|-0.87|0.04|-0.27|0.16|0.94
0.20|-0.67|-0.42|0.93|-0.07|0.43|0.48|-0.53|-0.13|-0.18|0.53|-1.29|1.00|0.00|-0.00|-0.00|0.00|0.00|1.00|-0.04|0.04|-0.49|1.22|0.17|-0.44|0.84|0.07
0.14|0.31|0.63|0.36|1.32|0.05|0.46|0.32|-0.14|0.33|-0.28|0.64|1.00|0.00|-0.00|0.00|-0.00|0.00|1.00|-0.28|0.10|-0.26|-0.28|0.10|-0.87|1.45|1.20
-0.22|0.01|1.41|0.74|1.03|-0.55|-0.37|0.01|-0.37|-0.23|-0.15|-0.60|-0.00|0.00|0.00|-0.70|0.11|-0.35|-0.40|-2.07|-0.44|-0.25|0.55|0.43|0.31|0.21|-0.57
------ Dim separator ------
0.43|-0.77|-1.05|1.10|0.01|-0.30|0.28|-0.70|-0.59|-0.22|0.67|0.50|-0.00|-0.00|-0.00|0.21|-0.52|-0.65|-0.53|0.57|-0.26|0.28|0.38|-0.60|-1.31|-0.15|-0.43
0.42|-0.07|-0.28|-0.72|-0.13|-0.87|0.39|-0.05|0.45|-0.41|0.44|-0.63|-0.00|0.00|0.00|1.09|0.46|0.43|-0.44|-0.22|0.05|-0.50|-0.33|0.28|-0.16|-0.73|-1.03
0.09|0.32|1.02|0.70|0.35|0.41|0.00|0.04|-0.36|-0.28|-0.07|-0.04|-0.00|0.00|0.00|0.37|-0.17|0.87|0.02|-0.43|0.92|-0.50|0.85|0.78|-0.01|-0.43|0.20
-1.50|0.85|0.66|-0.03|-0.56|1.35|0.84|0.36|0.46|0.06|-0.64|0.25|0.00|-0.00|-0.00|0.54|-0.86|-0.15|-0.39|-0.96|-1.16|-0.45|0.77|-0.04|1.01|-0.39|-0.21
0.22|-0.51|0.52|-0.90|1.09|0.43|-0.17|-1.41|-0.22|0.91|0.21|-0.52|-0.00|0.00|-0.00|-0.36|-0.47|0.65|-0.55|0.12|0.59|0.63|-1.10|0.55|0.21|1.04|0.80
------ Dim separator ------
0.41|-0.41|-0.55|-1.67|0.97|0.11|0.21|-0.11|0.25|0.51|-0.13|0.39|-0.00|0.00|-0.00|-0.51|-0.38|-0.49|-1.72|0.67|-0.03|-0.16|0.88|-0.80|0.41|0.58|-0.26
-0.18|-0.15|-0.51|0.38|-0.19|-0.97|-0.05|-0.31|-0.16|0.33|0.09|-0.20|-0.00|0.00|-0.00|-0.08|0.60|0.28|-0.17|-0.57|0.62|-0.32|0.31|0.12|-0.13|1.09|0.27
0.25|-0.05|-0.24|0.74|0.53|0.22|0.27|0.18|-0.10|-0.13|0.11|0.31|1.00|-0.00|0.00|0.00|-0.00|-0.00|1.00|0.64|-1.02|0.40|0.34|0.95|0.42|-0.26|-0.19
1.33|0.22|-0.39|-0.24|0.51|-0.13|0.66|-0.61|0.42|-0.44|-0.51|0.44|0.00|-0.00|-0.00|0.98|-0.13|-0.01|0.82|-0.11|-0.14|-0.71|-0.31|-0.30|-0.38|0.23|-0.41
1.39|-0.62|-1.51|-0.92|-0.22|0.69|-0.19|0.68|0.23|-0.66|1.10|0.06|0.00|-0.00|0.00|0.71|-0.58|-0.44|-1.60|0.29|0.29|-1.18|0.23|0.15|1.52|-0.32|0.56
------ Dim separator ------
-0.22|1.08|0.23|0.60|0.28|-1.29|1.05|0.61|-0.46|-0.71|0.25|0.06|0.00|0.00|0.00|-0.15|0.12|-0.00|-0.30|-0.59|0.16|0.02|-0.43|-1.54|0.91|-0.39|0.33
-0.74|-0.17|-1.40|-0.32|0.20|0.12|0.94|0.02|0.22|0.85|-0.92|-0.97|0.00|0.01|-0.00|0.47|0.11|0.62|0.01|-0.49|-0.90|-0.56|-0.56|-0.84|-0.39|-0.23|0.04
0.60|0.22|-0.17|0.76|-0.50|-0.03|-0.26|-0.32|-0.75|-0.13|1.51|0.43|1.00|0.00|0.00|-0.00|0.00|0.00|1.00|-0.07|-0.16|0.70|1.00|-0.11|1.07|-0.08|-0.08
0.26|0.68|0.47|0.05|0.40|-0.06|-0.56|-0.19|-1.41|0.34|-0.04|0.07|1.00|0.00|-0.00|0.00|-0.00|-0.00|1.00|0.43|0.05|-0.18|-0.19|1.18|-1.33|0.21|1.57
1.12|0.49|0.29|-0.64|0.09|-0.34|0.07|-1.35|-0.03|-0.61|-0.79|0.92|0.00|-0.00|0.00|-0.99|-0.93|-0.51|0.18|-0.60|0.54|0.33|-0.73|0.01|0.64|0.38|-0.73
