------ Dim separator ------
0.29|-0.12|0.24|-0.48|-0.19|-0.10|-0.80|-0.20|-0.48|-0.33|-0.24|-0.03|0.01|-0.00|-0.01|0.25|-0.41|0.91|-0.42|0.65|-1.06|0.50|-0.03|0.71|1.12|0.19|-1.04
0.14|0.70|-0.14|0.15|-0.17|-0.05|0.29|-0.44|0.23|-0.80|-1.06|-0.98|-0.00|0.00|-0.00|0.14|-0.47|1.13|0.59|0.60|0.93|-0.51|0.27|0.46|0.42|0.14|-0.27
0.84|-0.68|-0.30|0.67|0.05|-0.25|-0.20|0.16|0.03|0.06|0.05|0.27|-0.01|-0.01|0.01|-0.52|-0.22|-0.18|0.81|0.94|0.09|-0.62|0.08|0.47|-0.25|-0.98|-0.36
-0.11|0.89|0.91|-0.31|0.51|0.04|0.40|-0.18|-0.01|-0.52|-0.36|1.17|0.01|-0.00|-0.00|-0.40|0.19|0.01|-0.41|0.13|-0.09|0.08|0.21|-0.30|-1.07|0.62|1.63
0.26|-0.43|-0.57|-0.26|0.73|0.35|-0.07|-0.24|0.14|-0.64|0.42|0.46|-0.00|-0.01|-0.01|0.68|-0.14|0.51|-0.09|-0.21|-0.63|0.40|0.01|-1.10|0.89|0.45|-0.37
------ Dim separator ------
0.76|0.12|0.29|0.65|0.22|-0.18|0.53|0.40|-0.07|-0.22|-0.38|-0.12|0.01|0.00|0.00|0.80|0.36|0.25|-0.82|-0.23|1.12|-0.23|-0.65|-0.45|0.61|-0.02|0.28
0.94|-0.34|0.19|-0.35|0.19|-0.78|0.37|-0.15|-0.31|-0.13|-0.26|-0.18|0.00|0.01|-0.01|0.22|-0.46|0.72|-0.38|-0.98|0.79|0.05|-0.58|0.28|-0.44|0.21|0.73
0.32|-0.50|-0.34|0.82|0.14|0.46|0.56|-0.18|-0.05|-0.49|0.62|-1.01|0.00|-0.02|0.00|0.30|-0.11|-0.09|0.81|0.10|-0.05|-0.20|0.79|-0.35|-0.14|0.98|-0.11
0.73|0.41|0.43|-0.07|1.17|-0.22|0.72|0.59|-0.27|0.19|-0.50|0.57|-0.03|0.01|0.01|0.06|0.16|-0.17|0.98|-0.49|-0.35|-0.12|-0.53|0.62|-0.58|1.03|0.93
-0.14|0.37|1.29|0.55|0.52|-0.92|-0.42|-0.08|-0.44|-0.27|0.34|-0.29|0.01|-0.01|0.00|-0.33|-0.18|0.10|-0.33|-1.39|-0.63|-0.06|0.35|0.09|0.02|0.12|-0.44
------ Dim separator ------
0.35|-0.64|-0.91|0.96|0.08|0.11|0.03|-0.72|-0.88|-0.13|0.44|0.19|0.01|0.01|0.01|-0.07|-0.37|-0.49|-0.51|0.64|-0.06|0.25|0.15|-0.54|-1.41|-0.04|-0.43
0.46|0.15|-0.29|-0.58|-0.13|-0.20|0.38|-0.03|0.62|-0.23|0.53|-0.61|0.01|-0.01|-0.01|0.90|0.63|0.27|-0.24|-0.23|0.03|-0.06|-0.05|0.35|0.19|-0.48|-0.77
-0.09|0.26|0.55|0.94|0.23|0.50|-0.09|0.32|-0.09|-0.24|0.00|0.11|-0.00|-0.02|-0.02|0.39|-0.36|0.80|0.39|-0.66|1.10|-0.53|1.01|0.81|0.18|-0.52|0.36
-1.52|0.66|0.34|0.08|-0.59|0.79|0.63|0.09|0.21|0.38|-0.41|0.33|-0.00|0.01|0.00|0.27|-0.84|-0.27|-0.67|-1.11|-0.97|-0.21|-0.17|0.31|0.49|-0.10|-0.35
0.29|-0.34|0.50|-1.16|1.13|0.53|-0.10|-1.15|-0.03|1.00|0.08|-0.95|0.00|0.00|-0.01|-0.31|-0.76|0.25|-0.19|0.06|0.54|0.38|-0.77|0.28|0.07|0.96|0.41
------ Dim separator ------
0.31|-0.33|-0.36|-1.60|0.86|0.39|0.17|-0.16|-0.12|0.36|-0.06|0.16|0.01|0.00|-0.00|-0.56|-0.40|-0.80|-1.43|0.53|-0.33|-0.10|1.25|-0.84|0.42|0.51|-0.15
-0.08|0.19|-0.24|0.51|-0.49|-0.58|-0.01|-0.18|-0.60|0.37|-0.43|-0.05|0.01|-0.01|-0.00|-0.06|0.32|0.29|-0.11|-0.22|0.57|-0.15|0.27|0.02|-0.08|1.23|0.19
0.54|0.14|-0.58|0.86|0.55|0.06|0.21|0.17|0.08|-0.26|0.06|0.07|-0.01|-0.00|-0.01|0.08|0.22|0.02|0.90|0.62|-0.60|0.23|0.14|0.69|0.28|-0.41|-0.11
1.14|0.22|0.02|-0.27|0.28|-0.07|0.67|-0.31|0.23|-0.37|-0.21|0.02|-0.00|-0.00|0.00|0.94|-0.34|-0.12|0.64|-0.14|-0.13|-0.15|-0.44|-0.33|-0.43|-0.07|-0.35
1.18|-0.22|-1.05|-1.32|-0.12|0.82|-0.37|0.52|0.02|-0.71|1.24|0.34|-0.01|-0.01|0.00|0.84|-0.06|-0.10|-0.97|0.19|0.44|-0.93|0.26|0.30|1.37|-0.23|0.40
------ Dim separator ------
-0.72|0.96|0.16|0.49|0.38|-1.00|0.97|0.78|-0.59|-0.41|0.46|0.14|-0.00|-0.00|-0.00|-0.31|0.19|-0.06|-0.43|-0.63|-0.16|-0.35|-0.01|-1.40|0.75|-0.21|0.24
-0.67|-0.36|-1.15|0.08|0.28|-0.17|0.88|0.04|0.03|0.49|-0.79|-0.80|-0.00|-0.02|0.00|0.00|0.39|0.35|-0.10|-0.44|-0.77|-0.52|-0.75|-0.56|-0.26|0.26|0.03
0.53|0.15|-0.28|0.79|-0.48|-0.21|-0.08|-0.31|-0.73|-0.27|1.27|0.16|0.00|-0.00|-0.01|-0.07|0.27|0.16|0.65|-0.08|-0.49|0.46|0.79|-0.03|1.25|-0.28|0.16
0.72|0.73|-0.02|0.31|-0.20|0.16|-0.40|-0.18|-0.88|0.21|-0.08|0.07|0.03|0.01|0.00|0.09|-0.01|0.05|0.95|0.40|0.19|-0.31|-0.20|0.83|-1.39|0.01|1.18
0.74|0.23|0.35|-0.43|-0.21|-0.34|0.26|-1.13|0.29|-0.26|-0.77|1.01|0.00|0.00|-0.00|-1.00|-0.87|-0.65|-0.18|-0.07|0.32|0.11|-0.68|-0.08|0.46|0.22|-0.69
