------ Dim separator ------
0.50|-0.44|-0.04|-0.47|-0.15|-0.18|-1.15|-0.47|-0.38|0.05|-0.44|0.42|0.00|-0.00|0.00|0.31|-0.69|0.99|-0.63|0.95|-0.88|0.26|-0.14|0.48|1.44|0.12|-1.13
0.14|0.82|-0.19|0.55|-0.28|-0.33|-0.11|-0.19|0.40|-0.75|-1.09|-1.12|-0.00|-0.00|0.00|-0.25|-0.59|1.04|0.71|0.79|1.17|-0.55|-0.15|0.78|0.08|0.29|0.19
0.76|-0.50|-0.49|0.71|-0.04|-0.35|-0.39|-0.00|-0.37|-0.32|-0.21|0.59|0.00|0.00|0.00|-0.39|-0.21|0.17|1.11|0.84|0.34|-0.70|-0.22|0.53|-0.22|-0.65|-0.24
-0.24|1.05|0.78|-0.51|0.27|0.25|0.40|0.06|0.14|-0.41|-0.72|1.39|-0.00|0.00|0.00|-0.74|-0.04|-0.21|-0.63|-0.19|-0.42|0.21|0.62|-0.32|-1.15|0.61|1.93
0.17|-0.27|-0.46|-0.32|0.98|0.51|-0.53|-0.22|0.17|-0.70|0.56|0.23|0.00|-0.00|0.00|0.67|-0.54|0.72|-0.10|-0.28|-0.38|0.61|-0.02|-1.56|1.49|0.23|-0.30
------ Dim separator ------
0.94|0.23|0.82|0.62|0.43|-0.19|0.77|0.37|0.10|-0.06|-0.55|-0.46|-0.01|-0.00|0.00|0.79|0.06|0.40|-1.06|-0.40|1.07|0.27|-0.83|-0.01|0.70|-0.18|0.84
0.71|-0.64|0.00|-0.43|-0.04|-0.88|0.26|-0.20|-0.44|-0.28|-0.49|0.14|0.00|-0.00|-0.00|-0.19|-0.60|0.81|-0.46|-0.91|0.49|0.08|-0.87|0.04|-0.27|0.16|0.94
0.20|-0.66|-0.42|0.92|-0.07|0.43|0.48|-0.53|-0.13|-0.18|0.53|-1.29|0.99|0.00|-0.00|-0.00|-0.01|-0.00|1.00|-0.04|0.04|-0.49|1.22|0.17|-0.44|0.85|0.07
0.14|0.32|0.63|0.36|1.32|0.05|0.45|0.33|-0.14|0.32|-0.28|0.64|0.99|-0.00|-0.00|-0.00|0.00|-0.00|1.00|-0.28|0.10|-0.26|-0.29|0.10|-0.87|1.45|1.20
-0.22|0.01|1.41|0.74|1.02|-0.55|-0.38|0.01|-0.37|-0.23|-0.15|-0.60|-0.00|0.01|0.00|-0.69|0.12|-0.35|-0.40|-2.06|-0.44|-0.24|0.55|0.43|0.31|0.21|-0.57
------ Dim separator ------
0.43|-0.77|-1.04|1.09|0.01|-0.30|0.28|-0.70|-0.58|-0.22|0.67|0.49|0.00|-0.01|0.00|0.21|-0.52|-0.64|-0.53|0.57|-0.25|0.28|0.37|-0.59|-1.31|-0.15|-0.44
0.42|-0.07|-0.28|-0.72|-0.13|-0.87|0.40|-0.04|0.46|-0.41|0.44|-0.63|0.00|0.00|0.00|1.09|0.46|0.43|-0.44|-0.22|0.04|-0.50|-0.32|0.28|-0.15|-0.72|-1.03
0.09|0.33|1.01|0.70|0.34|0.42|0.00|0.04|-0.36|-0.28|-0.07|-0.04|-0.00|0.00|0.00|0.36|-0.17|0.87|0.02|-0.43|0.92|-0.51|0.86|0.78|-0.02|-0.42|0.21
-1.50|0.84|0.66|-0.03|-0.57|1.33|0.84|0.35|0.46|0.07|-0.64|0.25|0.00|-0.00|-0.00|0.54|-0.87|-0.15|-0.38|-0.96|-1.15|-0.45|0.76|-0.04|1.01|-0.39|-0.21
0.23|-0.50|0.52|-0.90|1.09|0.43|-0.17|-1.40|-0.22|0.91|0.21|-0.52|-0.00|0.00|0.00|-0.35|-0.48|0.65|-0.55|0.11|0.60|0.63|-1.09|0.55|0.21|1.04|0.80
------ Dim separator ------
0.41|-0.41|-0.55|-1.67|0.97|0.11|0.21|-0.11|0.24|0.51|-0.14|0.39|-0.00|0.00|0.00|-0.51|-0.38|-0.49|-1.72|0.66|-0.04|-0.16|0.88|-0.80|0.40|0.58|-0.25
-0.17|-0.15|-0.50|0.38|-0.19|-0.97|-0.06|-0.31|-0.17|0.33|0.09|-0.20|0.00|0.00|0.00|-0.08|0.59|0.28|-0.17|-0.56|0.62|-0.32|0.31|0.12|-0.12|1.08|0.28
0.26|-0.05|-0.25|0.73|0.53|0.22|0.27|0.19|-0.10|-0.13|0.10|0.31|0.99|-0.00|-0.00|-0.00|0.00|-0.00|1.00|0.64|-1.02|0.40|0.34|0.94|0.42|-0.26|-0.19
1.32|0.22|-0.39|-0.24|0.51|-0.12|0.66|-0.60|0.42|-0.44|-0.51|0.43|-0.00|0.00|0.00|0.98|-0.13|-0.00|0.81|-0.11|-0.15|-0.71|-0.32|-0.30|-0.38|0.22|-0.40
1.38|-0.61|-1.50|-0.92|-0.21|0.69|-0.19|0.67|0.23|-0.67|1.10|0.06|0.00|0.00|-0.00|0.71|-0.58|-0.43|-1.59|0.29|0.29|-1.17|0.23|0.15|1.52|-0.32|0.56
------ Dim separator ------
-0.23|1.07|0.23|0.59|0.29|-1.28|1.05|0.60|-0.46|-0.70|0.24|0.05|-0.00|-0.00|0.00|-0.16|0.12|-0.00|-0.30|-0.58|0.16|0.02|-0.43|-1.54|0.91|-0.39|0.33
-0.74|-0.17|-1.39|-0.32|0.19|0.12|0.94|0.03|0.22|0.85|-0.92|-0.97|0.00|0.00|0.00|0.46|0.11|0.62|0.01|-0.49|-0.90|-0.56|-0.56|-0.83|-0.38|-0.23|0.04
0.60|0.21|-0.17|0.76|-0.50|-0.03|-0.26|-0.32|-0.75|-0.13|1.51|0.43|0.99|-0.00|0.00|0.00|-0.00|0.00|1.00|-0.06|-0.16|0.70|1.01|-0.11|1.06|-0.08|-0.08
0.26|0.68|0.46|0.06|0.39|-0.06|-0.56|-0.19|-1.41|0.34|-0.04|0.07|1.00|-0.00|-0.00|-0.00|-0.00|0.00|1.00|0.42|0.06|-0.19|-0.19|1.17|-1.33|0.21|1.56
1.12|0.48|0.30|-0.64|0.08|-0.34|0.07|-1.34|-0.02|-0.61|-0.80|0.92|-0.00|-0.00|0.00|-0.98|-0.93|-0.52|0.18|-0.59|0.53|0.33|-0.73|0.01|0.64|0.37|-0.73
