------ Dim separator ------
0.47|0.17|0.26|-0.30|-0.16|-0.13|-0.79|-0.45|-0.33|-0.35|-0.09|0.23|-0.01|0.00|0.00|0.36|-0.33|0.62|-0.36|0.64|-0.85|0.18|-0.15|0.85|1.02|0.12|-0.99
0.32|0.62|-0.12|0.09|-0.02|-0.11|0.34|-0.23|0.37|-0.58|-1.02|-0.81|-0.00|-0.01|0.00|0.17|-0.53|0.97|0.66|0.42|0.79|-0.38|-0.16|0.67|0.42|0.24|-0.14
0.82|-0.59|-0.22|0.75|0.07|-0.19|-0.18|0.12|0.24|0.15|0.05|0.13|0.01|0.01|-0.00|-0.32|-0.30|-0.19|0.82|0.76|0.09|-0.66|0.04|0.44|-0.31|-1.04|-0.15
-0.26|0.77|0.89|-0.28|0.52|0.22|0.36|-0.02|0.03|-0.41|-0.24|1.09|-0.00|0.01|0.01|-0.55|0.02|-0.06|-0.28|0.22|-0.05|0.24|0.23|-0.44|-1.18|0.93|1.26
0.17|-0.21|-0.45|-0.30|0.88|0.45|-0.08|-0.40|0.26|-0.71|0.42|0.58|-0.01|0.01|0.00|0.54|-0.09|0.47|-0.02|-0.17|-0.76|0.47|0.29|-0.97|0.68|0.56|-0.30
------ Dim separator ------
0.81|0.09|0.15|0.64|0.12|-0.25|0.40|0.54|0.14|-0.15|-0.20|-0.06|-0.01|-0.00|0.00|0.90|0.42|0.36|-0.80|-0.23|0.90|-0.13|-0.50|-0.44|0.56|0.15|0.46
0.89|-0.39|0.13|-0.18|-0.01|-0.70|0.31|-0.33|-0.41|0.01|-0.31|-0.23|-0.01|-0.01|0.00|0.04|-0.48|0.72|-0.27|-0.90|0.76|-0.03|-0.49|0.31|-0.43|0.04|0.69
0.44|-0.34|-0.40|0.82|-0.01|0.48|0.44|-0.17|-0.02|-0.63|0.67|-0.96|-0.03|0.01|-0.00|0.18|-0.09|-0.29|0.59|0.07|-0.01|-0.15|0.94|-0.31|0.09|1.11|-0.05
0.77|0.27|0.40|-0.01|1.05|-0.07|0.64|0.59|-0.18|0.13|-0.61|0.58|0.01|0.00|-0.00|0.10|0.06|-0.21|0.95|-0.31|-0.34|-0.04|-0.46|0.61|-0.43|1.04|0.93
-0.05|0.42|1.22|0.46|0.59|-0.90|-0.41|-0.09|-0.24|-0.25|0.09|-0.39|-0.00|0.02|-0.00|-0.28|-0.07|-0.08|-0.56|-1.48|-0.86|-0.20|0.36|-0.00|-0.01|0.21|-0.49
------ Dim separator ------
0.43|-0.62|-0.97|0.78|0.13|0.13|0.05|-0.63|-0.65|0.10|0.41|-0.06|-0.01|-0.01|-0.01|-0.10|-0.28|-0.64|-0.42|0.59|-0.16|0.21|0.17|-0.64|-1.33|0.03|-0.25
0.51|0.01|-0.33|-0.42|-0.18|-0.22|0.40|0.01|0.62|-0.09|0.51|-0.27|0.00|0.01|0.02|0.92|0.59|0.18|-0.38|-0.20|-0.04|-0.10|-0.05|0.17|0.33|-0.40|-0.69
-0.18|0.33|0.58|1.02|0.36|0.39|0.21|0.20|-0.07|-0.31|-0.04|0.00|0.00|0.02|0.02|0.51|-0.18|0.65|0.38|-0.60|1.13|-0.61|1.04|0.79|0.13|-0.37|0.49
-1.43|0.69|0.31|0.25|-0.52|0.70|0.54|0.19|0.16|0.31|-0.61|0.56|0.01|-0.01|-0.00|0.43|-0.80|-0.35|-0.42|-0.86|-0.71|-0.26|-0.15|-0.01|0.63|-0.24|-0.11
0.24|-0.15|0.35|-1.18|1.03|0.33|-0.28|-1.13|-0.03|1.00|0.26|-0.69|0.00|-0.01|0.01|-0.30|-0.94|0.27|-0.32|0.07|0.45|0.06|-0.82|0.31|0.08|0.88|0.32
------ Dim separator ------
0.04|-0.28|-0.42|-1.42|0.65|0.40|0.02|-0.04|-0.03|0.27|-0.21|0.20|0.00|0.01|0.01|-0.40|-0.37|-0.73|-1.36|0.52|-0.30|-0.17|1.15|-1.01|0.21|0.56|0.08
0.02|0.37|-0.01|0.45|-0.41|-0.60|0.07|-0.06|-0.64|0.25|-0.30|-0.02|-0.02|0.00|-0.00|-0.20|0.26|0.22|-0.06|-0.19|0.58|-0.05|0.20|-0.05|0.01|1.32|0.12
0.69|-0.02|-0.43|0.78|0.55|-0.18|0.36|0.39|-0.07|-0.17|-0.02|0.14|-0.01|0.01|0.01|0.19|0.23|0.17|0.88|0.72|-0.82|0.27|0.06|0.82|0.27|-0.48|0.06
0.98|0.35|-0.10|-0.24|0.44|-0.26|0.65|-0.41|0.32|-0.55|-0.31|-0.13|-0.00|0.00|0.00|1.04|-0.38|0.08|0.65|-0.19|-0.10|-0.23|-0.40|-0.45|-0.21|-0.34|-0.26
1.18|-0.13|-1.24|-1.26|-0.11|0.81|-0.53|0.52|0.03|-0.80|1.00|0.44|0.02|-0.00|-0.01|0.65|-0.05|-0.08|-1.04|0.38|0.25|-0.66|0.01|0.30|1.29|-0.20|0.37
------ Dim separator ------
-0.70|0.68|0.22|0.43|0.46|-1.14|1.06|0.61|-0.46|-0.29|0.36|0.06|0.01|0.01|-0.00|-0.61|0.24|-0.06|-0.49|-0.61|-0.21|-0.45|-0.14|-1.30|0.71|-0.18|0.27
-0.75|-0.24|-1.11|0.17|0.07|-0.27|0.62|-0.08|-0.04|0.65|-0.83|-0.76|0.01|0.02|-0.00|0.05|0.46|0.37|-0.04|-0.38|-0.81|-0.44|-0.55|-0.33|-0.13|0.18|-0.21
0.45|0.13|-0.27|0.69|-0.30|-0.05|-0.17|-0.25|-0.60|-0.11|1.07|0.04|-0.00|-0.00|0.01|0.01|0.24|0.12|0.68|-0.16|-0.45|0.35|0.92|0.09|1.17|-0.10|0.22
0.89|0.69|-0.02|0.33|-0.02|0.24|-0.55|-0.18|-0.84|0.36|0.02|0.06|0.98|-0.01|-0.01|0.00|-0.00|0.00|1.00|0.55|-0.01|-0.15|-0.34|0.69|-1.41|0.27|1.16
0.77|0.09|0.28|-0.38|-0.28|-0.42|0.38|-0.80|0.42|-0.41|-0.78|0.98|0.00|-0.01|0.01|-0.83|-0.87|-0.70|-0.26|-0.01|0.31|0.06|-0.70|-0.19|0.68|0.11|-0.67
