------ Dim separator ------
0.46|-0.44|0.20|-0.63|-0.16|-0.03|-0.67|-0.27|-0.40|-0.62|-0.07|-0.11|0.00|-0.00|0.01|0.23|-0.49|0.52|-0.38|0.50|-0.92|0.21|-0.18|0.66|1.12|-0.02|-0.77
0.08|0.68|-0.19|0.34|-0.10|-0.21|0.23|-0.50|0.16|-0.95|-0.96|-1.06|-0.00|-0.00|0.00|0.26|-0.47|1.16|0.49|0.63|0.91|-0.68|0.36|0.24|0.38|0.11|-0.19
0.85|-0.47|-0.43|0.66|-0.16|-0.60|-0.27|0.37|0.00|0.08|0.02|0.35|0.00|0.01|-0.01|-0.26|0.14|-0.30|0.87|1.02|0.09|-0.52|0.15|0.40|-0.11|-0.96|-0.25
0.06|0.71|1.00|-0.17|0.66|0.20|0.06|-0.26|0.25|-0.45|-0.31|1.20|-0.00|0.00|-0.00|-0.70|0.09|-0.04|-0.28|0.11|0.15|-0.21|0.02|-0.28|-0.85|0.60|1.42
0.26|-0.53|-0.38|-0.14|0.65|0.48|-0.05|-0.33|0.46|-0.74|0.52|0.61|-0.00|0.00|0.00|0.85|0.05|0.47|-0.31|-0.07|-0.68|0.47|0.27|-0.98|0.81|0.51|-0.39
------ Dim separator ------
1.00|0.05|0.30|0.63|0.21|-0.09|0.51|0.60|0.04|-0.19|-0.40|-0.04|-0.00|0.00|0.00|0.92|0.56|0.38|-0.77|-0.33|1.13|-0.32|-0.72|-0.31|0.85|-0.35|0.14
0.89|-0.23|0.24|-0.26|0.37|-0.91|0.23|0.08|-0.22|-0.04|-0.34|-0.50|-0.00|-0.01|0.00|0.30|-0.51|0.50|-0.24|-1.00|0.60|0.23|-0.28|0.27|-0.38|0.45|0.67
0.11|-0.42|-0.45|0.64|0.24|0.59|0.81|-0.12|-0.03|-0.79|0.72|-1.08|-0.01|0.00|-0.00|0.24|-0.29|0.22|0.89|0.30|-0.13|-0.08|0.67|-0.29|0.07|1.24|-0.14
0.80|0.27|0.55|-0.20|0.75|-0.26|0.72|0.25|-0.50|0.28|-0.50|0.63|-0.00|0.00|0.00|-0.11|0.13|0.09|0.75|-0.59|-0.56|-0.19|-0.60|0.60|-0.57|0.95|0.62
-0.11|0.65|1.18|0.51|0.37|-0.97|-0.66|0.03|-0.48|-0.22|0.44|-0.09|0.01|0.01|0.00|-0.22|-0.41|0.08|-0.30|-1.43|-0.79|-0.17|0.30|-0.18|-0.14|-0.11|-0.41
------ Dim separator ------
0.32|-0.42|-0.60|1.09|0.07|-0.09|-0.04|-0.69|-0.89|-0.27|0.29|0.24|-0.00|-0.00|0.00|-0.23|-0.11|-0.57|-0.56|0.41|0.01|0.02|0.26|-0.09|-1.53|-0.04|-0.55
0.34|0.12|-0.23|-0.73|-0.22|-0.42|0.23|-0.03|0.51|-0.24|0.44|-0.48|0.00|0.00|0.00|0.84|0.65|0.16|-0.06|-0.35|-0.03|0.05|0.07|0.64|0.21|-0.56|-0.66
-0.09|0.32|0.47|0.95|0.20|0.24|-0.01|0.01|-0.12|-0.07|0.08|0.12|-0.00|0.00|0.01|0.16|-0.42|0.58|0.23|-0.54|1.13|-0.33|0.73|0.93|0.31|-0.64|0.19
-1.61|0.83|0.36|-0.03|-0.44|0.87|0.60|0.09|0.22|0.53|-0.64|0.48|-0.00|-0.00|-0.00|0.24|-0.63|-0.30|-0.63|-0.95|-0.72|-0.18|-0.13|0.55|0.53|-0.13|-0.07
0.24|-0.47|0.53|-1.36|1.54|0.45|0.11|-1.23|-0.02|0.82|0.14|-1.09|-0.00|-0.00|0.00|-0.43|-0.88|0.19|-0.49|-0.16|0.57|0.28|-0.80|0.33|-0.08|1.02|-0.02
------ Dim separator ------
0.56|-0.45|-0.88|-1.43|0.77|0.43|0.14|-0.43|-0.35|0.09|0.04|0.26|0.00|0.00|0.01|-0.63|-0.63|-0.89|-1.42|0.24|-0.08|-0.21|1.30|-1.10|0.37|0.47|-0.10
-0.03|0.18|-0.19|0.61|-0.52|-0.27|-0.14|-0.32|-0.45|0.30|-0.52|-0.21|-0.01|0.01|0.01|0.13|0.23|0.11|-0.03|-0.32|0.49|-0.20|0.37|0.19|-0.16|1.23|-0.18
0.44|0.22|-0.61|0.94|0.31|0.13|0.42|0.29|0.37|-0.41|0.33|-0.01|-0.00|0.00|0.00|0.55|0.20|0.04|0.85|0.60|-0.61|0.42|0.15|0.97|0.34|-0.58|-0.25
0.94|-0.14|0.38|-0.41|0.38|-0.23|0.86|-0.36|0.35|-0.13|-0.35|0.06|0.00|-0.00|-0.00|0.77|-0.32|0.21|0.57|0.00|0.21|-0.24|-0.47|-0.21|0.07|-0.01|-0.30
1.15|-0.19|-0.98|-1.45|0.01|0.75|-0.33|0.54|0.04|-0.95|1.02|0.28|0.01|0.00|-0.00|0.81|0.05|-0.08|-0.96|0.29|0.52|-0.90|0.28|0.37|1.31|-0.08|0.54
------ Dim separator ------
-0.37|1.14|0.46|0.65|0.68|-1.15|0.74|0.96|-0.57|-0.32|0.35|0.24|-0.00|0.00|-0.00|-0.06|0.40|0.23|-0.40|-0.47|-0.05|-0.57|0.03|-1.32|0.89|-0.19|0.23
-0.77|-0.24|-0.91|0.09|-0.02|-0.21|0.75|0.27|0.10|0.51|-1.00|-0.78|-0.00|0.01|-0.00|-0.02|0.43|0.54|0.14|-0.19|-0.71|-0.46|-0.75|-0.59|-0.07|0.47|0.18
0.60|0.14|-0.16|0.78|-0.41|-0.19|-0.08|-0.34|-0.74|-0.16|0.95|0.19|0.99|-0.00|-0.00|-0.00|1.00|0.00|-0.00|0.20|-0.60|0.19|0.58|-0.08|1.18|-0.32|0.49
0.72|0.65|-0.11|0.24|-0.36|-0.01|-0.11|-0.28|-0.83|0.30|-0.18|0.25|-0.02|-0.01|-0.00|0.41|0.12|0.12|0.96|0.25|0.41|-0.40|-0.27|0.75|-1.29|0.13|1.25
0.57|0.35|0.40|-0.27|-0.10|-0.24|0.33|-0.90|0.29|-0.33|-0.70|1.01|-0.00|-0.01|-0.00|-0.90|-1.05|-0.57|-0.31|-0.15|0.14|0.29|-0.63|-0.19|0.55|0.45|-0.75
