------ Dim separator ------
0.64|-0.19|0.14|-0.50|-0.22|-0.20|-0.90|-0.28|-0.07|-0.23|-0.04|0.04|0.00|-0.01|-0.01|0.42|-0.42|0.33|-0.51|0.74|-0.97|0.11|-0.16|0.62|0.86|0.10|-0.97
0.02|0.60|-0.42|0.39|-0.06|-0.04|0.06|-0.32|0.30|-0.68|-1.11|-1.10|0.00|0.00|0.00|0.15|-0.54|0.85|0.63|0.63|0.88|-0.61|-0.07|0.67|0.39|0.48|-0.14
0.75|-0.37|-0.15|0.74|-0.20|-0.18|-0.30|0.22|-0.01|-0.19|-0.06|0.14|1.00|0.00|0.01|-0.00|-0.00|-0.01|1.00|0.77|0.10|-0.76|-0.17|0.52|0.04|-0.97|-0.04
0.15|0.81|0.44|-0.17|0.37|0.49|0.43|0.00|-0.01|-0.53|-0.48|1.04|0.01|-0.00|-0.01|-0.73|0.06|-0.01|-0.39|0.22|-0.10|0.25|0.22|-0.32|-1.08|0.96|1.36
0.10|-0.11|-0.41|-0.22|0.85|0.45|-0.03|-0.24|0.31|-0.46|0.59|0.43|-0.00|-0.00|0.00|0.53|0.02|0.43|-0.15|-0.30|-0.61|0.41|0.30|-1.03|1.17|0.48|-0.14
------ Dim separator ------
0.90|0.03|0.33|0.80|0.48|0.06|0.61|0.50|0.14|0.13|-0.04|-0.12|0.01|-0.00|0.00|0.88|0.24|0.28|-0.84|-0.20|0.78|0.18|-0.54|-0.38|0.73|0.10|0.53
0.80|-0.13|0.08|-0.45|-0.07|-0.71|-0.08|-0.49|-0.14|-0.01|-0.36|-0.21|0.00|0.00|-0.00|-0.20|-0.44|0.84|-0.25|-0.95|0.62|0.18|-0.57|0.47|-0.54|0.12|0.57
0.18|-0.63|-0.33|0.82|0.02|0.42|0.45|-0.17|-0.38|-0.82|0.70|-1.17|-0.00|-0.01|-0.00|0.12|-0.31|-0.15|0.91|0.14|0.02|-0.08|1.00|-0.02|-0.04|1.04|-0.01
0.69|0.36|0.61|0.06|0.87|-0.33|0.68|0.57|-0.03|0.27|-0.27|0.49|0.99|0.00|-0.00|0.00|0.00|-0.00|1.00|-0.27|-0.40|-0.08|-0.37|0.51|-0.56|1.24|0.79
-0.34|0.58|1.48|0.51|0.63|-0.70|-0.42|-0.04|-0.38|-0.31|0.19|-0.53|0.00|-0.01|-0.00|-0.47|-0.27|0.03|-0.41|-1.78|-0.68|-0.10|0.36|-0.06|-0.20|0.05|-0.30
------ Dim separator ------
0.54|-0.81|-0.98|0.89|0.03|0.02|0.16|-0.67|-0.63|0.23|0.64|0.17|0.00|0.01|0.01|-0.23|-0.19|-0.60|-0.18|0.45|-0.09|0.11|0.44|-0.27|-1.34|-0.06|-0.19
0.43|-0.20|-0.24|-0.34|-0.01|-0.32|0.33|-0.11|0.61|-0.15|0.38|-0.46|0.00|-0.00|-0.01|1.04|0.62|0.17|-0.22|-0.58|-0.03|-0.27|-0.13|0.30|0.33|-0.43|-0.69
-0.29|0.37|0.84|0.72|0.19|0.28|-0.14|0.08|-0.20|-0.25|-0.16|0.17|-0.00|-0.01|-0.01|0.70|-0.32|0.67|0.31|-0.19|1.08|-0.36|0.88|0.68|0.38|-0.35|0.23
-1.51|0.82|0.54|0.26|-0.51|0.95|0.84|0.03|0.37|0.58|-0.60|0.58|-0.00|0.01|0.00|0.19|-0.63|-0.22|-0.29|-0.97|-0.72|-0.56|0.06|-0.19|0.66|-0.17|-0.13
0.04|-0.41|0.30|-1.35|1.21|0.41|-0.31|-1.06|0.06|0.80|0.21|-0.67|0.00|0.00|-0.00|-0.53|-0.66|0.08|-0.30|0.04|0.53|0.27|-0.92|0.48|0.19|0.91|0.40
------ Dim separator ------
0.14|-0.09|-0.44|-1.22|0.69|0.50|0.07|-0.31|0.00|0.12|-0.38|0.07|-0.00|-0.00|-0.00|-0.43|-0.35|-0.87|-1.47|0.37|-0.12|-0.18|1.20|-0.99|0.05|0.66|0.02
-0.06|0.25|-0.12|0.45|-0.42|-0.58|-0.05|0.01|-0.26|0.39|-0.22|-0.04|0.01|-0.01|0.00|-0.13|0.28|0.14|-0.27|-0.25|0.76|-0.24|0.56|-0.01|-0.03|1.05|-0.09
0.58|0.17|-0.38|0.78|0.37|0.04|0.40|0.46|-0.12|-0.18|0.26|0.31|0.99|-0.01|-0.00|0.00|-0.00|-0.00|1.00|0.97|-0.84|0.34|0.28|0.81|0.39|-0.52|-0.09
1.13|-0.09|-0.17|-0.24|0.58|-0.13|0.83|-0.43|0.12|-0.30|-0.39|0.12|0.00|-0.00|0.00|0.72|-0.10|0.23|0.62|-0.03|-0.05|-0.56|-0.49|-0.29|-0.04|0.05|-0.32
1.35|-0.29|-1.27|-1.11|-0.05|0.84|-0.52|0.82|0.22|-0.74|1.41|0.44|-0.01|0.00|-0.00|0.99|-0.28|-0.59|-1.21|0.20|0.51|-0.80|0.21|0.06|1.41|0.13|0.55
------ Dim separator ------
-0.51|1.21|0.32|0.26|0.32|-1.29|0.90|0.67|-0.39|-0.52|0.53|0.05|-0.00|0.00|0.00|-0.31|0.47|0.25|-0.24|-0.68|-0.15|-0.50|-0.05|-1.35|0.82|-0.19|0.23
-0.87|-0.10|-1.33|-0.00|-0.06|0.01|0.89|0.18|0.31|0.50|-0.79|-0.56|-0.00|-0.01|0.01|0.01|0.16|0.83|0.20|-0.39|-0.79|-0.40|-0.69|-0.56|-0.06|0.22|-0.06
0.45|0.30|-0.21|0.69|-0.48|-0.14|-0.24|-0.23|-0.62|-0.14|1.45|0.21|0.99|-0.01|-0.00|-0.00|0.00|0.00|0.99|-0.04|-0.52|0.45|0.92|0.07|1.31|-0.06|0.18
0.77|0.71|0.20|0.02|-0.17|0.05|-0.28|-0.05|-0.97|0.24|-0.08|0.09|0.02|0.01|0.00|0.17|-0.02|-0.11|1.19|0.20|0.09|-0.13|-0.24|0.81|-1.46|0.35|1.40
0.70|0.22|0.59|-0.21|0.01|-0.43|0.36|-0.85|0.09|-0.61|-0.69|0.96|-0.00|0.01|0.00|-0.69|-0.86|-0.85|-0.13|-0.12|0.28|0.36|-0.73|-0.10|0.69|0.16|-0.56
