------ Dim separator ------
0.50|-0.46|-0.04|-0.48|-0.16|-0.18|-1.16|-0.47|-0.38|0.05|-0.45|0.42|-0.00|0.00|-0.00|0.31|-0.69|1.01|-0.64|0.95|-0.88|0.26|-0.14|0.48|1.45|0.11|-1.13
0.14|0.83|-0.20|0.56|-0.28|-0.34|-0.11|-0.20|0.41|-0.76|-1.10|-1.13|-0.00|0.00|-0.00|-0.25|-0.60|1.05|0.70|0.80|1.19|-0.56|-0.14|0.78|0.08|0.29|0.19
0.76|-0.50|-0.50|0.71|-0.04|-0.35|-0.39|-0.00|-0.38|-0.32|-0.22|0.60|-0.00|-0.00|-0.00|-0.39|-0.22|0.18|1.12|0.84|0.34|-0.70|-0.22|0.53|-0.21|-0.64|-0.24
-0.23|1.06|0.78|-0.52|0.27|0.25|0.40|0.06|0.14|-0.42|-0.72|1.39|0.00|0.00|-0.00|-0.75|-0.04|-0.21|-0.64|-0.20|-0.43|0.21|0.62|-0.31|-1.15|0.60|1.94
0.17|-0.27|-0.47|-0.32|0.98|0.52|-0.54|-0.21|0.17|-0.70|0.57|0.23|0.00|0.00|0.00|0.67|-0.54|0.73|-0.10|-0.28|-0.38|0.61|-0.03|-1.56|1.51|0.22|-0.30
------ Dim separator ------
0.94|0.23|0.82|0.62|0.44|-0.19|0.77|0.36|0.11|-0.06|-0.55|-0.46|-0.00|0.00|-0.00|0.79|0.06|0.40|-1.08|-0.41|1.07|0.27|-0.85|0.00|0.70|-0.18|0.84
0.71|-0.64|0.00|-0.43|-0.04|-0.88|0.27|-0.20|-0.44|-0.29|-0.49|0.14|-0.00|0.00|0.00|-0.19|-0.61|0.81|-0.47|-0.91|0.49|0.08|-0.87|0.04|-0.27|0.16|0.94
0.20|-0.67|-0.42|0.93|-0.07|0.43|0.48|-0.54|-0.13|-0.18|0.53|-1.30|1.00|0.00|-0.00|-0.00|0.00|0.00|1.00|-0.04|0.04|-0.49|1.22|0.17|-0.44|0.85|0.07
0.14|0.32|0.63|0.36|1.32|0.05|0.46|0.32|-0.14|0.33|-0.28|0.64|1.01|0.00|-0.00|0.00|-0.00|0.00|1.00|-0.28|0.10|-0.26|-0.29|0.10|-0.87|1.46|1.21
-0.22|0.01|1.41|0.74|1.04|-0.55|-0.37|0.00|-0.38|-0.23|-0.15|-0.61|0.00|0.00|0.00|-0.70|0.12|-0.35|-0.41|-2.07|-0.44|-0.25|0.55|0.43|0.32|0.22|-0.58
------ Dim separator ------
0.43|-0.78|-1.05|1.10|0.01|-0.30|0.29|-0.70|-0.59|-0.22|0.68|0.51|-0.00|-0.00|-0.00|0.21|-0.52|-0.65|-0.53|0.57|-0.26|0.28|0.38|-0.59|-1.31|-0.16|-0.43
0.42|-0.07|-0.29|-0.73|-0.13|-0.87|0.39|-0.05|0.45|-0.41|0.44|-0.64|-0.00|0.00|0.00|1.09|0.45|0.43|-0.44|-0.22|0.05|-0.50|-0.33|0.28|-0.16|-0.73|-1.04
0.09|0.33|1.02|0.70|0.35|0.41|0.00|0.03|-0.37|-0.28|-0.07|-0.04|-0.00|0.00|0.00|0.36|-0.18|0.87|0.02|-0.44|0.92|-0.51|0.86|0.78|-0.01|-0.43|0.20
-1.51|0.86|0.67|-0.03|-0.57|1.35|0.85|0.36|0.46|0.06|-0.63|0.25|0.00|-0.00|-0.00|0.55|-0.87|-0.15|-0.39|-0.96|-1.16|-0.45|0.77|-0.04|1.01|-0.39|-0.21
0.22|-0.51|0.52|-0.90|1.10|0.43|-0.17|-1.41|-0.22|0.90|0.21|-0.52|-0.00|-0.00|-0.00|-0.36|-0.48|0.66|-0.56|0.12|0.59|0.64|-1.10|0.55|0.22|1.04|0.80
------ Dim separator ------
0.41|-0.42|-0.55|-1.68|0.98|0.11|0.21|-0.11|0.25|0.51|-0.13|0.39|0.00|0.00|0.00|-0.52|-0.38|-0.49|-1.73|0.67|-0.03|-0.16|0.88|-0.80|0.41|0.59|-0.26
-0.17|-0.15|-0.51|0.38|-0.19|-0.97|-0.05|-0.31|-0.16|0.33|0.10|-0.20|-0.00|0.00|-0.00|-0.08|0.60|0.29|-0.17|-0.57|0.62|-0.32|0.32|0.13|-0.13|1.09|0.28
0.26|-0.05|-0.24|0.74|0.53|0.23|0.27|0.18|-0.10|-0.13|0.11|0.32|1.00|-0.00|-0.00|0.00|-0.00|0.00|1.00|0.64|-1.02|0.41|0.34|0.94|0.42|-0.26|-0.20
1.33|0.22|-0.38|-0.24|0.51|-0.13|0.66|-0.61|0.43|-0.44|-0.51|0.44|0.00|0.00|-0.00|0.99|-0.13|-0.00|0.82|-0.10|-0.15|-0.72|-0.32|-0.30|-0.38|0.23|-0.41
1.39|-0.62|-1.52|-0.92|-0.22|0.70|-0.19|0.68|0.23|-0.67|1.11|0.05|0.00|-0.00|0.00|0.71|-0.59|-0.44|-1.60|0.29|0.29|-1.18|0.24|0.15|1.52|-0.32|0.56
------ Dim separator ------
-0.22|1.09|0.23|0.60|0.28|-1.29|1.06|0.61|-0.46|-0.71|0.24|0.05|0.00|0.00|0.00|-0.15|0.12|-0.00|-0.30|-0.59|0.16|0.02|-0.44|-1.54|0.91|-0.39|0.33
-0.75|-0.16|-1.41|-0.33|0.20|0.12|0.95|0.03|0.22|0.85|-0.92|-0.98|0.00|0.01|-0.00|0.47|0.10|0.63|0.01|-0.50|-0.90|-0.57|-0.56|-0.84|-0.39|-0.23|0.04
0.60|0.22|-0.17|0.76|-0.50|-0.03|-0.26|-0.32|-0.76|-0.13|1.52|0.44|1.00|0.00|0.00|-0.00|0.00|-0.00|1.00|-0.06|-0.15|0.71|1.01|-0.11|1.07|-0.09|-0.08
0.26|0.68|0.47|0.05|0.40|-0.07|-0.56|-0.20|-1.42|0.34|-0.03|0.07|1.00|0.00|-0.00|0.00|0.00|-0.00|1.00|0.43|0.05|-0.19|-0.18|1.18|-1.33|0.21|1.58
1.13|0.49|0.29|-0.64|0.09|-0.34|0.07|-1.35|-0.03|-0.61|-0.80|0.93|0.00|-0.00|0.00|-0.99|-0.93|-0.51|0.19|-0.60|0.53|0.34|-0.73|0.00|0.64|0.38|-0.73
