------ Dim separator ------
0.29|-0.13|0.24|-0.49|-0.19|-0.09|-0.81|-0.19|-0.48|-0.32|-0.25|-0.02|0.01|-0.00|-0.01|0.25|-0.42|0.93|-0.43|0.65|-1.07|0.50|-0.03|0.70|1.13|0.19|-1.05
0.14|0.71|-0.14|0.16|-0.17|-0.06|0.29|-0.44|0.23|-0.80|-1.06|-0.98|-0.00|0.01|0.00|0.13|-0.46|1.14|0.60|0.61|0.94|-0.52|0.27|0.46|0.41|0.13|-0.27
0.84|-0.68|-0.30|0.67|0.05|-0.25|-0.20|0.15|0.02|0.06|0.05|0.28|-0.01|-0.01|0.00|-0.52|-0.22|-0.18|0.81|0.94|0.10|-0.63|0.08|0.47|-0.25|-0.97|-0.36
-0.10|0.90|0.92|-0.31|0.51|0.03|0.40|-0.18|-0.01|-0.52|-0.36|1.18|-0.00|-0.00|-0.00|-0.40|0.19|0.01|-0.42|0.12|-0.09|0.08|0.22|-0.29|-1.07|0.61|1.65
0.26|-0.44|-0.57|-0.27|0.73|0.36|-0.08|-0.24|0.14|-0.64|0.42|0.46|0.00|-0.01|-0.01|0.69|-0.15|0.51|-0.09|-0.22|-0.63|0.41|0.00|-1.11|0.90|0.45|-0.37
------ Dim separator ------
0.76|0.13|0.31|0.65|0.23|-0.18|0.54|0.40|-0.07|-0.22|-0.39|-0.13|0.01|-0.00|0.00|0.79|0.35|0.26|-0.83|-0.23|1.12|-0.22|-0.66|-0.45|0.60|-0.03|0.28
0.94|-0.33|0.18|-0.35|0.20|-0.78|0.38|-0.15|-0.31|-0.14|-0.27|-0.17|0.01|0.01|-0.00|0.21|-0.46|0.72|-0.39|-0.99|0.78|0.06|-0.59|0.28|-0.44|0.21|0.73
0.32|-0.51|-0.34|0.82|0.14|0.45|0.56|-0.18|-0.06|-0.49|0.62|-1.02|0.02|-0.01|0.01|0.30|-0.11|-0.08|0.81|0.09|-0.05|-0.21|0.79|-0.34|-0.15|0.98|-0.11
0.71|0.41|0.44|-0.06|1.18|-0.22|0.72|0.59|-0.27|0.19|-0.50|0.57|-0.01|0.00|0.01|0.06|0.16|-0.17|0.98|-0.49|-0.35|-0.12|-0.53|0.61|-0.59|1.04|0.93
-0.14|0.35|1.29|0.56|0.53|-0.91|-0.42|-0.08|-0.45|-0.27|0.33|-0.29|-0.00|-0.01|-0.00|-0.33|-0.18|0.10|-0.34|-1.40|-0.62|-0.07|0.36|0.10|0.03|0.13|-0.44
------ Dim separator ------
0.36|-0.64|-0.91|0.97|0.08|0.10|0.03|-0.73|-0.87|-0.14|0.44|0.20|0.01|0.00|0.00|-0.06|-0.37|-0.48|-0.51|0.64|-0.07|0.26|0.14|-0.54|-1.42|-0.04|-0.43
0.45|0.14|-0.29|-0.58|-0.13|-0.21|0.38|-0.03|0.62|-0.23|0.53|-0.62|0.00|-0.00|-0.01|0.91|0.63|0.28|-0.24|-0.23|0.03|-0.06|-0.06|0.35|0.18|-0.48|-0.79
-0.09|0.26|0.56|0.94|0.22|0.50|-0.09|0.31|-0.10|-0.24|-0.00|0.12|0.00|-0.02|-0.01|0.38|-0.36|0.81|0.38|-0.66|1.10|-0.53|1.01|0.81|0.18|-0.53|0.35
-1.52|0.66|0.35|0.08|-0.59|0.80|0.63|0.09|0.22|0.37|-0.41|0.32|-0.01|0.01|0.00|0.26|-0.85|-0.27|-0.67|-1.12|-0.98|-0.22|-0.15|0.31|0.51|-0.11|-0.36
0.29|-0.34|0.51|-1.16|1.13|0.53|-0.11|-1.16|-0.04|1.00|0.08|-0.94|0.00|0.00|-0.01|-0.31|-0.75|0.26|-0.20|0.06|0.54|0.38|-0.78|0.28|0.07|0.96|0.42
------ Dim separator ------
0.32|-0.33|-0.35|-1.61|0.88|0.39|0.17|-0.16|-0.11|0.37|-0.06|0.17|0.00|-0.00|-0.01|-0.57|-0.41|-0.79|-1.44|0.53|-0.32|-0.09|1.25|-0.83|0.43|0.51|-0.16
-0.08|0.18|-0.25|0.51|-0.49|-0.58|-0.01|-0.19|-0.59|0.37|-0.42|-0.05|0.01|-0.01|-0.00|-0.06|0.33|0.29|-0.12|-0.23|0.57|-0.16|0.27|0.02|-0.08|1.22|0.20
0.53|0.14|-0.59|0.86|0.55|0.07|0.21|0.17|0.08|-0.26|0.07|0.07|0.00|-0.01|-0.01|0.08|0.22|0.02|0.91|0.62|-0.60|0.23|0.15|0.69|0.27|-0.41|-0.11
1.16|0.23|0.01|-0.27|0.28|-0.07|0.67|-0.31|0.23|-0.37|-0.21|0.03|-0.00|-0.00|0.00|0.94|-0.34|-0.13|0.65|-0.14|-0.13|-0.16|-0.44|-0.33|-0.43|-0.06|-0.35
1.18|-0.23|-1.05|-1.32|-0.12|0.82|-0.37|0.53|0.02|-0.71|1.25|0.32|-0.01|-0.00|0.01|0.85|-0.06|-0.11|-0.98|0.19|0.45|-0.94|0.27|0.30|1.37|-0.23|0.41
------ Dim separator ------
-0.72|0.97|0.16|0.50|0.37|-1.01|0.97|0.78|-0.59|-0.42|0.46|0.14|-0.00|-0.00|-0.00|-0.31|0.19|-0.07|-0.42|-0.64|-0.15|-0.34|-0.01|-1.41|0.75|-0.22|0.24
-0.67|-0.37|-1.16|0.07|0.28|-0.16|0.88|0.04|0.02|0.49|-0.79|-0.80|-0.01|-0.02|0.00|0.01|0.39|0.35|-0.11|-0.45|-0.78|-0.52|-0.75|-0.56|-0.27|0.26|0.04
0.54|0.14|-0.28|0.79|-0.48|-0.21|-0.09|-0.32|-0.74|-0.28|1.28|0.17|0.01|0.00|-0.01|-0.06|0.27|0.16|0.67|-0.07|-0.48|0.47|0.79|-0.03|1.24|-0.28|0.15
0.72|0.73|-0.02|0.30|-0.19|0.16|-0.39|-0.19|-0.89|0.21|-0.08|0.07|0.03|0.01|0.01|0.10|-0.01|0.05|0.95|0.40|0.19|-0.31|-0.20|0.85|-1.38|-0.00|1.19
0.74|0.25|0.35|-0.43|-0.20|-0.34|0.26|-1.14|0.28|-0.26|-0.77|1.01|0.00|0.01|0.00|-1.01|-0.88|-0.65|-0.18|-0.08|0.32|0.12|-0.68|-0.08|0.47|0.23|-0.69
