------ Dim separator ------
0.64|-0.19|0.13|-0.50|-0.22|-0.20|-0.90|-0.28|-0.07|-0.23|-0.04|0.03|0.00|-0.00|-0.01|0.43|-0.42|0.33|-0.51|0.74|-0.98|0.11|-0.16|0.62|0.86|0.09|-0.98
0.02|0.60|-0.42|0.39|-0.06|-0.04|0.06|-0.33|0.31|-0.68|-1.11|-1.11|-0.00|0.00|0.00|0.15|-0.55|0.86|0.63|0.64|0.89|-0.61|-0.07|0.68|0.38|0.49|-0.14
0.74|-0.38|-0.15|0.74|-0.20|-0.18|-0.30|0.22|-0.01|-0.19|-0.06|0.14|1.00|-0.00|0.00|0.00|-0.00|-0.00|1.00|0.77|0.10|-0.77|-0.17|0.52|0.04|-0.97|-0.04
0.15|0.81|0.44|-0.18|0.37|0.49|0.43|0.01|-0.01|-0.54|-0.48|1.05|0.00|-0.00|-0.01|-0.73|0.07|-0.00|-0.39|0.22|-0.10|0.25|0.22|-0.32|-1.08|0.96|1.38
0.10|-0.11|-0.41|-0.22|0.85|0.45|-0.03|-0.24|0.31|-0.46|0.59|0.43|-0.00|-0.00|0.00|0.54|0.02|0.43|-0.15|-0.31|-0.62|0.41|0.29|-1.03|1.18|0.49|-0.14
------ Dim separator ------
0.90|0.03|0.33|0.81|0.49|0.06|0.62|0.50|0.15|0.14|-0.04|-0.12|0.00|-0.00|0.00|0.88|0.24|0.29|-0.85|-0.21|0.79|0.18|-0.56|-0.38|0.73|0.10|0.54
0.79|-0.13|0.08|-0.44|-0.07|-0.71|-0.08|-0.49|-0.15|-0.01|-0.36|-0.21|0.00|0.00|-0.00|-0.21|-0.44|0.84|-0.25|-0.96|0.62|0.18|-0.58|0.47|-0.54|0.12|0.57
0.18|-0.64|-0.33|0.83|0.02|0.43|0.45|-0.17|-0.38|-0.82|0.70|-1.18|-0.00|-0.00|-0.00|0.12|-0.31|-0.14|0.91|0.14|0.02|-0.07|1.01|-0.01|-0.05|1.04|-0.01
0.69|0.36|0.61|0.06|0.87|-0.33|0.67|0.57|-0.03|0.27|-0.27|0.50|0.99|0.00|0.00|0.00|0.00|0.00|1.00|-0.28|-0.40|-0.08|-0.37|0.51|-0.56|1.25|0.80
-0.35|0.58|1.48|0.51|0.63|-0.70|-0.42|-0.04|-0.38|-0.31|0.18|-0.54|0.00|-0.00|-0.00|-0.47|-0.27|0.03|-0.41|-1.79|-0.68|-0.11|0.37|-0.06|-0.20|0.05|-0.30
------ Dim separator ------
0.55|-0.82|-0.99|0.89|0.03|0.02|0.17|-0.68|-0.63|0.23|0.64|0.18|0.00|0.01|0.01|-0.22|-0.19|-0.61|-0.18|0.45|-0.10|0.11|0.45|-0.27|-1.35|-0.06|-0.19
0.43|-0.21|-0.24|-0.35|-0.01|-0.32|0.33|-0.11|0.61|-0.15|0.38|-0.46|0.00|-0.00|-0.01|1.05|0.62|0.17|-0.22|-0.58|-0.03|-0.27|-0.13|0.31|0.33|-0.43|-0.69
-0.29|0.37|0.85|0.71|0.19|0.28|-0.14|0.09|-0.20|-0.25|-0.17|0.18|-0.00|-0.01|-0.01|0.70|-0.32|0.68|0.32|-0.19|1.09|-0.37|0.89|0.69|0.38|-0.35|0.23
-1.52|0.82|0.55|0.25|-0.52|0.96|0.85|0.03|0.38|0.58|-0.60|0.58|-0.00|0.00|0.00|0.19|-0.63|-0.22|-0.29|-0.97|-0.72|-0.56|0.06|-0.20|0.67|-0.17|-0.13
0.04|-0.41|0.30|-1.36|1.22|0.42|-0.31|-1.07|0.06|0.80|0.21|-0.67|-0.00|0.00|-0.00|-0.53|-0.67|0.09|-0.31|0.04|0.53|0.26|-0.92|0.49|0.19|0.91|0.41
------ Dim separator ------
0.14|-0.09|-0.45|-1.23|0.69|0.50|0.06|-0.31|0.01|0.12|-0.37|0.07|-0.00|-0.00|-0.00|-0.43|-0.35|-0.87|-1.47|0.38|-0.11|-0.18|1.21|-1.00|0.05|0.67|0.03
-0.06|0.24|-0.12|0.45|-0.42|-0.59|-0.04|0.01|-0.25|0.40|-0.22|-0.04|0.00|-0.01|0.00|-0.13|0.29|0.15|-0.28|-0.25|0.76|-0.25|0.57|-0.02|-0.03|1.04|-0.09
0.58|0.17|-0.38|0.78|0.37|0.04|0.40|0.46|-0.12|-0.18|0.26|0.32|0.99|-0.00|-0.00|0.00|0.00|-0.00|1.00|0.97|-0.85|0.34|0.28|0.82|0.38|-0.52|-0.09
1.14|-0.09|-0.17|-0.25|0.59|-0.14|0.84|-0.43|0.12|-0.31|-0.38|0.12|0.00|-0.00|0.00|0.72|-0.10|0.23|0.63|-0.03|-0.05|-0.57|-0.49|-0.29|-0.04|0.06|-0.32
1.35|-0.29|-1.28|-1.11|-0.06|0.84|-0.52|0.82|0.22|-0.74|1.42|0.44|-0.01|0.00|-0.00|1.00|-0.29|-0.59|-1.22|0.20|0.51|-0.80|0.21|0.07|1.42|0.13|0.55
------ Dim separator ------
-0.51|1.22|0.32|0.26|0.32|-1.29|0.90|0.68|-0.39|-0.52|0.52|0.04|-0.00|0.00|0.00|-0.31|0.48|0.25|-0.24|-0.69|-0.15|-0.50|-0.05|-1.36|0.83|-0.19|0.23
-0.87|-0.10|-1.33|-0.01|-0.07|0.00|0.90|0.18|0.31|0.50|-0.79|-0.56|-0.00|-0.00|0.00|0.01|0.15|0.83|0.20|-0.40|-0.79|-0.41|-0.69|-0.57|-0.05|0.23|-0.06
0.45|0.29|-0.20|0.69|-0.48|-0.15|-0.25|-0.23|-0.62|-0.14|1.46|0.22|1.00|-0.01|-0.00|-0.00|0.00|0.00|1.00|-0.05|-0.53|0.46|0.93|0.08|1.31|-0.06|0.17
0.77|0.71|0.21|0.01|-0.16|0.04|-0.28|-0.06|-0.97|0.24|-0.08|0.09|0.01|0.00|0.00|0.17|-0.02|-0.11|1.19|0.20|0.09|-0.13|-0.25|0.82|-1.47|0.35|1.40
0.70|0.23|0.60|-0.20|0.01|-0.44|0.35|-0.86|0.09|-0.61|-0.69|0.97|-0.00|0.00|0.00|-0.70|-0.86|-0.86|-0.13|-0.12|0.28|0.36|-0.73|-0.09|0.69|0.16|-0.56
