------ Dim separator ------
-0.48|0.17|-0.06|0.25|-0.87|-0.53|0.16|0.01|0.05|-0.24|-0.32|-0.37|-0.01|-0.01|-0.01|-0.12|0.51|0.48|-0.45|-0.53|-0.09|-0.24|0.34|-0.22|0.32|-0.08|0.63
-0.09|0.38|-0.26|0.20|0.17|0.23|0.10|-0.09|0.21|-0.04|-0.20|0.21|0.01|0.01|-0.01|-0.18|0.03|-0.19|-0.10|-0.29|-0.20|0.23|0.12|-0.35|0.35|0.09|-0.26
0.77|0.00|-0.38|0.75|0.54|-0.65|0.31|-0.24|-0.37|0.19|-0.39|-0.56|0.33|-0.00|0.02|0.02|-0.01|-0.01|1.02|-0.22|-1.20|0.45|-0.19|0.27|-0.38|0.33|-0.86
-0.41|0.03|0.06|0.43|0.21|-0.50|-0.63|0.05|-0.01|-0.26|-0.90|-0.63|0.01|-0.00|-0.01|-0.44|0.53|0.05|-0.08|-0.31|0.60|0.50|0.57|0.59|0.20|0.12|-0.32
0.31|0.07|0.19|0.26|0.48|-0.48|-0.72|0.12|0.22|-0.10|-0.23|-0.25|0.00|0.02|0.00|0.01|0.42|-0.27|-0.57|-0.36|-0.22|-0.06|-0.62|-0.17|-0.12|-0.42|-0.26
------ Dim separator ------
-0.16|0.03|0.29|0.76|-0.03|0.53|-0.10|0.58|0.35|-0.05|0.50|0.68|-0.01|0.01|-0.01|0.56|0.60|0.47|-0.24|-0.63|-0.38|0.27|0.13|1.02|-0.89|0.42|0.20
-0.95|-0.00|-0.15|-0.33|0.17|0.02|-0.14|0.36|-0.18|0.81|0.07|0.26|0.01|0.01|0.01|0.12|-0.52|-0.74|-0.07|0.20|0.13|-0.58|-0.17|-0.24|-0.50|-0.88|0.59
0.20|0.13|-0.60|0.93|0.62|-0.14|-0.47|-0.15|-0.56|-0.18|0.06|-0.47|0.33|0.02|-0.02|-0.04|0.01|-0.01|1.00|-0.31|0.23|0.28|0.11|0.02|0.69|0.33|0.10
0.41|0.72|-0.08|0.22|0.06|0.02|-0.56|-0.04|-0.04|-0.30|-0.50|0.35|0.57|-0.00|-0.02|-0.01|0.01|0.02|1.01|-0.87|0.70|-0.89|0.08|-0.05|0.62|0.46|0.24
0.10|-0.39|-0.15|0.55|0.57|0.09|-0.08|-0.40|-0.44|0.43|-0.54|-0.20|0.01|0.01|-0.01|0.20|0.36|-0.56|-0.72|0.37|-0.40|0.35|-0.44|0.46|-1.13|0.61|0.06
------ Dim separator ------
-0.58|0.58|-0.25|0.42|-0.33|-0.38|0.41|-0.29|0.43|-0.04|0.50|-0.04|-0.00|0.00|-0.02|0.48|0.26|0.29|-0.34|-0.42|-0.90|-0.17|-0.05|-0.14|0.15|-0.83|0.17
-0.50|-0.33|-0.29|-0.01|0.25|0.23|0.03|0.24|-0.14|0.18|0.40|0.49|0.01|-0.01|-0.01|-0.42|-0.52|0.59|0.14|0.16|0.78|-0.04|0.10|0.24|0.46|0.65|-1.34
-0.40|-0.17|0.19|0.77|0.06|-0.32|-0.34|0.41|-0.13|-0.57|0.13|0.79|-0.00|-0.01|-0.01|-0.19|0.23|-0.41|0.73|-0.27|-0.20|-0.70|-0.11|0.24|0.17|-0.03|0.64
0.08|-0.54|-0.65|0.30|-0.77|0.29|0.57|0.35|0.53|0.36|-0.71|0.34|-0.00|-0.00|0.00|-0.24|0.35|-0.17|0.97|-0.05|-0.08|0.53|-0.31|0.18|0.18|0.25|0.08
-0.66|0.31|-0.94|-0.51|-0.05|0.67|0.68|-0.34|0.20|0.24|-0.17|0.32|-0.02|-0.01|-0.01|-0.00|-0.41|-0.37|-0.16|0.31|0.40|-0.33|0.99|0.49|-0.23|-0.38|0.02
------ Dim separator ------
0.36|0.44|-0.74|0.02|0.07|-0.18|-0.36|0.08|0.82|-0.09|-0.68|-0.15|0.01|0.01|0.01|-0.07|0.48|-0.11|-0.58|-0.12|0.42|-0.29|-0.70|0.10|0.67|-0.91|-0.62
-0.49|-0.02|0.00|-0.16|-0.51|0.29|0.54|-1.03|-0.11|0.11|-0.88|-0.08|-0.01|-0.00|-0.00|-0.66|0.21|-0.01|-0.14|-0.32|0.16|-0.16|0.42|0.43|0.38|0.07|0.04
0.42|-0.17|0.00|0.75|-0.07|-0.16|-0.34|0.37|0.30|-0.16|-0.23|-0.63|0.57|-0.01|-0.03|0.03|0.00|-0.01|1.01|0.43|0.30|-0.06|-0.02|-0.21|0.02|0.22|-0.10
0.24|-0.07|-0.28|0.69|-0.13|0.42|-0.41|0.33|0.16|-0.03|-0.50|0.23|-0.00|-0.00|0.00|0.11|-0.03|0.21|0.75|-0.14|-0.13|-1.18|-0.16|0.16|-0.93|0.01|-0.53
0.41|-0.40|-0.52|-0.03|-0.97|0.13|-0.37|-0.89|0.48|-0.28|-0.02|-0.52|0.00|-0.00|0.01|-0.79|0.30|-0.13|0.02|-0.08|0.74|-0.48|0.44|0.19|0.11|-0.69|0.15
------ Dim separator ------
0.55|-0.04|0.27|-0.23|-0.13|0.22|0.26|0.08|-0.97|0.27|0.40|-0.02|-0.00|-0.01|-0.00|0.05|0.35|-0.17|0.11|0.27|-0.13|-1.25|0.02|0.08|-0.24|0.10|0.27
-0.67|-0.34|0.30|-0.27|-0.14|0.14|0.38|-0.50|-0.55|-0.19|0.29|-0.26|-0.01|0.01|-0.01|-0.21|0.18|0.21|-0.09|-0.23|0.56|-0.05|0.21|-0.64|-0.39|0.28|-0.20
0.56|-0.21|0.57|0.74|-0.08|-0.18|0.18|0.35|-0.06|0.14|-0.42|0.10|0.77|-0.00|-0.01|0.01|0.34|-0.01|0.66|-0.35|-0.36|-0.40|0.09|-0.56|-0.44|0.27|-0.39
0.58|0.07|-0.60|0.21|0.01|0.19|-0.58|-0.55|0.21|0.36|-0.31|-0.36|0.57|0.00|-0.01|0.01|0.01|-0.01|0.98|-0.16|0.32|-0.39|0.35|0.15|0.13|0.73|-0.55
-0.26|-0.33|-0.52|-0.62|0.20|0.40|0.35|-0.07|-0.47|0.55|-0.05|0.27|-0.01|0.00|0.01|0.71|-0.31|-0.35|-0.27|0.23|0.15|0.11|0.48|0.13|0.34|0.34|-0.07
