------ Dim separator ------
-0.49|0.18|-0.05|0.24|-0.88|-0.52|0.15|-0.02|0.04|-0.23|-0.33|-0.37|0.00|-0.01|-0.02|-0.10|0.54|0.49|-0.47|-0.55|-0.07|-0.26|0.31|-0.22|0.34|-0.08|0.68
-0.08|0.37|-0.25|0.19|0.14|0.21|0.08|-0.08|0.22|-0.03|-0.19|0.22|0.00|-0.01|0.00|-0.19|0.03|-0.17|-0.09|-0.29|-0.20|0.21|0.14|-0.35|0.36|0.09|-0.26
0.79|0.00|-0.38|0.77|0.52|-0.65|0.31|-0.26|-0.37|0.21|-0.39|-0.58|0.34|0.00|0.02|0.02|-0.02|0.00|1.04|-0.23|-1.22|0.47|-0.18|0.29|-0.38|0.35|-0.86
-0.40|0.03|0.07|0.43|0.21|-0.49|-0.63|0.04|-0.01|-0.26|-0.90|-0.64|0.00|0.01|-0.01|-0.44|0.51|0.06|-0.11|-0.34|0.59|0.48|0.56|0.60|0.20|0.12|-0.32
0.30|0.07|0.21|0.27|0.50|-0.48|-0.75|0.13|0.20|-0.11|-0.20|-0.23|0.00|0.00|0.04|-0.00|0.43|-0.30|-0.56|-0.37|-0.22|-0.08|-0.60|-0.17|-0.13|-0.41|-0.28
------ Dim separator ------
-0.16|0.03|0.31|0.75|-0.02|0.53|-0.11|0.57|0.36|-0.04|0.51|0.68|-0.00|-0.01|0.01|0.55|0.61|0.48|-0.25|-0.62|-0.39|0.28|0.12|1.02|-0.89|0.42|0.21
-0.96|-0.00|-0.13|-0.34|0.17|0.02|-0.15|0.38|-0.16|0.78|0.08|0.25|0.01|0.01|0.00|0.11|-0.52|-0.74|-0.07|0.21|0.13|-0.59|-0.18|-0.23|-0.51|-0.88|0.60
0.20|0.12|-0.59|0.93|0.62|-0.13|-0.48|-0.16|-0.55|-0.18|0.05|-0.47|0.35|0.01|-0.02|-0.01|0.00|-0.01|1.01|-0.33|0.23|0.28|0.11|0.02|0.67|0.35|0.10
0.40|0.73|-0.09|0.23|0.06|0.02|-0.57|-0.04|-0.04|-0.30|-0.51|0.37|0.57|-0.01|-0.00|-0.01|-0.00|0.01|0.99|-0.89|0.69|-0.89|0.06|-0.07|0.63|0.44|0.24
0.10|-0.39|-0.15|0.54|0.57|0.10|-0.07|-0.38|-0.45|0.43|-0.55|-0.21|0.00|0.01|-0.02|0.18|0.36|-0.57|-0.75|0.36|-0.39|0.33|-0.45|0.44|-1.12|0.61|0.04
------ Dim separator ------
-0.57|0.57|-0.23|0.42|-0.29|-0.37|0.40|-0.28|0.41|-0.05|0.48|-0.02|0.00|0.01|-0.03|0.48|0.25|0.25|-0.35|-0.42|-0.90|-0.15|-0.03|-0.15|0.14|-0.82|0.18
-0.51|-0.32|-0.28|-0.01|0.27|0.25|0.01|0.25|-0.13|0.18|0.40|0.48|0.01|-0.00|0.00|-0.40|-0.53|0.59|0.13|0.17|0.78|-0.05|0.09|0.24|0.44|0.64|-1.34
-0.40|-0.18|0.17|0.77|0.04|-0.32|-0.32|0.44|-0.15|-0.57|0.12|0.81|-0.01|0.01|-0.01|-0.18|0.24|-0.41|0.73|-0.24|-0.20|-0.70|-0.11|0.23|0.17|-0.01|0.65
0.05|-0.57|-0.65|0.30|-0.77|0.28|0.58|0.32|0.52|0.35|-0.71|0.33|0.02|0.00|-0.00|-0.25|0.36|-0.18|0.96|-0.03|-0.10|0.52|-0.32|0.18|0.18|0.25|0.10
-0.63|0.31|-0.98|-0.49|-0.04|0.69|0.67|-0.33|0.19|0.23|-0.16|0.32|0.01|0.00|0.01|-0.01|-0.42|-0.37|-0.16|0.31|0.41|-0.36|0.98|0.47|-0.21|-0.37|0.04
------ Dim separator ------
0.35|0.44|-0.73|0.01|0.07|-0.19|-0.37|0.08|0.83|-0.07|-0.67|-0.17|0.01|0.02|-0.01|-0.09|0.48|-0.12|-0.57|-0.14|0.41|-0.29|-0.71|0.09|0.65|-0.92|-0.60
-0.48|-0.03|0.01|-0.19|-0.51|0.29|0.55|-1.03|-0.10|0.11|-0.89|-0.08|-0.01|0.01|0.02|-0.68|0.20|-0.05|-0.12|-0.32|0.17|-0.17|0.44|0.43|0.37|0.06|0.05
0.40|-0.17|-0.00|0.76|-0.06|-0.17|-0.33|0.37|0.29|-0.15|-0.22|-0.64|0.58|-0.02|0.02|0.02|0.01|-0.01|1.00|0.45|0.30|-0.04|-0.02|-0.20|0.02|0.21|-0.06
0.24|-0.10|-0.27|0.71|-0.14|0.42|-0.39|0.34|0.15|-0.02|-0.48|0.23|0.02|-0.01|-0.01|0.13|-0.03|0.20|0.75|-0.13|-0.13|-1.16|-0.16|0.16|-0.93|0.03|-0.55
0.41|-0.42|-0.51|-0.01|-0.96|0.12|-0.36|-0.90|0.46|-0.28|0.00|-0.54|-0.01|-0.02|0.01|-0.79|0.29|-0.13|-0.00|-0.08|0.75|-0.46|0.44|0.19|0.11|-0.69|0.14
------ Dim separator ------
0.55|-0.02|0.28|-0.23|-0.14|0.23|0.26|0.08|-0.96|0.27|0.40|-0.03|-0.02|0.01|0.01|0.05|0.35|-0.17|0.12|0.27|-0.13|-1.27|0.04|0.08|-0.24|0.10|0.26
-0.67|-0.35|0.30|-0.26|-0.12|0.14|0.39|-0.51|-0.53|-0.20|0.28|-0.25|-0.01|-0.00|0.01|-0.19|0.18|0.21|-0.11|-0.22|0.58|-0.05|0.20|-0.64|-0.37|0.26|-0.19
0.56|-0.20|0.56|0.76|-0.07|-0.18|0.19|0.33|-0.07|0.13|-0.42|0.08|0.75|0.00|-0.01|-0.00|0.33|0.00|0.65|-0.34|-0.35|-0.39|0.10|-0.56|-0.45|0.27|-0.38
0.55|0.06|-0.62|0.20|0.01|0.19|-0.56|-0.57|0.21|0.37|-0.31|-0.35|0.58|-0.01|-0.02|0.02|0.02|-0.01|1.00|-0.17|0.34|-0.41|0.36|0.15|0.13|0.72|-0.55
-0.25|-0.34|-0.53|-0.63|0.20|0.39|0.33|-0.05|-0.46|0.58|-0.04|0.28|-0.03|0.01|-0.00|0.70|-0.33|-0.36|-0.29|0.22|0.15|0.10|0.48|0.14|0.32|0.35|-0.08
