------ Dim separator ------
0.29|-0.13|0.24|-0.49|-0.19|-0.09|-0.80|-0.19|-0.48|-0.32|-0.25|-0.02|0.01|-0.00|-0.01|0.25|-0.42|0.93|-0.43|0.65|-1.08|0.50|-0.03|0.71|1.13|0.19|-1.05
0.14|0.71|-0.14|0.16|-0.17|-0.05|0.29|-0.45|0.24|-0.81|-1.07|-0.98|0.00|0.00|-0.00|0.13|-0.47|1.14|0.60|0.61|0.94|-0.51|0.27|0.46|0.42|0.13|-0.27
0.84|-0.68|-0.31|0.67|0.04|-0.25|-0.20|0.16|0.02|0.06|0.06|0.27|-0.00|-0.01|0.00|-0.52|-0.22|-0.18|0.81|0.94|0.10|-0.63|0.08|0.47|-0.25|-0.98|-0.36
-0.10|0.90|0.92|-0.31|0.51|0.03|0.41|-0.18|-0.01|-0.52|-0.36|1.18|0.00|-0.00|-0.00|-0.40|0.19|0.02|-0.42|0.13|-0.10|0.08|0.22|-0.30|-1.07|0.61|1.65
0.26|-0.44|-0.57|-0.27|0.74|0.36|-0.07|-0.24|0.14|-0.64|0.42|0.46|-0.00|-0.01|-0.01|0.68|-0.15|0.51|-0.09|-0.23|-0.63|0.41|-0.00|-1.11|0.90|0.46|-0.38
------ Dim separator ------
0.77|0.13|0.30|0.65|0.23|-0.18|0.54|0.40|-0.07|-0.22|-0.39|-0.12|0.00|-0.00|-0.00|0.80|0.35|0.26|-0.83|-0.24|1.12|-0.23|-0.67|-0.45|0.61|-0.02|0.29
0.94|-0.33|0.19|-0.35|0.19|-0.78|0.37|-0.15|-0.31|-0.14|-0.27|-0.17|0.00|0.01|-0.01|0.21|-0.47|0.72|-0.39|-1.00|0.79|0.05|-0.59|0.28|-0.44|0.21|0.73
0.32|-0.51|-0.34|0.82|0.13|0.46|0.56|-0.18|-0.06|-0.49|0.62|-1.02|0.01|-0.01|0.00|0.30|-0.11|-0.09|0.81|0.09|-0.05|-0.20|0.79|-0.35|-0.15|0.98|-0.11
0.72|0.41|0.44|-0.07|1.18|-0.21|0.72|0.59|-0.27|0.19|-0.51|0.57|-0.01|0.00|0.01|0.06|0.16|-0.17|0.98|-0.49|-0.35|-0.12|-0.53|0.62|-0.59|1.04|0.93
-0.14|0.36|1.30|0.56|0.53|-0.92|-0.43|-0.07|-0.45|-0.27|0.34|-0.29|0.00|-0.01|-0.00|-0.34|-0.18|0.10|-0.34|-1.40|-0.63|-0.07|0.36|0.10|0.02|0.13|-0.44
------ Dim separator ------
0.36|-0.64|-0.91|0.97|0.08|0.10|0.04|-0.73|-0.88|-0.14|0.44|0.20|0.01|0.01|0.00|-0.06|-0.37|-0.48|-0.51|0.64|-0.07|0.26|0.15|-0.54|-1.42|-0.05|-0.43
0.46|0.15|-0.29|-0.59|-0.13|-0.20|0.37|-0.03|0.61|-0.23|0.54|-0.62|0.00|-0.00|-0.00|0.91|0.63|0.27|-0.24|-0.23|0.03|-0.06|-0.06|0.35|0.18|-0.48|-0.78
-0.09|0.26|0.56|0.94|0.22|0.50|-0.09|0.32|-0.10|-0.24|-0.00|0.12|0.00|-0.01|-0.01|0.39|-0.37|0.81|0.38|-0.67|1.10|-0.53|1.01|0.81|0.19|-0.53|0.36
-1.52|0.66|0.35|0.08|-0.59|0.80|0.64|0.09|0.21|0.38|-0.41|0.32|-0.00|0.01|0.00|0.27|-0.86|-0.28|-0.67|-1.12|-0.99|-0.22|-0.16|0.31|0.50|-0.11|-0.35
0.29|-0.34|0.51|-1.16|1.14|0.54|-0.11|-1.16|-0.03|1.00|0.08|-0.94|0.00|-0.00|-0.01|-0.32|-0.76|0.26|-0.19|0.05|0.54|0.38|-0.77|0.28|0.07|0.96|0.43
------ Dim separator ------
0.32|-0.33|-0.36|-1.61|0.88|0.40|0.18|-0.16|-0.11|0.37|-0.06|0.16|0.00|0.00|-0.00|-0.57|-0.41|-0.80|-1.44|0.53|-0.32|-0.09|1.25|-0.84|0.43|0.51|-0.15
-0.07|0.18|-0.25|0.51|-0.49|-0.58|-0.00|-0.19|-0.59|0.37|-0.42|-0.05|0.01|-0.00|-0.00|-0.06|0.32|0.30|-0.12|-0.22|0.57|-0.16|0.28|0.02|-0.08|1.22|0.20
0.53|0.14|-0.59|0.86|0.55|0.07|0.21|0.17|0.08|-0.26|0.06|0.08|-0.00|-0.00|-0.00|0.08|0.22|0.02|0.91|0.62|-0.60|0.23|0.14|0.69|0.27|-0.41|-0.11
1.16|0.22|0.02|-0.27|0.29|-0.07|0.67|-0.31|0.23|-0.37|-0.21|0.03|-0.00|-0.00|0.00|0.94|-0.34|-0.12|0.65|-0.14|-0.13|-0.16|-0.45|-0.33|-0.43|-0.06|-0.35
1.19|-0.23|-1.06|-1.32|-0.12|0.83|-0.37|0.53|0.02|-0.72|1.26|0.33|-0.01|-0.00|0.00|0.85|-0.07|-0.11|-0.98|0.19|0.45|-0.94|0.27|0.30|1.38|-0.24|0.41
------ Dim separator ------
-0.72|0.97|0.16|0.50|0.38|-1.01|0.97|0.78|-0.59|-0.42|0.46|0.14|-0.00|-0.00|-0.00|-0.31|0.19|-0.07|-0.43|-0.64|-0.15|-0.35|-0.00|-1.41|0.75|-0.21|0.25
-0.67|-0.37|-1.16|0.07|0.28|-0.17|0.88|0.04|0.02|0.49|-0.79|-0.80|-0.00|-0.01|0.00|0.00|0.39|0.35|-0.11|-0.45|-0.78|-0.52|-0.75|-0.56|-0.26|0.27|0.04
0.54|0.14|-0.28|0.79|-0.48|-0.21|-0.09|-0.32|-0.74|-0.27|1.28|0.17|0.00|-0.00|-0.01|-0.06|0.27|0.16|0.66|-0.08|-0.48|0.46|0.79|-0.03|1.25|-0.29|0.15
0.72|0.73|-0.01|0.31|-0.19|0.16|-0.39|-0.19|-0.89|0.21|-0.08|0.08|0.02|0.01|0.00|0.10|-0.01|0.05|0.95|0.40|0.19|-0.31|-0.20|0.85|-1.39|0.00|1.18
0.74|0.25|0.35|-0.42|-0.20|-0.34|0.26|-1.14|0.28|-0.26|-0.78|1.02|0.00|0.00|-0.00|-1.01|-0.88|-0.65|-0.18|-0.08|0.32|0.11|-0.68|-0.08|0.47|0.23|-0.69
