------ Dim separator ------
0.48|0.18|0.26|-0.30|-0.17|-0.12|-0.80|-0.45|-0.33|-0.34|-0.09|0.24|-0.01|0.00|0.01|0.36|-0.33|0.64|-0.37|0.65|-0.86|0.19|-0.16|0.84|1.03|0.12|-1.00
0.32|0.62|-0.12|0.09|-0.02|-0.11|0.34|-0.24|0.38|-0.58|-1.01|-0.81|-0.00|-0.00|-0.00|0.17|-0.53|0.98|0.66|0.43|0.80|-0.38|-0.17|0.68|0.42|0.24|-0.14
0.82|-0.60|-0.22|0.76|0.07|-0.18|-0.18|0.11|0.24|0.15|0.05|0.14|0.01|0.01|-0.00|-0.32|-0.29|-0.18|0.81|0.76|0.10|-0.66|0.03|0.44|-0.30|-1.04|-0.15
-0.27|0.78|0.89|-0.29|0.53|0.21|0.37|-0.01|0.02|-0.41|-0.24|1.10|-0.00|0.00|0.01|-0.55|0.02|-0.06|-0.29|0.22|-0.06|0.25|0.24|-0.44|-1.18|0.94|1.27
0.17|-0.22|-0.45|-0.31|0.90|0.46|-0.08|-0.40|0.26|-0.71|0.42|0.57|-0.00|0.01|0.00|0.54|-0.10|0.48|-0.01|-0.18|-0.76|0.48|0.28|-0.98|0.69|0.57|-0.30
------ Dim separator ------
0.82|0.09|0.15|0.64|0.13|-0.25|0.40|0.53|0.15|-0.14|-0.21|-0.06|-0.01|0.00|0.00|0.90|0.42|0.36|-0.81|-0.24|0.90|-0.13|-0.51|-0.44|0.56|0.14|0.47
0.89|-0.39|0.13|-0.18|-0.02|-0.70|0.32|-0.34|-0.42|0.01|-0.32|-0.22|-0.01|-0.01|0.00|0.03|-0.49|0.73|-0.28|-0.92|0.77|-0.03|-0.50|0.31|-0.43|0.04|0.70
0.44|-0.35|-0.41|0.83|-0.01|0.48|0.44|-0.18|-0.01|-0.63|0.67|-0.96|-0.01|0.01|-0.00|0.18|-0.10|-0.29|0.59|0.06|-0.01|-0.15|0.95|-0.30|0.09|1.11|-0.04
0.77|0.28|0.40|-0.01|1.07|-0.07|0.63|0.59|-0.18|0.12|-0.62|0.58|0.01|0.00|-0.00|0.09|0.05|-0.21|0.96|-0.31|-0.33|-0.04|-0.46|0.61|-0.43|1.05|0.94
-0.05|0.41|1.23|0.47|0.60|-0.90|-0.41|-0.08|-0.24|-0.26|0.08|-0.39|-0.00|0.01|-0.00|-0.29|-0.06|-0.08|-0.57|-1.49|-0.86|-0.20|0.36|-0.00|-0.01|0.22|-0.49
------ Dim separator ------
0.43|-0.63|-0.97|0.79|0.13|0.12|0.06|-0.64|-0.66|0.10|0.42|-0.06|-0.01|-0.01|-0.00|-0.09|-0.29|-0.63|-0.42|0.59|-0.17|0.22|0.17|-0.64|-1.34|0.03|-0.26
0.52|0.01|-0.33|-0.43|-0.18|-0.22|0.40|0.01|0.62|-0.09|0.52|-0.27|-0.00|0.00|0.01|0.93|0.58|0.18|-0.38|-0.19|-0.03|-0.10|-0.05|0.17|0.32|-0.39|-0.70
-0.17|0.33|0.59|1.02|0.37|0.39|0.21|0.20|-0.07|-0.32|-0.04|0.01|0.00|0.01|0.01|0.51|-0.18|0.66|0.38|-0.61|1.13|-0.61|1.05|0.79|0.13|-0.37|0.50
-1.44|0.69|0.32|0.24|-0.53|0.71|0.54|0.20|0.17|0.31|-0.62|0.55|0.00|-0.01|-0.00|0.44|-0.80|-0.36|-0.43|-0.86|-0.73|-0.26|-0.14|-0.01|0.64|-0.23|-0.12
0.24|-0.15|0.36|-1.18|1.04|0.34|-0.29|-1.14|-0.03|1.00|0.26|-0.69|0.00|-0.00|0.01|-0.31|-0.94|0.28|-0.33|0.07|0.45|0.06|-0.82|0.31|0.08|0.88|0.33
------ Dim separator ------
0.04|-0.28|-0.42|-1.43|0.66|0.40|0.02|-0.04|-0.02|0.28|-0.20|0.20|-0.00|0.00|0.01|-0.40|-0.38|-0.73|-1.36|0.53|-0.30|-0.17|1.15|-1.01|0.21|0.56|0.09
0.03|0.36|-0.01|0.43|-0.41|-0.62|0.07|-0.05|-0.63|0.25|-0.29|-0.02|-0.01|0.00|0.00|-0.20|0.27|0.23|-0.07|-0.20|0.59|-0.05|0.20|-0.06|0.01|1.32|0.12
0.69|-0.03|-0.44|0.78|0.55|-0.19|0.36|0.39|-0.08|-0.16|-0.02|0.15|-0.00|0.00|0.01|0.19|0.23|0.18|0.88|0.72|-0.82|0.27|0.06|0.82|0.27|-0.48|0.05
0.99|0.36|-0.11|-0.25|0.45|-0.26|0.66|-0.40|0.33|-0.55|-0.30|-0.13|-0.00|0.00|0.00|1.04|-0.38|0.08|0.66|-0.19|-0.11|-0.24|-0.41|-0.45|-0.22|-0.34|-0.26
1.18|-0.13|-1.25|-1.27|-0.12|0.81|-0.53|0.53|0.03|-0.81|1.01|0.44|0.01|-0.00|-0.01|0.66|-0.05|-0.09|-1.05|0.37|0.24|-0.67|0.01|0.31|1.30|-0.21|0.37
------ Dim separator ------
-0.71|0.68|0.21|0.43|0.46|-1.14|1.06|0.61|-0.46|-0.30|0.35|0.06|0.00|0.00|0.00|-0.62|0.24|-0.07|-0.48|-0.62|-0.21|-0.45|-0.14|-1.31|0.72|-0.19|0.27
-0.76|-0.24|-1.11|0.17|0.07|-0.27|0.62|-0.09|-0.04|0.66|-0.84|-0.77|0.01|0.01|-0.00|0.06|0.46|0.38|-0.05|-0.39|-0.82|-0.45|-0.55|-0.34|-0.13|0.18|-0.20
0.46|0.13|-0.27|0.69|-0.30|-0.05|-0.17|-0.26|-0.61|-0.10|1.08|0.04|-0.00|-0.00|0.00|0.02|0.24|0.12|0.69|-0.17|-0.44|0.36|0.92|0.09|1.16|-0.10|0.21
0.89|0.70|-0.02|0.33|-0.01|0.23|-0.55|-0.19|-0.85|0.36|0.02|0.06|0.99|-0.01|-0.01|-0.00|-0.00|0.00|1.00|0.55|-0.02|-0.15|-0.35|0.70|-1.42|0.28|1.17
0.77|0.10|0.28|-0.39|-0.28|-0.43|0.37|-0.81|0.42|-0.42|-0.78|1.00|-0.00|-0.00|0.00|-0.84|-0.88|-0.70|-0.26|-0.02|0.31|0.07|-0.71|-0.19|0.68|0.10|-0.68
