------ Dim separator ------
-0.48|0.17|-0.07|0.26|-0.87|-0.54|0.17|0.02|0.05|-0.22|-0.31|-0.38|-0.00|-0.00|-0.00|-0.14|0.52|0.47|-0.46|-0.54|-0.07|-0.24|0.33|-0.22|0.32|-0.09|0.63
-0.08|0.39|-0.26|0.19|0.15|0.22|0.09|-0.08|0.19|-0.04|-0.20|0.22|0.01|0.02|-0.02|-0.19|0.03|-0.18|-0.09|-0.29|-0.21|0.23|0.11|-0.34|0.37|0.09|-0.27
0.76|0.00|-0.37|0.76|0.53|-0.65|0.30|-0.22|-0.36|0.19|-0.37|-0.54|0.33|0.00|0.01|0.02|-0.01|-0.00|1.03|-0.22|-1.19|0.46|-0.18|0.28|-0.38|0.33|-0.86
-0.41|0.02|0.05|0.42|0.22|-0.49|-0.62|0.06|-0.02|-0.26|-0.90|-0.64|-0.00|0.01|-0.00|-0.45|0.54|0.04|-0.07|-0.31|0.62|0.50|0.58|0.58|0.20|0.11|-0.32
0.31|0.06|0.18|0.26|0.48|-0.47|-0.72|0.11|0.23|-0.10|-0.23|-0.24|0.00|0.02|-0.00|0.02|0.41|-0.27|-0.56|-0.37|-0.22|-0.07|-0.61|-0.16|-0.13|-0.43|-0.26
------ Dim separator ------
-0.17|0.04|0.28|0.74|-0.03|0.53|-0.11|0.58|0.34|-0.04|0.50|0.69|-0.01|0.01|-0.00|0.56|0.61|0.46|-0.25|-0.63|-0.37|0.29|0.13|1.02|-0.88|0.42|0.20
-0.95|0.00|-0.16|-0.31|0.18|0.02|-0.14|0.36|-0.19|0.82|0.07|0.27|0.02|0.01|-0.00|0.12|-0.52|-0.74|-0.07|0.20|0.13|-0.58|-0.17|-0.25|-0.49|-0.88|0.59
0.21|0.13|-0.59|0.93|0.61|-0.15|-0.45|-0.14|-0.54|-0.20|0.06|-0.46|0.33|0.01|-0.01|-0.03|-0.00|-0.01|1.00|-0.32|0.22|0.29|0.11|0.01|0.67|0.33|0.09
0.43|0.72|-0.08|0.21|0.06|0.02|-0.56|-0.04|-0.05|-0.30|-0.50|0.35|0.57|-0.00|-0.02|-0.02|0.01|0.01|1.00|-0.86|0.69|-0.89|0.07|-0.04|0.62|0.45|0.23
0.10|-0.39|-0.14|0.54|0.56|0.08|-0.08|-0.41|-0.44|0.44|-0.53|-0.20|0.01|-0.01|-0.00|0.20|0.37|-0.56|-0.71|0.37|-0.40|0.35|-0.42|0.46|-1.12|0.61|0.06
------ Dim separator ------
-0.58|0.57|-0.25|0.41|-0.32|-0.40|0.41|-0.29|0.42|-0.03|0.51|-0.04|0.01|-0.00|-0.01|0.49|0.27|0.28|-0.33|-0.42|-0.89|-0.17|-0.04|-0.14|0.14|-0.83|0.17
-0.49|-0.31|-0.29|-0.01|0.26|0.24|0.02|0.25|-0.15|0.18|0.39|0.49|0.01|-0.00|-0.00|-0.42|-0.52|0.59|0.14|0.16|0.79|-0.05|0.10|0.24|0.45|0.65|-1.33
-0.42|-0.15|0.20|0.77|0.05|-0.31|-0.33|0.42|-0.12|-0.56|0.14|0.79|0.00|0.01|-0.00|-0.19|0.24|-0.42|0.73|-0.26|-0.20|-0.70|-0.11|0.26|0.17|-0.04|0.63
0.08|-0.53|-0.64|0.29|-0.77|0.29|0.56|0.34|0.53|0.35|-0.72|0.34|0.00|0.01|0.02|-0.23|0.35|-0.16|0.96|-0.04|-0.10|0.53|-0.32|0.19|0.17|0.25|0.09
-0.65|0.30|-0.94|-0.51|-0.05|0.66|0.68|-0.33|0.17|0.25|-0.17|0.32|-0.02|-0.01|-0.00|0.01|-0.42|-0.38|-0.16|0.30|0.39|-0.33|0.98|0.48|-0.23|-0.39|0.02
------ Dim separator ------
0.35|0.45|-0.74|0.01|0.07|-0.18|-0.35|0.08|0.81|-0.08|-0.67|-0.15|0.00|0.01|0.01|-0.06|0.49|-0.11|-0.59|-0.12|0.42|-0.28|-0.68|0.10|0.67|-0.89|-0.62
-0.49|-0.01|0.01|-0.16|-0.52|0.29|0.55|-1.02|-0.10|0.11|-0.86|-0.07|-0.01|-0.01|-0.02|-0.65|0.20|-0.02|-0.14|-0.32|0.16|-0.16|0.43|0.41|0.38|0.07|0.03
0.42|-0.18|-0.01|0.76|-0.06|-0.15|-0.33|0.36|0.29|-0.15|-0.22|-0.62|0.57|-0.00|-0.01|0.03|-0.01|-0.02|1.00|0.40|0.31|-0.08|-0.03|-0.21|0.03|0.22|-0.08
0.24|-0.08|-0.28|0.69|-0.13|0.43|-0.39|0.34|0.16|-0.03|-0.49|0.21|-0.02|-0.00|-0.01|0.12|-0.03|0.21|0.75|-0.15|-0.13|-1.17|-0.16|0.16|-0.93|-0.00|-0.52
0.40|-0.39|-0.53|-0.03|-0.96|0.12|-0.38|-0.88|0.48|-0.29|-0.01|-0.51|0.01|-0.01|-0.00|-0.78|0.31|-0.13|0.01|-0.07|0.75|-0.47|0.44|0.20|0.11|-0.69|0.16
------ Dim separator ------
0.54|-0.05|0.27|-0.23|-0.12|0.21|0.24|0.09|-0.97|0.26|0.40|-0.03|0.00|-0.01|-0.02|0.05|0.35|-0.18|0.11|0.26|-0.13|-1.24|0.02|0.09|-0.23|0.10|0.27
-0.66|-0.34|0.29|-0.27|-0.14|0.14|0.38|-0.49|-0.57|-0.20|0.29|-0.25|-0.01|0.01|-0.00|-0.21|0.18|0.19|-0.10|-0.23|0.55|-0.06|0.22|-0.65|-0.38|0.26|-0.21
0.54|-0.20|0.57|0.74|-0.07|-0.17|0.18|0.35|-0.06|0.17|-0.42|0.10|0.74|-0.01|-0.01|-0.00|0.33|-0.00|0.66|-0.33|-0.36|-0.39|0.08|-0.55|-0.44|0.27|-0.38
0.60|0.07|-0.59|0.20|0.00|0.19|-0.57|-0.54|0.22|0.34|-0.30|-0.37|0.56|0.01|0.00|0.01|0.02|-0.02|0.99|-0.15|0.31|-0.39|0.34|0.14|0.13|0.73|-0.55
-0.26|-0.31|-0.52|-0.62|0.20|0.39|0.34|-0.06|-0.47|0.55|-0.05|0.27|-0.00|0.01|-0.00|0.72|-0.30|-0.34|-0.26|0.22|0.16|0.09|0.49|0.14|0.34|0.34|-0.07
