------ Dim separator ------
0.46|-0.45|0.20|-0.62|-0.16|-0.03|-0.68|-0.28|-0.40|-0.61|-0.07|-0.11|-0.00|-0.00|0.00|0.24|-0.50|0.54|-0.39|0.51|-0.93|0.22|-0.19|0.66|1.13|-0.02|-0.78
0.08|0.69|-0.19|0.34|-0.10|-0.21|0.23|-0.51|0.17|-0.96|-0.96|-1.07|-0.00|-0.00|0.00|0.25|-0.47|1.18|0.49|0.65|0.93|-0.68|0.36|0.24|0.37|0.11|-0.20
0.84|-0.47|-0.43|0.66|-0.17|-0.60|-0.27|0.37|-0.00|0.08|0.02|0.35|0.00|0.00|-0.00|-0.27|0.15|-0.30|0.87|1.03|0.09|-0.52|0.14|0.40|-0.10|-0.96|-0.25
0.06|0.72|1.01|-0.17|0.67|0.20|0.06|-0.25|0.25|-0.44|-0.32|1.22|-0.00|0.00|-0.00|-0.71|0.08|-0.04|-0.29|0.11|0.14|-0.21|0.03|-0.28|-0.85|0.59|1.43
0.26|-0.53|-0.38|-0.14|0.66|0.48|-0.05|-0.33|0.46|-0.74|0.52|0.61|-0.00|0.00|0.00|0.85|0.05|0.47|-0.30|-0.08|-0.68|0.48|0.26|-0.99|0.82|0.51|-0.39
------ Dim separator ------
1.01|0.05|0.31|0.63|0.22|-0.09|0.51|0.59|0.05|-0.19|-0.41|-0.04|0.00|0.00|0.00|0.92|0.56|0.39|-0.77|-0.34|1.14|-0.31|-0.73|-0.31|0.84|-0.36|0.15
0.89|-0.22|0.25|-0.26|0.36|-0.90|0.24|0.08|-0.22|-0.05|-0.34|-0.49|-0.00|-0.00|0.00|0.30|-0.51|0.50|-0.25|-1.01|0.60|0.23|-0.30|0.26|-0.39|0.46|0.68
0.11|-0.42|-0.45|0.65|0.24|0.59|0.81|-0.13|-0.03|-0.79|0.72|-1.09|-0.00|0.00|-0.00|0.24|-0.29|0.22|0.89|0.29|-0.13|-0.09|0.67|-0.28|0.06|1.25|-0.14
0.80|0.28|0.56|-0.20|0.76|-0.26|0.71|0.25|-0.50|0.27|-0.51|0.63|0.00|-0.00|0.00|-0.11|0.13|0.09|0.75|-0.59|-0.56|-0.19|-0.61|0.60|-0.57|0.96|0.63
-0.11|0.64|1.19|0.52|0.38|-0.98|-0.66|0.03|-0.49|-0.22|0.43|-0.09|0.00|0.00|0.00|-0.23|-0.40|0.07|-0.30|-1.43|-0.79|-0.17|0.30|-0.17|-0.14|-0.11|-0.41
------ Dim separator ------
0.32|-0.42|-0.60|1.10|0.07|-0.10|-0.04|-0.70|-0.89|-0.28|0.29|0.25|-0.00|-0.00|0.00|-0.22|-0.12|-0.56|-0.56|0.41|0.01|0.04|0.26|-0.09|-1.54|-0.04|-0.55
0.34|0.12|-0.23|-0.74|-0.22|-0.42|0.23|-0.02|0.51|-0.24|0.45|-0.48|0.00|0.00|0.00|0.85|0.65|0.17|-0.06|-0.35|-0.02|0.06|0.07|0.65|0.20|-0.56|-0.67
-0.09|0.33|0.48|0.94|0.20|0.24|-0.01|0.01|-0.12|-0.07|0.08|0.12|-0.00|0.00|0.00|0.16|-0.43|0.59|0.22|-0.55|1.14|-0.33|0.74|0.94|0.31|-0.65|0.19
-1.62|0.83|0.37|-0.04|-0.45|0.87|0.60|0.09|0.22|0.52|-0.64|0.48|-0.00|-0.00|-0.00|0.24|-0.64|-0.30|-0.63|-0.96|-0.73|-0.18|-0.12|0.55|0.54|-0.14|-0.08
0.23|-0.46|0.53|-1.36|1.55|0.46|0.11|-1.24|-0.03|0.83|0.14|-1.09|-0.00|0.00|0.00|-0.43|-0.88|0.20|-0.50|-0.17|0.58|0.29|-0.80|0.33|-0.09|1.02|-0.01
------ Dim separator ------
0.57|-0.45|-0.88|-1.44|0.78|0.43|0.15|-0.42|-0.35|0.10|0.04|0.26|0.00|-0.00|0.00|-0.63|-0.63|-0.89|-1.42|0.24|-0.08|-0.20|1.30|-1.10|0.38|0.47|-0.10
-0.03|0.17|-0.20|0.60|-0.53|-0.29|-0.13|-0.32|-0.45|0.31|-0.51|-0.21|-0.00|0.00|0.00|0.13|0.24|0.12|-0.04|-0.33|0.50|-0.20|0.39|0.19|-0.15|1.23|-0.17
0.43|0.21|-0.62|0.94|0.31|0.13|0.42|0.29|0.38|-0.41|0.34|-0.01|-0.00|0.00|0.00|0.54|0.20|0.05|0.85|0.60|-0.61|0.43|0.16|0.98|0.33|-0.58|-0.25
0.95|-0.14|0.38|-0.41|0.38|-0.22|0.86|-0.36|0.36|-0.14|-0.35|0.06|0.00|-0.00|-0.00|0.77|-0.32|0.22|0.58|0.00|0.21|-0.25|-0.47|-0.21|0.07|0.00|-0.30
1.15|-0.19|-0.99|-1.45|0.01|0.75|-0.33|0.54|0.05|-0.95|1.03|0.28|0.01|0.00|0.00|0.81|0.04|-0.08|-0.97|0.29|0.51|-0.91|0.28|0.37|1.32|-0.08|0.54
------ Dim separator ------
-0.37|1.15|0.46|0.65|0.68|-1.15|0.74|0.97|-0.58|-0.33|0.34|0.24|-0.00|0.00|-0.00|-0.06|0.41|0.23|-0.39|-0.48|-0.04|-0.58|0.03|-1.33|0.89|-0.20|0.23
-0.78|-0.24|-0.92|0.08|-0.02|-0.21|0.76|0.27|0.10|0.51|-1.00|-0.78|0.00|0.00|-0.00|-0.02|0.42|0.55|0.14|-0.20|-0.70|-0.47|-0.75|-0.60|-0.08|0.48|0.19
0.61|0.14|-0.16|0.78|-0.40|-0.19|-0.08|-0.34|-0.75|-0.16|0.96|0.20|1.00|-0.00|0.00|-0.00|1.00|0.00|-0.00|0.20|-0.60|0.19|0.58|-0.08|1.19|-0.33|0.48
0.72|0.66|-0.11|0.24|-0.35|-0.00|-0.10|-0.28|-0.83|0.29|-0.19|0.25|-0.01|-0.00|-0.00|0.41|0.12|0.12|0.96|0.25|0.41|-0.41|-0.27|0.76|-1.29|0.13|1.25
0.57|0.36|0.40|-0.27|-0.10|-0.24|0.33|-0.90|0.28|-0.33|-0.70|1.02|-0.00|-0.00|-0.00|-0.91|-1.05|-0.57|-0.31|-0.15|0.14|0.29|-0.63|-0.19|0.56|0.45|-0.76
