------ Dim separator ------
-0.49|0.17|-0.06|0.25|-0.89|-0.53|0.17|-0.00|0.05|-0.23|-0.32|-0.38|0.00|-0.01|-0.01|-0.12|0.53|0.48|-0.45|-0.54|-0.07|-0.24|0.33|-0.22|0.32|-0.08|0.65
-0.08|0.38|-0.25|0.19|0.15|0.22|0.08|-0.09|0.21|-0.04|-0.19|0.22|0.00|0.00|-0.01|-0.19|0.03|-0.17|-0.09|-0.29|-0.20|0.23|0.11|-0.35|0.36|0.10|-0.26
0.77|0.01|-0.37|0.77|0.54|-0.66|0.30|-0.24|-0.35|0.20|-0.38|-0.56|0.33|-0.01|0.02|0.02|-0.02|-0.00|1.04|-0.22|-1.21|0.46|-0.19|0.28|-0.38|0.33|-0.86
-0.40|0.03|0.06|0.43|0.21|-0.49|-0.63|0.04|-0.01|-0.26|-0.90|-0.64|0.01|0.01|-0.00|-0.44|0.53|0.05|-0.10|-0.32|0.61|0.50|0.57|0.59|0.20|0.11|-0.32
0.31|0.07|0.19|0.27|0.49|-0.49|-0.73|0.14|0.22|-0.11|-0.22|-0.24|0.01|0.01|0.02|0.01|0.42|-0.28|-0.56|-0.37|-0.21|-0.06|-0.60|-0.17|-0.13|-0.42|-0.27
------ Dim separator ------
-0.17|0.04|0.30|0.75|-0.03|0.53|-0.11|0.58|0.35|-0.05|0.50|0.69|-0.02|-0.01|0.00|0.56|0.61|0.47|-0.24|-0.62|-0.38|0.28|0.13|1.02|-0.89|0.42|0.20
-0.95|0.01|-0.15|-0.33|0.17|0.02|-0.15|0.37|-0.17|0.80|0.07|0.26|0.02|0.01|0.00|0.12|-0.52|-0.74|-0.07|0.20|0.13|-0.58|-0.17|-0.24|-0.50|-0.88|0.60
0.20|0.12|-0.60|0.94|0.61|-0.15|-0.46|-0.15|-0.55|-0.20|0.05|-0.47|0.34|0.00|-0.03|-0.03|0.01|-0.01|1.01|-0.31|0.24|0.28|0.12|0.02|0.68|0.33|0.10
0.41|0.73|-0.07|0.23|0.06|0.01|-0.57|-0.04|-0.04|-0.31|-0.50|0.36|0.56|-0.01|-0.02|-0.02|0.01|0.01|1.00|-0.87|0.69|-0.89|0.07|-0.06|0.62|0.45|0.24
0.10|-0.40|-0.14|0.55|0.57|0.09|-0.07|-0.39|-0.44|0.42|-0.55|-0.21|0.01|0.00|-0.02|0.19|0.36|-0.57|-0.72|0.36|-0.41|0.35|-0.44|0.45|-1.12|0.62|0.05
------ Dim separator ------
-0.58|0.58|-0.24|0.42|-0.31|-0.38|0.41|-0.28|0.42|-0.04|0.50|-0.03|0.00|0.00|-0.02|0.49|0.26|0.28|-0.34|-0.41|-0.89|-0.16|-0.03|-0.15|0.14|-0.83|0.17
-0.51|-0.33|-0.29|-0.02|0.26|0.25|0.02|0.24|-0.15|0.19|0.39|0.49|0.02|-0.00|-0.01|-0.42|-0.52|0.59|0.13|0.16|0.78|-0.04|0.10|0.24|0.45|0.64|-1.34
-0.40|-0.17|0.19|0.77|0.05|-0.31|-0.32|0.43|-0.13|-0.56|0.14|0.80|-0.01|0.01|-0.00|-0.19|0.25|-0.40|0.74|-0.25|-0.19|-0.70|-0.11|0.25|0.16|-0.03|0.64
0.06|-0.54|-0.66|0.29|-0.77|0.29|0.57|0.33|0.52|0.35|-0.71|0.34|0.00|-0.00|-0.00|-0.24|0.36|-0.17|0.96|-0.04|-0.09|0.52|-0.31|0.18|0.18|0.25|0.08
-0.64|0.30|-0.95|-0.51|-0.04|0.67|0.67|-0.35|0.19|0.23|-0.16|0.32|-0.01|0.01|0.00|-0.00|-0.41|-0.38|-0.15|0.31|0.40|-0.34|0.99|0.48|-0.22|-0.37|0.02
------ Dim separator ------
0.35|0.45|-0.73|0.01|0.06|-0.18|-0.35|0.08|0.81|-0.08|-0.68|-0.15|0.01|0.01|0.00|-0.07|0.49|-0.12|-0.58|-0.13|0.41|-0.29|-0.69|0.11|0.66|-0.91|-0.61
-0.49|-0.02|0.01|-0.17|-0.51|0.28|0.55|-1.02|-0.11|0.11|-0.88|-0.08|-0.03|-0.00|-0.00|-0.66|0.21|-0.02|-0.13|-0.31|0.17|-0.16|0.43|0.43|0.38|0.07|0.04
0.41|-0.17|0.01|0.77|-0.07|-0.17|-0.33|0.37|0.30|-0.15|-0.23|-0.63|0.57|-0.00|-0.00|0.03|0.01|-0.02|1.01|0.42|0.29|-0.07|-0.02|-0.20|0.03|0.22|-0.08
0.24|-0.09|-0.28|0.69|-0.14|0.42|-0.39|0.35|0.16|-0.03|-0.50|0.22|0.01|-0.01|-0.00|0.11|-0.02|0.21|0.76|-0.14|-0.13|-1.16|-0.15|0.16|-0.93|0.02|-0.54
0.41|-0.42|-0.52|-0.02|-0.96|0.12|-0.37|-0.89|0.47|-0.28|-0.00|-0.53|0.00|-0.02|0.00|-0.80|0.30|-0.13|0.02|-0.09|0.74|-0.47|0.45|0.19|0.11|-0.69|0.15
------ Dim separator ------
0.54|-0.04|0.28|-0.23|-0.13|0.23|0.25|0.08|-0.97|0.28|0.39|-0.04|-0.01|-0.00|-0.00|0.05|0.35|-0.18|0.11|0.26|-0.13|-1.25|0.03|0.08|-0.23|0.09|0.26
-0.67|-0.35|0.30|-0.27|-0.13|0.14|0.38|-0.50|-0.54|-0.21|0.29|-0.25|-0.00|0.01|0.01|-0.20|0.17|0.19|-0.10|-0.22|0.56|-0.05|0.21|-0.64|-0.38|0.26|-0.20
0.55|-0.20|0.57|0.75|-0.08|-0.18|0.19|0.34|-0.06|0.15|-0.43|0.09|0.74|-0.00|-0.02|0.01|0.33|0.00|0.65|-0.34|-0.36|-0.41|0.09|-0.55|-0.43|0.27|-0.38
0.57|0.07|-0.61|0.19|0.01|0.18|-0.57|-0.55|0.22|0.35|-0.30|-0.36|0.57|-0.00|-0.02|0.02|0.02|-0.01|0.99|-0.16|0.33|-0.39|0.34|0.14|0.13|0.73|-0.55
-0.26|-0.33|-0.52|-0.63|0.19|0.38|0.34|-0.05|-0.46|0.56|-0.05|0.27|-0.01|0.01|0.00|0.71|-0.32|-0.35|-0.27|0.23|0.15|0.11|0.49|0.14|0.33|0.34|-0.07
