------ Dim separator ------
-0.47|0.17|-0.06|0.26|-0.87|-0.54|0.17|0.02|0.04|-0.22|-0.32|-0.37|0.00|-0.01|0.01|-0.13|0.51|0.47|-0.46|-0.54|-0.08|-0.24|0.32|-0.22|0.31|-0.09|0.62
-0.09|0.39|-0.26|0.19|0.16|0.22|0.10|-0.09|0.20|-0.04|-0.20|0.22|0.02|0.02|-0.01|-0.18|0.03|-0.18|-0.09|-0.29|-0.20|0.23|0.11|-0.34|0.36|0.09|-0.26
0.76|0.01|-0.37|0.76|0.53|-0.65|0.30|-0.21|-0.36|0.19|-0.37|-0.55|0.33|0.00|0.01|0.02|-0.00|-0.01|1.03|-0.22|-1.20|0.46|-0.19|0.28|-0.38|0.33|-0.85
-0.41|0.03|0.05|0.42|0.22|-0.49|-0.62|0.06|-0.03|-0.26|-0.89|-0.64|-0.00|0.00|-0.01|-0.45|0.54|0.05|-0.07|-0.30|0.62|0.50|0.58|0.58|0.20|0.12|-0.32
0.31|0.07|0.18|0.26|0.48|-0.48|-0.72|0.12|0.23|-0.10|-0.24|-0.25|-0.00|0.03|-0.00|0.01|0.41|-0.27|-0.57|-0.37|-0.22|-0.07|-0.61|-0.17|-0.13|-0.43|-0.26
------ Dim separator ------
-0.18|0.04|0.28|0.75|-0.03|0.53|-0.12|0.58|0.34|-0.04|0.50|0.69|-0.01|0.01|-0.01|0.55|0.61|0.46|-0.25|-0.64|-0.37|0.28|0.13|1.02|-0.88|0.42|0.20
-0.95|-0.00|-0.16|-0.32|0.17|0.02|-0.15|0.36|-0.19|0.82|0.07|0.27|0.02|0.01|0.01|0.12|-0.52|-0.75|-0.06|0.20|0.12|-0.58|-0.17|-0.24|-0.49|-0.88|0.59
0.21|0.13|-0.59|0.93|0.62|-0.15|-0.46|-0.14|-0.55|-0.20|0.05|-0.46|0.33|0.00|-0.01|-0.03|0.00|-0.01|1.00|-0.32|0.23|0.29|0.11|0.01|0.68|0.32|0.10
0.43|0.72|-0.09|0.20|0.05|0.02|-0.56|-0.04|-0.05|-0.30|-0.50|0.35|0.57|-0.00|-0.02|-0.02|0.00|0.01|1.01|-0.86|0.69|-0.89|0.07|-0.05|0.62|0.45|0.24
0.09|-0.39|-0.14|0.55|0.56|0.08|-0.09|-0.41|-0.43|0.43|-0.53|-0.20|0.02|-0.00|0.00|0.20|0.37|-0.55|-0.71|0.37|-0.40|0.34|-0.42|0.46|-1.12|0.62|0.07
------ Dim separator ------
-0.58|0.57|-0.25|0.41|-0.32|-0.39|0.41|-0.29|0.42|-0.03|0.50|-0.04|0.01|-0.00|-0.01|0.48|0.27|0.29|-0.33|-0.42|-0.89|-0.17|-0.04|-0.14|0.15|-0.83|0.18
-0.49|-0.32|-0.30|-0.00|0.26|0.23|0.03|0.25|-0.14|0.18|0.40|0.50|0.01|-0.00|-0.00|-0.43|-0.52|0.59|0.14|0.16|0.78|-0.06|0.09|0.24|0.45|0.65|-1.33
-0.42|-0.15|0.20|0.77|0.06|-0.31|-0.33|0.41|-0.12|-0.57|0.13|0.79|0.00|-0.00|-0.01|-0.18|0.24|-0.43|0.74|-0.26|-0.20|-0.70|-0.11|0.26|0.17|-0.04|0.63
0.08|-0.53|-0.64|0.30|-0.78|0.29|0.56|0.34|0.53|0.36|-0.72|0.35|0.00|0.01|0.02|-0.24|0.35|-0.17|0.96|-0.04|-0.09|0.52|-0.32|0.19|0.17|0.25|0.09
-0.66|0.29|-0.94|-0.51|-0.06|0.66|0.68|-0.33|0.18|0.24|-0.17|0.32|-0.02|-0.01|-0.01|-0.00|-0.41|-0.37|-0.16|0.31|0.39|-0.33|0.98|0.48|-0.24|-0.39|0.02
------ Dim separator ------
0.35|0.45|-0.74|0.02|0.07|-0.18|-0.35|0.08|0.81|-0.08|-0.67|-0.14|0.01|0.01|0.00|-0.06|0.49|-0.12|-0.59|-0.11|0.42|-0.28|-0.69|0.10|0.67|-0.89|-0.62
-0.48|-0.02|0.01|-0.16|-0.51|0.29|0.54|-1.02|-0.11|0.11|-0.86|-0.08|-0.00|-0.02|-0.01|-0.65|0.20|-0.01|-0.15|-0.31|0.16|-0.15|0.43|0.42|0.38|0.07|0.03
0.42|-0.19|-0.01|0.76|-0.07|-0.15|-0.33|0.37|0.29|-0.15|-0.22|-0.62|0.57|-0.01|-0.02|0.03|-0.01|-0.01|1.00|0.41|0.31|-0.07|-0.03|-0.21|0.03|0.22|-0.09
0.24|-0.08|-0.29|0.68|-0.13|0.43|-0.39|0.34|0.16|-0.04|-0.49|0.21|-0.02|-0.01|-0.01|0.12|-0.03|0.21|0.75|-0.15|-0.12|-1.17|-0.15|0.16|-0.93|0.00|-0.53
0.41|-0.39|-0.52|-0.03|-0.96|0.13|-0.38|-0.88|0.48|-0.29|-0.02|-0.52|0.01|-0.01|-0.00|-0.78|0.31|-0.13|0.01|-0.07|0.75|-0.47|0.43|0.20|0.12|-0.69|0.16
------ Dim separator ------
0.54|-0.04|0.27|-0.23|-0.12|0.21|0.25|0.08|-0.97|0.26|0.40|-0.03|0.00|-0.01|-0.01|0.05|0.35|-0.17|0.11|0.26|-0.13|-1.24|0.02|0.09|-0.23|0.10|0.28
-0.67|-0.34|0.29|-0.27|-0.14|0.14|0.38|-0.49|-0.57|-0.20|0.30|-0.25|-0.00|0.01|-0.01|-0.21|0.18|0.19|-0.10|-0.23|0.56|-0.06|0.21|-0.65|-0.39|0.26|-0.20
0.54|-0.20|0.57|0.74|-0.07|-0.17|0.19|0.35|-0.07|0.16|-0.41|0.11|0.75|-0.00|-0.01|0.00|0.33|-0.00|0.66|-0.33|-0.36|-0.40|0.08|-0.56|-0.43|0.27|-0.37
0.60|0.07|-0.59|0.21|0.01|0.19|-0.58|-0.54|0.22|0.35|-0.30|-0.36|0.56|0.01|-0.00|0.02|0.02|-0.01|0.99|-0.16|0.31|-0.39|0.34|0.15|0.13|0.73|-0.55
-0.26|-0.32|-0.52|-0.62|0.19|0.39|0.34|-0.07|-0.47|0.55|-0.05|0.27|-0.00|0.01|-0.00|0.71|-0.31|-0.35|-0.26|0.23|0.15|0.10|0.49|0.14|0.34|0.34|-0.07
