------ Dim separator ------
0.50|-0.43|-0.04|-0.47|-0.16|-0.18|-1.14|-0.48|-0.37|0.05|-0.43|0.40|0.02|-0.02|0.01|0.32|-0.69|0.98|-0.62|0.93|-0.89|0.25|-0.15|0.49|1.43|0.13|-1.13
0.15|0.80|-0.18|0.55|-0.28|-0.32|-0.09|-0.21|0.41|-0.74|-1.09|-1.11|-0.00|-0.02|0.01|-0.25|-0.60|1.04|0.72|0.77|1.15|-0.54|-0.17|0.80|0.08|0.30|0.17
0.76|-0.52|-0.48|0.70|-0.05|-0.34|-0.38|-0.02|-0.34|-0.31|-0.19|0.58|0.01|0.00|0.02|-0.40|-0.21|0.15|1.10|0.84|0.34|-0.70|-0.22|0.53|-0.22|-0.67|-0.24
-0.24|1.04|0.78|-0.50|0.28|0.26|0.41|0.09|0.14|-0.40|-0.69|1.38|-0.02|-0.01|0.01|-0.75|-0.04|-0.21|-0.64|-0.17|-0.41|0.23|0.61|-0.33|-1.14|0.63|1.92
0.17|-0.25|-0.45|-0.31|0.99|0.51|-0.51|-0.22|0.16|-0.71|0.54|0.24|-0.00|-0.01|-0.00|0.67|-0.53|0.71|-0.11|-0.29|-0.40|0.61|-0.01|-1.54|1.48|0.23|-0.30
------ Dim separator ------
0.95|0.23|0.83|0.62|0.41|-0.19|0.76|0.39|0.10|-0.05|-0.55|-0.44|-0.02|-0.00|0.02|0.80|0.06|0.40|-1.05|-0.41|1.06|0.24|-0.82|-0.03|0.68|-0.16|0.84
0.72|-0.63|0.02|-0.42|-0.05|-0.87|0.26|-0.21|-0.44|-0.27|-0.47|0.13|0.01|-0.02|-0.02|-0.19|-0.60|0.80|-0.45|-0.93|0.49|0.08|-0.86|0.06|-0.28|0.16|0.94
0.21|-0.64|-0.40|0.92|-0.09|0.44|0.47|-0.53|-0.12|-0.18|0.52|-1.27|0.95|0.00|-0.01|0.00|-0.03|-0.02|0.98|-0.04|0.06|-0.48|1.22|0.17|-0.42|0.86|0.08
0.15|0.33|0.62|0.35|1.33|0.04|0.44|0.33|-0.15|0.31|-0.30|0.62|0.96|-0.01|0.00|-0.01|0.02|-0.02|0.99|-0.28|0.08|-0.26|-0.31|0.11|-0.85|1.44|1.20
-0.22|0.01|1.42|0.74|1.01|-0.57|-0.39|-0.00|-0.36|-0.22|-0.15|-0.58|0.00|0.01|-0.01|-0.70|0.12|-0.35|-0.41|-2.03|-0.46|-0.23|0.57|0.43|0.30|0.21|-0.58
------ Dim separator ------
0.43|-0.79|-1.04|1.08|0.01|-0.30|0.29|-0.72|-0.58|-0.20|0.66|0.48|-0.00|-0.02|0.01|0.22|-0.51|-0.62|-0.54|0.56|-0.25|0.27|0.37|-0.58|-1.31|-0.14|-0.46
0.42|-0.06|-0.29|-0.71|-0.12|-0.85|0.41|-0.04|0.46|-0.40|0.45|-0.62|0.01|0.00|-0.00|1.09|0.46|0.43|-0.47|-0.22|0.03|-0.48|-0.32|0.27|-0.13|-0.71|-1.02
0.07|0.34|1.00|0.71|0.34|0.42|0.02|0.06|-0.32|-0.30|-0.07|-0.03|0.01|-0.00|-0.01|0.37|-0.17|0.87|0.03|-0.43|0.92|-0.51|0.88|0.78|-0.02|-0.42|0.23
-1.52|0.82|0.65|-0.03|-0.58|1.31|0.84|0.34|0.46|0.09|-0.65|0.26|-0.00|-0.00|-0.01|0.55|-0.89|-0.16|-0.38|-0.96|-1.15|-0.44|0.74|-0.03|1.00|-0.37|-0.22
0.23|-0.49|0.51|-0.89|1.08|0.44|-0.19|-1.40|-0.22|0.92|0.23|-0.52|-0.00|0.01|0.02|-0.35|-0.50|0.64|-0.56|0.10|0.60|0.61|-1.06|0.54|0.20|1.03|0.80
------ Dim separator ------
0.40|-0.41|-0.54|-1.66|0.97|0.13|0.19|-0.09|0.23|0.52|-0.14|0.38|-0.01|-0.00|0.01|-0.52|-0.40|-0.52|-1.72|0.66|-0.06|-0.16|0.88|-0.80|0.41|0.58|-0.22
-0.15|-0.14|-0.47|0.38|-0.20|-0.97|-0.05|-0.30|-0.19|0.33|0.09|-0.19|0.01|-0.00|0.02|-0.10|0.59|0.29|-0.18|-0.55|0.64|-0.31|0.32|0.10|-0.12|1.09|0.28
0.26|-0.05|-0.27|0.72|0.52|0.20|0.29|0.20|-0.12|-0.13|0.07|0.30|0.96|-0.00|-0.01|-0.00|0.02|-0.00|1.00|0.65|-1.03|0.39|0.35|0.94|0.42|-0.28|-0.19
1.31|0.22|-0.38|-0.24|0.52|-0.12|0.64|-0.60|0.40|-0.44|-0.52|0.41|-0.01|0.00|0.01|0.99|-0.12|0.00|0.80|-0.12|-0.15|-0.70|-0.33|-0.29|-0.39|0.20|-0.38
1.36|-0.59|-1.50|-0.92|-0.22|0.69|-0.21|0.66|0.21|-0.67|1.12|0.09|0.01|0.01|-0.01|0.70|-0.58|-0.43|-1.58|0.30|0.28|-1.16|0.22|0.14|1.51|-0.33|0.56
------ Dim separator ------
-0.26|1.06|0.23|0.59|0.29|-1.28|1.06|0.59|-0.46|-0.70|0.23|0.04|-0.00|-0.01|-0.00|-0.19|0.11|-0.01|-0.31|-0.58|0.16|0.02|-0.42|-1.52|0.90|-0.38|0.32
-0.75|-0.18|-1.38|-0.31|0.19|0.09|0.94|0.03|0.20|0.83|-0.92|-0.96|0.01|-0.00|0.00|0.42|0.12|0.62|0.01|-0.49|-0.88|-0.56|-0.55|-0.82|-0.34|-0.23|0.03
0.60|0.20|-0.18|0.74|-0.48|-0.03|-0.27|-0.32|-0.74|-0.10|1.50|0.42|0.94|-0.01|-0.01|0.01|-0.01|0.02|0.99|-0.06|-0.16|0.69|1.02|-0.11|1.04|-0.08|-0.07
0.28|0.67|0.45|0.06|0.38|-0.07|-0.56|-0.19|-1.41|0.36|-0.04|0.07|1.00|-0.03|-0.01|-0.00|-0.01|0.02|0.98|0.42|0.06|-0.20|-0.19|1.16|-1.35|0.23|1.53
1.11|0.46|0.30|-0.62|0.06|-0.34|0.08|-1.33|0.01|-0.61|-0.80|0.93|-0.02|-0.00|-0.01|-0.97|-0.92|-0.53|0.16|-0.58|0.51|0.33|-0.74|0.02|0.64|0.36|-0.74
