------ Dim separator ------
0.48|0.18|0.28|-0.31|-0.17|-0.13|-0.78|-0.45|-0.33|-0.37|-0.07|0.21|-0.01|-0.02|-0.02|0.37|-0.33|0.59|-0.36|0.62|-0.87|0.16|-0.16|0.87|1.01|0.11|-0.98
0.34|0.63|-0.12|0.09|-0.02|-0.10|0.36|-0.25|0.38|-0.61|-1.03|-0.81|-0.02|-0.01|0.01|0.19|-0.52|0.97|0.64|0.41|0.78|-0.36|-0.15|0.66|0.44|0.26|-0.14
0.82|-0.60|-0.22|0.76|0.07|-0.19|-0.17|0.14|0.26|0.16|0.07|0.12|0.03|0.02|0.00|-0.31|-0.30|-0.20|0.83|0.79|0.10|-0.64|0.03|0.42|-0.31|-1.08|-0.13
-0.27|0.76|0.89|-0.28|0.54|0.24|0.35|0.00|0.01|-0.41|-0.22|1.08|-0.01|0.01|0.01|-0.55|0.02|-0.05|-0.27|0.25|-0.05|0.24|0.21|-0.45|-1.17|0.93|1.24
0.18|-0.22|-0.43|-0.29|0.87|0.45|-0.06|-0.41|0.26|-0.71|0.42|0.60|-0.03|-0.00|-0.01|0.54|-0.06|0.47|-0.04|-0.17|-0.79|0.46|0.29|-0.95|0.64|0.58|-0.31
------ Dim separator ------
0.82|0.06|0.13|0.65|0.11|-0.26|0.38|0.56|0.16|-0.16|-0.19|-0.03|-0.01|0.00|0.01|0.93|0.46|0.36|-0.81|-0.22|0.90|-0.15|-0.50|-0.45|0.58|0.15|0.44
0.89|-0.39|0.14|-0.16|-0.01|-0.68|0.30|-0.34|-0.42|0.04|-0.32|-0.26|-0.03|-0.01|0.00|0.05|-0.49|0.71|-0.26|-0.93|0.79|-0.04|-0.47|0.33|-0.44|0.06|0.68
0.45|-0.33|-0.41|0.83|-0.01|0.51|0.43|-0.16|-0.04|-0.65|0.69|-0.95|-0.07|0.01|0.01|0.16|-0.09|-0.31|0.58|0.08|0.00|-0.13|0.95|-0.32|0.11|1.14|-0.05
0.81|0.25|0.38|-0.04|1.03|-0.09|0.64|0.59|-0.20|0.13|-0.63|0.58|-0.04|0.02|0.00|0.11|0.08|-0.20|0.95|-0.32|-0.36|-0.04|-0.48|0.64|-0.42|1.03|0.91
-0.05|0.44|1.22|0.44|0.57|-0.93|-0.42|-0.10|-0.24|-0.25|0.11|-0.37|0.01|0.02|-0.01|-0.26|-0.09|-0.07|-0.57|-1.47|-0.91|-0.21|0.36|-0.05|-0.02|0.19|-0.49
------ Dim separator ------
0.42|-0.61|-0.96|0.76|0.14|0.13|0.01|-0.63|-0.66|0.11|0.41|-0.09|-0.01|0.02|-0.02|-0.11|-0.28|-0.63|-0.44|0.59|-0.15|0.21|0.17|-0.63|-1.35|0.04|-0.25
0.52|0.02|-0.34|-0.41|-0.18|-0.21|0.41|-0.00|0.64|-0.08|0.50|-0.28|0.02|0.01|0.01|0.91|0.58|0.17|-0.38|-0.21|-0.04|-0.08|-0.05|0.17|0.36|-0.41|-0.69
-0.20|0.34|0.56|1.02|0.35|0.39|0.23|0.19|-0.04|-0.31|-0.06|-0.00|0.01|0.02|0.01|0.53|-0.19|0.65|0.40|-0.60|1.13|-0.60|1.05|0.81|0.15|-0.36|0.52
-1.45|0.69|0.29|0.24|-0.51|0.70|0.53|0.18|0.15|0.33|-0.61|0.59|0.00|-0.01|-0.00|0.43|-0.80|-0.36|-0.42|-0.84|-0.70|-0.23|-0.19|-0.00|0.60|-0.23|-0.08
0.26|-0.15|0.35|-1.21|1.04|0.33|-0.28|-1.12|-0.00|1.00|0.27|-0.72|-0.01|-0.01|0.00|-0.30|-0.96|0.25|-0.31|0.06|0.45|0.05|-0.80|0.33|0.06|0.89|0.30
------ Dim separator ------
0.03|-0.26|-0.42|-1.41|0.65|0.42|0.03|-0.06|-0.06|0.26|-0.21|0.20|0.02|-0.00|0.01|-0.40|-0.39|-0.74|-1.34|0.50|-0.29|-0.17|1.19|-1.03|0.20|0.56|0.10
0.05|0.38|0.02|0.45|-0.43|-0.59|0.07|-0.06|-0.65|0.26|-0.31|-0.02|-0.03|-0.01|0.01|-0.21|0.24|0.22|-0.05|-0.19|0.58|-0.04|0.20|-0.04|0.01|1.34|0.09
0.71|-0.01|-0.45|0.78|0.55|-0.18|0.38|0.41|-0.05|-0.20|-0.02|0.14|-0.06|-0.01|0.03|0.22|0.25|0.18|0.87|0.73|-0.82|0.29|0.03|0.83|0.27|-0.48|0.05
0.95|0.34|-0.08|-0.24|0.46|-0.28|0.66|-0.40|0.30|-0.54|-0.32|-0.14|-0.00|-0.01|0.01|1.03|-0.40|0.10|0.66|-0.20|-0.10|-0.23|-0.40|-0.45|-0.17|-0.34|-0.27
1.18|-0.11|-1.24|-1.27|-0.10|0.83|-0.53|0.53|0.03|-0.80|1.00|0.48|0.02|-0.01|-0.03|0.64|-0.05|-0.07|-1.03|0.38|0.26|-0.65|-0.01|0.31|1.31|-0.20|0.36
------ Dim separator ------
-0.71|0.69|0.23|0.43|0.49|-1.14|1.07|0.62|-0.45|-0.27|0.35|0.04|0.02|0.02|-0.01|-0.61|0.26|-0.04|-0.50|-0.59|-0.24|-0.48|-0.14|-1.30|0.71|-0.18|0.27
-0.77|-0.23|-1.10|0.17|0.05|-0.29|0.61|-0.08|-0.03|0.67|-0.83|-0.76|-0.00|0.02|-0.01|0.04|0.49|0.38|-0.04|-0.36|-0.81|-0.44|-0.54|-0.30|-0.11|0.21|-0.23
0.45|0.15|-0.27|0.69|-0.29|-0.06|-0.16|-0.25|-0.59|-0.11|1.06|0.02|0.01|-0.01|-0.01|-0.00|0.28|0.14|0.64|-0.16|-0.46|0.35|0.92|0.09|1.17|-0.11|0.26
0.91|0.69|-0.04|0.33|-0.05|0.25|-0.54|-0.18|-0.80|0.38|0.02|0.07|0.98|-0.01|-0.02|0.02|-0.02|0.00|1.01|0.56|0.02|-0.14|-0.33|0.67|-1.41|0.30|1.17
0.76|0.08|0.27|-0.34|-0.29|-0.42|0.38|-0.78|0.44|-0.40|-0.80|0.98|0.02|-0.02|0.02|-0.83|-0.88|-0.69|-0.26|-0.02|0.30|0.05|-0.71|-0.20|0.68|0.10|-0.67
