------ Dim separator ------
0.65|-0.18|0.16|-0.51|-0.23|-0.20|-0.89|-0.29|-0.08|-0.25|-0.03|0.02|-0.00|-0.02|-0.01|0.42|-0.42|0.32|-0.51|0.73|-0.99|0.10|-0.17|0.63|0.86|0.10|-0.97
0.03|0.59|-0.42|0.39|-0.06|-0.03|0.08|-0.34|0.32|-0.69|-1.12|-1.11|-0.00|0.01|0.00|0.16|-0.54|0.86|0.63|0.61|0.87|-0.60|-0.06|0.67|0.41|0.49|-0.15
0.75|-0.38|-0.14|0.75|-0.21|-0.18|-0.29|0.23|0.00|-0.18|-0.04|0.13|1.00|0.01|0.00|0.00|-0.01|-0.02|0.99|0.78|0.10|-0.76|-0.16|0.52|0.03|-0.98|-0.04
0.15|0.80|0.45|-0.16|0.38|0.48|0.42|0.01|-0.01|-0.54|-0.45|1.04|0.00|0.00|-0.01|-0.72|0.07|0.01|-0.37|0.23|-0.09|0.25|0.21|-0.32|-1.08|0.97|1.36
0.09|-0.10|-0.41|-0.22|0.84|0.45|-0.01|-0.26|0.31|-0.47|0.58|0.45|-0.01|-0.01|0.00|0.53|0.04|0.42|-0.14|-0.31|-0.63|0.41|0.31|-1.02|1.14|0.50|-0.15
------ Dim separator ------
0.90|0.01|0.31|0.82|0.48|0.05|0.61|0.51|0.15|0.13|-0.05|-0.10|0.01|-0.01|0.02|0.90|0.26|0.28|-0.85|-0.20|0.79|0.16|-0.55|-0.41|0.73|0.10|0.54
0.79|-0.13|0.09|-0.43|-0.08|-0.71|-0.10|-0.49|-0.16|-0.00|-0.36|-0.23|-0.01|-0.01|0.01|-0.19|-0.44|0.84|-0.23|-0.96|0.63|0.17|-0.55|0.49|-0.53|0.12|0.56
0.19|-0.63|-0.33|0.83|0.02|0.43|0.45|-0.16|-0.38|-0.83|0.72|-1.16|-0.02|0.00|-0.00|0.12|-0.31|-0.16|0.89|0.14|0.03|-0.07|1.00|-0.04|-0.03|1.05|-0.01
0.72|0.35|0.59|0.04|0.87|-0.32|0.68|0.58|-0.04|0.26|-0.28|0.50|0.95|0.01|0.01|0.02|0.02|-0.00|1.00|-0.28|-0.42|-0.07|-0.39|0.53|-0.55|1.22|0.79
-0.33|0.59|1.48|0.51|0.63|-0.72|-0.43|-0.04|-0.38|-0.31|0.19|-0.52|0.01|0.01|-0.01|-0.46|-0.29|0.03|-0.42|-1.77|-0.71|-0.10|0.37|-0.08|-0.21|0.05|-0.32
------ Dim separator ------
0.54|-0.81|-0.99|0.88|0.04|0.04|0.15|-0.69|-0.63|0.24|0.64|0.16|0.00|0.01|0.01|-0.24|-0.18|-0.60|-0.19|0.46|-0.08|0.11|0.44|-0.26|-1.36|-0.06|-0.19
0.43|-0.19|-0.24|-0.34|-0.01|-0.31|0.34|-0.12|0.62|-0.15|0.39|-0.45|0.01|0.00|-0.01|1.03|0.62|0.17|-0.22|-0.57|-0.04|-0.26|-0.13|0.31|0.35|-0.44|-0.69
-0.31|0.37|0.84|0.72|0.19|0.27|-0.13|0.08|-0.19|-0.25|-0.16|0.17|-0.01|-0.01|-0.02|0.71|-0.33|0.67|0.33|-0.20|1.09|-0.37|0.89|0.69|0.38|-0.35|0.26
-1.53|0.81|0.54|0.25|-0.50|0.95|0.84|0.03|0.35|0.58|-0.59|0.59|-0.01|0.00|0.01|0.18|-0.64|-0.22|-0.29|-0.96|-0.72|-0.54|0.03|-0.19|0.65|-0.17|-0.13
0.06|-0.41|0.30|-1.37|1.20|0.41|-0.31|-1.05|0.07|0.81|0.22|-0.67|-0.00|-0.00|-0.00|-0.53|-0.68|0.07|-0.30|0.04|0.52|0.25|-0.91|0.48|0.19|0.91|0.40
------ Dim separator ------
0.13|-0.09|-0.45|-1.22|0.68|0.51|0.07|-0.32|-0.01|0.11|-0.38|0.07|0.00|0.01|0.00|-0.43|-0.37|-0.88|-1.47|0.37|-0.12|-0.19|1.23|-1.01|0.04|0.66|0.04
-0.03|0.26|-0.11|0.45|-0.43|-0.57|-0.04|0.02|-0.27|0.40|-0.23|-0.04|-0.00|-0.01|0.01|-0.14|0.28|0.16|-0.29|-0.24|0.76|-0.24|0.55|-0.01|-0.03|1.07|-0.10
0.60|0.18|-0.39|0.78|0.38|0.04|0.41|0.48|-0.11|-0.19|0.25|0.31|0.95|-0.01|0.00|0.01|0.01|-0.00|0.99|0.98|-0.84|0.34|0.27|0.81|0.38|-0.53|-0.09
1.11|-0.08|-0.15|-0.24|0.59|-0.15|0.83|-0.41|0.12|-0.30|-0.38|0.10|-0.00|-0.01|-0.00|0.73|-0.12|0.23|0.63|-0.03|-0.05|-0.56|-0.49|-0.29|-0.03|0.04|-0.32
1.35|-0.27|-1.28|-1.13|-0.06|0.85|-0.53|0.82|0.21|-0.74|1.42|0.47|0.00|-0.00|-0.00|0.99|-0.28|-0.57|-1.21|0.21|0.52|-0.79|0.20|0.07|1.41|0.12|0.54
------ Dim separator ------
-0.53|1.21|0.32|0.26|0.34|-1.29|0.90|0.68|-0.39|-0.50|0.52|0.04|-0.01|0.01|-0.01|-0.32|0.48|0.24|-0.26|-0.69|-0.17|-0.52|-0.06|-1.36|0.81|-0.18|0.24
-0.88|-0.12|-1.32|0.00|-0.07|-0.01|0.88|0.18|0.30|0.49|-0.79|-0.57|0.00|-0.00|0.00|-0.01|0.18|0.82|0.19|-0.38|-0.78|-0.41|-0.69|-0.54|-0.04|0.23|-0.08
0.44|0.30|-0.21|0.69|-0.47|-0.15|-0.24|-0.23|-0.61|-0.13|1.44|0.20|0.96|-0.01|-0.01|-0.01|0.02|0.01|0.97|-0.05|-0.54|0.45|0.94|0.08|1.32|-0.07|0.20
0.79|0.70|0.19|0.02|-0.18|0.05|-0.28|-0.06|-0.95|0.25|-0.09|0.10|0.02|0.01|-0.01|0.17|-0.03|-0.09|1.19|0.20|0.11|-0.14|-0.25|0.81|-1.46|0.37|1.40
0.70|0.21|0.60|-0.18|-0.00|-0.43|0.37|-0.84|0.11|-0.60|-0.70|0.96|-0.00|0.00|-0.00|-0.69|-0.86|-0.84|-0.14|-0.12|0.27|0.34|-0.74|-0.10|0.70|0.16|-0.56
