------ Dim separator ------
0.30|-0.10|0.26|-0.48|-0.20|-0.09|-0.77|-0.21|-0.46|-0.35|-0.21|-0.05|0.01|-0.02|-0.02|0.27|-0.41|0.88|-0.42|0.64|-1.07|0.49|-0.04|0.74|1.12|0.19|-1.03
0.15|0.71|-0.15|0.13|-0.18|-0.03|0.30|-0.44|0.25|-0.80|-1.08|-0.97|-0.00|-0.00|-0.00|0.16|-0.48|1.11|0.59|0.57|0.91|-0.48|0.28|0.46|0.43|0.16|-0.27
0.84|-0.68|-0.31|0.67|0.04|-0.26|-0.18|0.18|0.06|0.06|0.08|0.24|0.00|-0.02|0.01|-0.52|-0.25|-0.19|0.82|0.95|0.08|-0.61|0.07|0.46|-0.26|-1.00|-0.35
-0.11|0.89|0.92|-0.31|0.52|0.06|0.41|-0.16|-0.02|-0.52|-0.32|1.15|0.02|0.00|-0.01|-0.39|0.20|0.02|-0.39|0.15|-0.09|0.09|0.18|-0.32|-1.07|0.65|1.59
0.27|-0.43|-0.56|-0.24|0.71|0.34|-0.04|-0.25|0.15|-0.65|0.40|0.48|-0.02|-0.02|-0.01|0.67|-0.12|0.51|-0.08|-0.21|-0.65|0.39|0.00|-1.06|0.85|0.46|-0.39
------ Dim separator ------
0.75|0.13|0.26|0.66|0.20|-0.18|0.52|0.41|-0.07|-0.22|-0.36|-0.10|-0.01|0.01|-0.00|0.84|0.39|0.25|-0.81|-0.22|1.11|-0.24|-0.64|-0.47|0.63|-0.01|0.27
0.95|-0.34|0.20|-0.32|0.18|-0.75|0.36|-0.15|-0.32|-0.12|-0.24|-0.20|-0.02|0.00|-0.02|0.23|-0.47|0.73|-0.36|-0.99|0.82|0.04|-0.56|0.30|-0.46|0.21|0.70
0.32|-0.50|-0.33|0.81|0.13|0.48|0.56|-0.16|-0.05|-0.51|0.63|-1.00|-0.07|-0.03|-0.01|0.29|-0.12|-0.13|0.80|0.11|-0.04|-0.17|0.78|-0.38|-0.12|1.00|-0.11
0.78|0.40|0.43|-0.09|1.16|-0.21|0.73|0.59|-0.27|0.18|-0.52|0.56|-0.08|0.02|0.01|0.07|0.16|-0.18|0.96|-0.50|-0.36|-0.12|-0.56|0.65|-0.55|1.02|0.90
-0.13|0.41|1.28|0.53|0.49|-0.95|-0.44|-0.09|-0.43|-0.28|0.35|-0.28|0.04|-0.02|0.01|-0.32|-0.19|0.11|-0.33|-1.38|-0.65|-0.06|0.35|0.07|0.00|0.12|-0.43
------ Dim separator ------
0.34|-0.64|-0.91|0.95|0.08|0.12|0.03|-0.73|-0.90|-0.10|0.43|0.17|0.01|0.04|0.01|-0.08|-0.37|-0.49|-0.51|0.66|-0.05|0.23|0.16|-0.53|-1.41|-0.05|-0.43
0.47|0.15|-0.30|-0.56|-0.13|-0.18|0.37|-0.02|0.63|-0.20|0.55|-0.60|0.02|-0.02|-0.01|0.88|0.64|0.25|-0.25|-0.23|0.03|-0.04|-0.04|0.35|0.22|-0.48|-0.74
-0.10|0.26|0.54|0.96|0.24|0.50|-0.09|0.31|-0.07|-0.25|-0.00|0.11|-0.01|-0.01|-0.03|0.40|-0.37|0.79|0.41|-0.67|1.11|-0.54|1.02|0.83|0.19|-0.51|0.38
-1.53|0.66|0.33|0.08|-0.59|0.79|0.62|0.08|0.19|0.40|-0.41|0.34|0.01|0.01|-0.00|0.28|-0.83|-0.29|-0.67|-1.10|-0.95|-0.19|-0.21|0.30|0.46|-0.10|-0.31
0.30|-0.34|0.49|-1.18|1.13|0.54|-0.09|-1.15|-0.02|1.00|0.10|-0.95|-0.00|-0.00|-0.00|-0.31|-0.79|0.22|-0.15|0.05|0.53|0.36|-0.76|0.28|0.07|0.98|0.39
------ Dim separator ------
0.29|-0.32|-0.38|-1.60|0.83|0.42|0.17|-0.16|-0.12|0.34|-0.07|0.14|0.02|0.02|0.02|-0.56|-0.41|-0.82|-1.41|0.55|-0.34|-0.10|1.26|-0.86|0.41|0.51|-0.12
-0.06|0.20|-0.22|0.50|-0.53|-0.56|-0.01|-0.17|-0.62|0.38|-0.44|-0.05|-0.01|0.00|-0.00|-0.09|0.30|0.29|-0.11|-0.19|0.58|-0.14|0.27|0.01|-0.08|1.24|0.16
0.55|0.14|-0.59|0.87|0.55|0.04|0.22|0.19|0.10|-0.28|0.04|0.07|-0.06|-0.01|-0.01|0.10|0.23|0.03|0.88|0.63|-0.59|0.22|0.10|0.71|0.29|-0.41|-0.10
1.12|0.20|0.03|-0.27|0.29|-0.09|0.68|-0.31|0.22|-0.36|-0.20|-0.01|0.00|0.00|-0.00|0.94|-0.36|-0.10|0.65|-0.15|-0.13|-0.14|-0.44|-0.35|-0.42|-0.06|-0.34
1.20|-0.19|-1.04|-1.33|-0.10|0.85|-0.38|0.52|0.01|-0.72|1.25|0.40|-0.02|-0.02|-0.01|0.83|-0.06|-0.08|-0.94|0.20|0.46|-0.91|0.25|0.29|1.38|-0.25|0.41
------ Dim separator ------
-0.74|0.94|0.16|0.48|0.42|-1.00|0.97|0.78|-0.59|-0.40|0.45|0.13|-0.01|0.01|0.00|-0.33|0.19|-0.05|-0.46|-0.62|-0.18|-0.39|0.00|-1.39|0.75|-0.20|0.24
-0.68|-0.35|-1.13|0.09|0.25|-0.21|0.88|0.03|0.03|0.49|-0.81|-0.78|0.00|-0.00|0.00|-0.02|0.41|0.36|-0.11|-0.44|-0.76|-0.53|-0.73|-0.53|-0.22|0.28|0.02
0.52|0.16|-0.27|0.78|-0.45|-0.21|-0.06|-0.31|-0.72|-0.25|1.23|0.13|-0.01|-0.03|-0.03|-0.08|0.29|0.16|0.62|-0.10|-0.49|0.44|0.81|-0.02|1.26|-0.30|0.20
0.74|0.74|-0.02|0.33|-0.21|0.17|-0.42|-0.17|-0.84|0.20|-0.07|0.10|0.04|0.01|-0.02|0.09|-0.02|0.04|0.96|0.41|0.20|-0.29|-0.19|0.82|-1.40|0.03|1.16
0.73|0.21|0.35|-0.42|-0.25|-0.33|0.27|-1.12|0.32|-0.25|-0.78|1.02|0.01|-0.02|-0.01|-0.99|-0.88|-0.65|-0.19|-0.05|0.30|0.10|-0.68|-0.10|0.47|0.21|-0.70
