------ Dim separator ------
0.46|-0.43|0.20|-0.63|-0.15|-0.03|-0.66|-0.29|-0.39|-0.63|-0.07|-0.15|0.00|-0.01|0.01|0.24|-0.49|0.50|-0.38|0.48|-0.92|0.21|-0.21|0.69|1.10|-0.02|-0.76
0.09|0.69|-0.19|0.33|-0.11|-0.19|0.24|-0.51|0.18|-0.95|-0.97|-1.08|-0.03|-0.01|-0.00|0.27|-0.48|1.14|0.49|0.61|0.91|-0.66|0.38|0.26|0.40|0.14|-0.19
0.85|-0.47|-0.44|0.67|-0.17|-0.60|-0.25|0.37|0.02|0.08|0.03|0.34|0.01|0.02|-0.01|-0.25|0.12|-0.32|0.88|1.02|0.10|-0.51|0.17|0.41|-0.11|-0.99|-0.24
0.07|0.70|0.98|-0.17|0.68|0.21|0.06|-0.25|0.23|-0.44|-0.29|1.20|-0.00|-0.01|-0.01|-0.70|0.10|-0.01|-0.28|0.13|0.15|-0.19|0.01|-0.28|-0.84|0.63|1.42
0.27|-0.52|-0.38|-0.15|0.64|0.47|-0.01|-0.34|0.46|-0.73|0.52|0.63|-0.03|0.02|0.01|0.85|0.08|0.47|-0.29|-0.07|-0.70|0.46|0.27|-0.96|0.77|0.55|-0.42
------ Dim separator ------
1.00|0.04|0.26|0.67|0.19|-0.11|0.49|0.60|0.06|-0.22|-0.39|-0.01|-0.01|-0.00|-0.00|0.95|0.60|0.37|-0.78|-0.34|1.11|-0.33|-0.70|-0.31|0.85|-0.34|0.13
0.89|-0.24|0.24|-0.23|0.37|-0.89|0.23|0.06|-0.24|-0.04|-0.34|-0.51|-0.02|-0.01|-0.01|0.32|-0.50|0.53|-0.23|-1.00|0.61|0.23|-0.26|0.29|-0.38|0.45|0.64
0.13|-0.41|-0.46|0.63|0.24|0.61|0.81|-0.11|-0.02|-0.81|0.72|-1.07|-0.05|-0.01|-0.00|0.23|-0.29|0.19|0.86|0.32|-0.10|-0.06|0.67|-0.31|0.08|1.27|-0.15
0.84|0.26|0.55|-0.22|0.73|-0.25|0.73|0.23|-0.51|0.25|-0.50|0.63|-0.04|0.00|0.04|-0.13|0.14|0.10|0.73|-0.58|-0.56|-0.19|-0.62|0.62|-0.54|0.94|0.61
-0.09|0.69|1.18|0.50|0.34|-0.99|-0.67|0.01|-0.48|-0.22|0.45|-0.09|0.04|0.02|0.00|-0.22|-0.44|0.11|-0.30|-1.43|-0.81|-0.16|0.31|-0.21|-0.17|-0.12|-0.40
------ Dim separator ------
0.32|-0.43|-0.62|1.05|0.08|-0.09|-0.05|-0.70|-0.91|-0.24|0.28|0.21|-0.01|0.03|0.02|-0.24|-0.11|-0.55|-0.58|0.43|0.02|-0.00|0.26|-0.08|-1.54|-0.04|-0.54
0.35|0.13|-0.23|-0.71|-0.22|-0.41|0.24|-0.03|0.52|-0.23|0.44|-0.45|0.01|0.01|0.01|0.83|0.66|0.16|-0.08|-0.34|-0.05|0.06|0.07|0.62|0.23|-0.57|-0.63
-0.12|0.31|0.47|0.96|0.21|0.23|0.01|-0.01|-0.08|-0.09|0.07|0.11|-0.02|-0.01|0.01|0.17|-0.41|0.57|0.25|-0.55|1.14|-0.35|0.75|0.94|0.32|-0.63|0.21
-1.62|0.82|0.34|-0.02|-0.44|0.86|0.59|0.08|0.19|0.55|-0.64|0.48|-0.01|0.00|-0.00|0.25|-0.64|-0.31|-0.61|-0.94|-0.71|-0.15|-0.18|0.55|0.49|-0.13|-0.06
0.27|-0.48|0.51|-1.38|1.53|0.47|0.12|-1.24|0.01|0.82|0.15|-1.07|-0.01|-0.01|0.01|-0.42|-0.90|0.16|-0.45|-0.17|0.53|0.26|-0.77|0.34|-0.08|1.02|-0.01
------ Dim separator ------
0.52|-0.46|-0.90|-1.41|0.76|0.46|0.14|-0.43|-0.35|0.06|0.04|0.23|0.02|0.02|0.03|-0.62|-0.63|-0.90|-1.42|0.25|-0.08|-0.20|1.31|-1.11|0.37|0.46|-0.07
0.00|0.18|-0.17|0.61|-0.57|-0.28|-0.12|-0.32|-0.48|0.32|-0.53|-0.20|-0.03|0.03|0.03|0.09|0.23|0.11|-0.05|-0.30|0.50|-0.21|0.36|0.18|-0.16|1.24|-0.19
0.45|0.22|-0.63|0.95|0.32|0.12|0.43|0.32|0.38|-0.44|0.33|-0.02|-0.03|0.01|0.01|0.57|0.21|0.04|0.80|0.61|-0.60|0.43|0.13|0.97|0.32|-0.60|-0.23
0.93|-0.14|0.39|-0.42|0.38|-0.25|0.87|-0.36|0.35|-0.14|-0.35|0.04|-0.00|-0.00|-0.01|0.77|-0.34|0.24|0.56|0.00|0.22|-0.22|-0.48|-0.20|0.06|-0.01|-0.30
1.16|-0.17|-0.98|-1.47|0.01|0.77|-0.33|0.54|0.04|-0.96|1.00|0.32|0.01|-0.02|-0.03|0.80|0.06|-0.06|-0.93|0.29|0.53|-0.88|0.28|0.38|1.31|-0.11|0.55
------ Dim separator ------
-0.38|1.12|0.47|0.65|0.72|-1.14|0.74|0.97|-0.57|-0.31|0.34|0.23|-0.00|0.02|-0.01|-0.09|0.42|0.26|-0.42|-0.47|-0.06|-0.59|0.03|-1.32|0.90|-0.16|0.22
-0.78|-0.24|-0.90|0.09|-0.04|-0.25|0.76|0.26|0.11|0.51|-1.00|-0.76|-0.01|0.02|0.00|-0.03|0.46|0.55|0.16|-0.17|-0.69|-0.45|-0.74|-0.57|-0.01|0.48|0.16
0.59|0.16|-0.16|0.76|-0.39|-0.19|-0.08|-0.34|-0.71|-0.14|0.92|0.18|0.97|-0.03|-0.04|-0.01|1.01|0.02|-0.02|0.17|-0.61|0.18|0.59|-0.08|1.18|-0.32|0.54
0.74|0.65|-0.10|0.24|-0.36|-0.01|-0.14|-0.28|-0.80|0.31|-0.17|0.27|-0.01|-0.01|-0.01|0.39|0.11|0.13|0.98|0.25|0.43|-0.38|-0.27|0.73|-1.29|0.15|1.23
0.54|0.33|0.39|-0.24|-0.10|-0.23|0.34|-0.89|0.32|-0.32|-0.70|1.02|0.00|-0.02|0.01|-0.91|-1.06|-0.57|-0.32|-0.14|0.13|0.28|-0.64|-0.20|0.55|0.44|-0.75
