------ Dim separator ------
0.66|-0.19|0.14|-0.50|-0.22|-0.20|-0.92|-0.26|-0.07|-0.22|-0.04|0.03|-0.00|-0.00|-0.01|0.41|-0.42|0.34|-0.53|0.72|-1.00|0.12|-0.17|0.62|0.88|0.11|-0.97
0.02|0.61|-0.40|0.39|-0.07|-0.05|0.05|-0.33|0.30|-0.70|-1.12|-1.11|-0.00|0.00|-0.00|0.14|-0.56|0.85|0.63|0.65|0.88|-0.61|-0.09|0.68|0.39|0.47|-0.13
0.74|-0.37|-0.15|0.74|-0.20|-0.17|-0.30|0.22|-0.03|-0.19|-0.06|0.14|1.00|0.01|0.00|-0.00|0.00|0.02|1.01|0.78|0.09|-0.77|-0.18|0.51|0.05|-0.98|-0.04
0.15|0.80|0.47|-0.19|0.35|0.49|0.44|0.00|-0.01|-0.53|-0.48|1.06|0.01|-0.00|0.00|-0.73|0.06|-0.01|-0.37|0.20|-0.10|0.25|0.26|-0.32|-1.08|0.95|1.38
0.09|-0.11|-0.41|-0.21|0.87|0.44|-0.07|-0.24|0.32|-0.47|0.59|0.44|0.01|-0.00|-0.00|0.55|0.01|0.44|-0.16|-0.33|-0.62|0.39|0.29|-1.03|1.17|0.47|-0.13
------ Dim separator ------
0.91|0.03|0.32|0.81|0.49|0.08|0.63|0.50|0.15|0.13|-0.03|-0.14|0.01|-0.00|0.00|0.87|0.24|0.29|-0.84|-0.19|0.80|0.17|-0.56|-0.38|0.74|0.10|0.55
0.80|-0.11|0.10|-0.45|-0.06|-0.71|-0.09|-0.50|-0.14|-0.03|-0.37|-0.22|-0.00|0.00|-0.00|-0.19|-0.44|0.86|-0.25|-0.96|0.62|0.16|-0.59|0.46|-0.54|0.11|0.56
0.19|-0.65|-0.31|0.82|0.02|0.42|0.45|-0.19|-0.38|-0.82|0.70|-1.18|0.00|-0.01|0.01|0.11|-0.31|-0.14|0.91|0.14|0.02|-0.08|1.00|-0.01|-0.03|1.03|0.01
0.67|0.35|0.61|0.07|0.88|-0.34|0.67|0.60|-0.03|0.27|-0.26|0.48|1.00|-0.00|0.00|-0.00|-0.00|0.00|0.99|-0.26|-0.39|-0.08|-0.39|0.51|-0.56|1.25|0.79
-0.36|0.56|1.49|0.50|0.64|-0.68|-0.41|-0.01|-0.39|-0.33|0.19|-0.56|0.00|-0.02|-0.01|-0.47|-0.25|0.03|-0.41|-1.81|-0.68|-0.10|0.36|-0.04|-0.20|0.07|-0.30
------ Dim separator ------
0.55|-0.82|-0.98|0.91|0.03|0.01|0.16|-0.67|-0.63|0.22|0.65|0.18|0.00|0.00|0.01|-0.24|-0.21|-0.61|-0.17|0.46|-0.11|0.12|0.44|-0.28|-1.34|-0.09|-0.18
0.43|-0.21|-0.24|-0.35|-0.02|-0.32|0.31|-0.12|0.59|-0.15|0.38|-0.46|-0.00|0.00|0.01|1.04|0.61|0.16|-0.22|-0.58|-0.03|-0.28|-0.14|0.34|0.31|-0.44|-0.69
-0.28|0.38|0.87|0.72|0.18|0.29|-0.14|0.09|-0.22|-0.25|-0.16|0.19|0.01|-0.00|-0.01|0.69|-0.31|0.67|0.33|-0.20|1.10|-0.38|0.88|0.69|0.38|-0.33|0.25
-1.51|0.83|0.55|0.25|-0.52|0.95|0.85|0.03|0.39|0.57|-0.62|0.58|0.01|0.02|0.00|0.20|-0.64|-0.22|-0.27|-0.96|-0.71|-0.56|0.05|-0.20|0.66|-0.17|-0.12
0.04|-0.40|0.30|-1.35|1.19|0.40|-0.30|-1.06|0.05|0.79|0.17|-0.65|0.01|0.01|0.00|-0.52|-0.64|0.10|-0.31|0.04|0.54|0.29|-0.94|0.48|0.18|0.92|0.42
------ Dim separator ------
0.14|-0.11|-0.44|-1.23|0.70|0.51|0.07|-0.32|0.00|0.12|-0.38|0.09|-0.01|-0.00|0.01|-0.41|-0.37|-0.88|-1.48|0.37|-0.12|-0.18|1.19|-0.99|0.04|0.67|0.03
-0.06|0.25|-0.14|0.44|-0.41|-0.57|-0.07|0.01|-0.28|0.39|-0.21|-0.03|0.00|0.00|0.00|-0.11|0.28|0.15|-0.28|-0.27|0.75|-0.26|0.57|0.02|-0.03|1.03|-0.09
0.57|0.16|-0.37|0.78|0.38|0.05|0.39|0.47|-0.12|-0.18|0.27|0.33|1.01|0.00|-0.00|-0.00|0.00|0.01|1.00|0.97|-0.84|0.33|0.27|0.82|0.39|-0.54|-0.08
1.13|-0.10|-0.17|-0.24|0.59|-0.13|0.84|-0.42|0.12|-0.31|-0.38|0.13|0.00|-0.00|0.00|0.72|-0.09|0.23|0.64|-0.02|-0.06|-0.57|-0.49|-0.29|-0.04|0.04|-0.32
1.34|-0.29|-1.28|-1.12|-0.06|0.85|-0.53|0.81|0.22|-0.74|1.41|0.45|-0.02|-0.00|-0.01|1.00|-0.28|-0.61|-1.22|0.19|0.53|-0.80|0.23|0.05|1.43|0.13|0.55
------ Dim separator ------
-0.53|1.23|0.33|0.26|0.32|-1.28|0.92|0.68|-0.39|-0.52|0.52|0.03|0.00|-0.00|-0.00|-0.33|0.50|0.24|-0.24|-0.69|-0.15|-0.50|-0.04|-1.37|0.83|-0.20|0.24
-0.86|-0.11|-1.33|-0.02|-0.06|-0.00|0.89|0.20|0.32|0.49|-0.77|-0.57|-0.02|-0.00|0.00|0.02|0.14|0.82|0.20|-0.41|-0.79|-0.41|-0.69|-0.58|-0.06|0.23|-0.06
0.46|0.28|-0.21|0.70|-0.51|-0.15|-0.25|-0.23|-0.62|-0.13|1.46|0.24|1.00|0.01|0.00|0.00|-0.01|0.00|1.01|-0.04|-0.53|0.45|0.92|0.06|1.31|-0.07|0.15
0.76|0.73|0.23|0.01|-0.15|0.05|-0.28|-0.05|-0.97|0.23|-0.09|0.11|0.02|0.01|0.01|0.16|-0.02|-0.11|1.19|0.19|0.08|-0.14|-0.26|0.81|-1.44|0.36|1.37
0.70|0.23|0.60|-0.21|0.00|-0.44|0.37|-0.84|0.08|-0.60|-0.70|0.96|-0.00|0.00|-0.00|-0.69|-0.87|-0.86|-0.13|-0.14|0.27|0.37|-0.73|-0.10|0.69|0.15|-0.57
