------ Dim separator ------
0.31|-0.15|0.25|-0.49|-0.17|-0.10|-0.82|-0.18|-0.50|-0.32|-0.26|-0.02|0.01|0.00|-0.00|0.24|-0.42|0.95|-0.45|0.66|-1.08|0.51|-0.04|0.71|1.16|0.22|-1.05
0.14|0.73|-0.13|0.18|-0.16|-0.06|0.28|-0.45|0.24|-0.84|-1.08|-0.99|-0.00|0.00|0.01|0.13|-0.47|1.15|0.59|0.62|0.95|-0.51|0.25|0.47|0.43|0.11|-0.26
0.86|-0.69|-0.30|0.68|0.06|-0.24|-0.22|0.15|-0.00|0.05|0.06|0.28|-0.01|-0.00|-0.00|-0.53|-0.20|-0.15|0.82|0.96|0.11|-0.63|0.07|0.46|-0.24|-0.97|-0.36
-0.09|0.89|0.92|-0.34|0.48|0.03|0.42|-0.18|0.00|-0.52|-0.37|1.19|-0.00|0.00|-0.00|-0.39|0.18|0.01|-0.41|0.11|-0.11|0.08|0.26|-0.28|-1.07|0.61|1.66
0.25|-0.44|-0.57|-0.28|0.75|0.34|-0.10|-0.23|0.14|-0.65|0.40|0.46|0.01|0.00|-0.00|0.70|-0.17|0.53|-0.11|-0.24|-0.64|0.40|-0.02|-1.11|0.89|0.44|-0.36
------ Dim separator ------
0.75|0.13|0.30|0.66|0.24|-0.16|0.56|0.39|-0.09|-0.23|-0.39|-0.16|0.01|-0.01|0.00|0.78|0.36|0.26|-0.82|-0.23|1.15|-0.22|-0.68|-0.44|0.60|-0.01|0.29
0.96|-0.32|0.19|-0.36|0.20|-0.78|0.37|-0.15|-0.30|-0.15|-0.29|-0.18|0.00|0.01|-0.01|0.22|-0.45|0.73|-0.38|-1.01|0.79|0.03|-0.61|0.26|-0.43|0.20|0.72
0.33|-0.53|-0.34|0.82|0.14|0.45|0.57|-0.20|-0.05|-0.47|0.62|-1.01|0.04|0.00|0.01|0.29|-0.11|-0.07|0.81|0.08|-0.07|-0.20|0.78|-0.34|-0.15|0.97|-0.11
0.69|0.39|0.44|-0.06|1.18|-0.23|0.73|0.62|-0.26|0.19|-0.49|0.56|0.02|-0.01|0.02|0.08|0.16|-0.16|0.99|-0.46|-0.34|-0.12|-0.53|0.61|-0.61|1.05|0.94
-0.14|0.33|1.31|0.56|0.54|-0.89|-0.40|-0.06|-0.45|-0.30|0.33|-0.30|-0.01|-0.00|-0.01|-0.33|-0.16|0.10|-0.35|-1.42|-0.62|-0.07|0.35|0.13|0.04|0.16|-0.44
------ Dim separator ------
0.37|-0.65|-0.92|0.98|0.07|0.08|0.04|-0.73|-0.89|-0.16|0.45|0.20|0.01|0.00|0.01|-0.08|-0.39|-0.48|-0.50|0.65|-0.08|0.26|0.16|-0.55|-1.42|-0.08|-0.43
0.46|0.13|-0.29|-0.59|-0.14|-0.22|0.37|-0.03|0.59|-0.23|0.54|-0.63|0.00|0.01|0.00|0.90|0.63|0.27|-0.26|-0.23|0.03|-0.08|-0.08|0.37|0.16|-0.47|-0.79
-0.05|0.27|0.58|0.93|0.21|0.52|-0.10|0.32|-0.12|-0.24|-0.01|0.14|0.01|-0.01|-0.01|0.37|-0.37|0.82|0.38|-0.67|1.10|-0.53|1.01|0.79|0.19|-0.51|0.36
-1.51|0.68|0.35|0.08|-0.61|0.80|0.64|0.08|0.22|0.36|-0.40|0.32|0.00|0.00|0.01|0.29|-0.87|-0.27|-0.67|-1.12|-0.99|-0.22|-0.16|0.31|0.50|-0.10|-0.35
0.28|-0.34|0.50|-1.16|1.10|0.53|-0.09|-1.17|-0.05|0.99|0.05|-0.92|0.01|0.00|-0.02|-0.31|-0.72|0.28|-0.19|0.04|0.57|0.41|-0.78|0.28|0.06|0.97|0.43
------ Dim separator ------
0.33|-0.33|-0.34|-1.61|0.89|0.41|0.18|-0.18|-0.11|0.38|-0.08|0.18|0.00|-0.01|-0.01|-0.57|-0.41|-0.78|-1.47|0.52|-0.32|-0.09|1.23|-0.83|0.44|0.53|-0.17
-0.08|0.19|-0.26|0.51|-0.48|-0.58|-0.02|-0.17|-0.61|0.37|-0.41|-0.03|0.00|-0.00|0.01|-0.05|0.32|0.30|-0.14|-0.25|0.58|-0.18|0.28|0.06|-0.08|1.21|0.22
0.51|0.13|-0.57|0.85|0.55|0.09|0.21|0.17|0.08|-0.29|0.08|0.09|0.03|-0.00|-0.01|0.08|0.22|0.03|0.90|0.62|-0.59|0.23|0.14|0.67|0.28|-0.42|-0.11
1.17|0.23|0.03|-0.25|0.28|-0.05|0.67|-0.31|0.22|-0.36|-0.20|0.05|-0.01|0.01|0.00|0.96|-0.33|-0.14|0.65|-0.14|-0.14|-0.17|-0.44|-0.33|-0.45|-0.05|-0.34
1.19|-0.25|-1.06|-1.33|-0.14|0.83|-0.36|0.54|0.03|-0.72|1.24|0.32|-0.01|0.00|0.01|0.87|-0.07|-0.14|-0.98|0.17|0.47|-0.95|0.29|0.28|1.39|-0.23|0.41
------ Dim separator ------
-0.72|0.99|0.17|0.49|0.36|-1.02|0.99|0.77|-0.59|-0.44|0.48|0.14|0.00|-0.00|-0.00|-0.30|0.20|-0.09|-0.42|-0.65|-0.15|-0.32|0.01|-1.41|0.75|-0.24|0.27
-0.65|-0.37|-1.17|0.07|0.29|-0.16|0.87|0.06|0.02|0.49|-0.77|-0.81|-0.01|-0.02|0.00|0.02|0.37|0.33|-0.11|-0.47|-0.77|-0.54|-0.75|-0.58|-0.27|0.27|0.04
0.54|0.13|-0.28|0.80|-0.51|-0.22|-0.10|-0.32|-0.74|-0.27|1.29|0.20|0.01|0.01|-0.01|-0.06|0.25|0.17|0.69|-0.06|-0.49|0.46|0.79|-0.03|1.24|-0.27|0.14
0.71|0.73|0.00|0.29|-0.19|0.18|-0.40|-0.20|-0.90|0.19|-0.09|0.10|0.02|0.01|0.01|0.10|-0.01|0.05|0.96|0.39|0.18|-0.32|-0.20|0.85|-1.36|0.00|1.18
0.74|0.24|0.35|-0.45|-0.18|-0.36|0.26|-1.14|0.28|-0.26|-0.78|1.00|-0.00|-0.00|0.01|-1.00|-0.89|-0.65|-0.17|-0.10|0.32|0.13|-0.67|-0.08|0.47|0.23|-0.69
