------ Dim separator ------
0.53|-0.48|-0.03|-0.49|-0.14|-0.17|-1.17|-0.47|-0.38|0.06|-0.45|0.43|-0.01|0.01|0.00|0.31|-0.70|1.03|-0.65|0.95|-0.90|0.26|-0.15|0.48|1.47|0.12|-1.12
0.13|0.86|-0.19|0.57|-0.28|-0.34|-0.13|-0.20|0.42|-0.79|-1.13|-1.15|-0.00|0.01|-0.01|-0.26|-0.62|1.06|0.70|0.81|1.21|-0.55|-0.15|0.78|0.10|0.29|0.20
0.75|-0.48|-0.51|0.71|-0.04|-0.34|-0.39|0.00|-0.41|-0.33|-0.24|0.60|-0.00|0.01|-0.01|-0.39|-0.20|0.21|1.15|0.86|0.36|-0.69|-0.23|0.53|-0.21|-0.63|-0.23
-0.23|1.06|0.78|-0.54|0.26|0.25|0.41|0.05|0.14|-0.42|-0.73|1.39|0.00|-0.00|-0.00|-0.74|-0.05|-0.20|-0.62|-0.21|-0.44|0.19|0.66|-0.28|-1.16|0.60|1.96
0.16|-0.29|-0.48|-0.32|1.00|0.52|-0.56|-0.20|0.19|-0.71|0.56|0.23|0.01|0.01|0.00|0.67|-0.56|0.76|-0.13|-0.31|-0.37|0.59|-0.04|-1.58|1.51|0.22|-0.30
------ Dim separator ------
0.94|0.21|0.82|0.65|0.46|-0.19|0.78|0.34|0.10|-0.08|-0.55|-0.48|0.02|0.00|-0.01|0.80|0.08|0.40|-1.09|-0.41|1.10|0.28|-0.87|0.02|0.71|-0.18|0.85
0.71|-0.62|0.02|-0.44|-0.03|-0.85|0.25|-0.19|-0.43|-0.29|-0.53|0.12|-0.01|0.01|0.01|-0.18|-0.62|0.81|-0.46|-0.94|0.51|0.08|-0.88|0.03|-0.26|0.17|0.94
0.21|-0.70|-0.42|0.93|-0.09|0.43|0.48|-0.58|-0.14|-0.18|0.54|-1.29|1.01|0.01|0.02|-0.01|0.01|0.01|1.01|-0.02|0.03|-0.48|1.23|0.18|-0.46|0.83|0.09
0.14|0.30|0.63|0.36|1.32|0.05|0.46|0.33|-0.14|0.33|-0.26|0.63|1.02|0.00|0.00|0.01|-0.01|0.00|1.00|-0.26|0.10|-0.26|-0.31|0.10|-0.89|1.48|1.21
-0.22|-0.01|1.44|0.74|1.05|-0.55|-0.35|0.00|-0.39|-0.24|-0.16|-0.64|0.01|-0.00|-0.00|-0.71|0.15|-0.35|-0.41|-2.10|-0.46|-0.23|0.55|0.45|0.33|0.27|-0.58
------ Dim separator ------
0.42|-0.80|-1.07|1.12|0.00|-0.31|0.29|-0.71|-0.60|-0.22|0.70|0.53|-0.01|0.01|0.00|0.20|-0.53|-0.65|-0.53|0.58|-0.27|0.28|0.40|-0.60|-1.33|-0.18|-0.43
0.43|-0.08|-0.29|-0.76|-0.13|-0.89|0.37|-0.07|0.43|-0.43|0.42|-0.66|-0.00|-0.00|0.00|1.09|0.45|0.42|-0.46|-0.23|0.07|-0.51|-0.36|0.29|-0.18|-0.74|-1.06
0.11|0.34|1.05|0.69|0.33|0.43|-0.01|0.03|-0.38|-0.28|-0.08|-0.01|0.00|0.00|0.00|0.35|-0.19|0.88|0.05|-0.49|0.93|-0.52|0.85|0.79|0.02|-0.41|0.20
-1.51|0.90|0.67|-0.05|-0.59|1.35|0.86|0.36|0.45|0.05|-0.62|0.24|-0.01|0.00|0.01|0.58|-0.87|-0.15|-0.38|-0.96|-1.15|-0.45|0.77|-0.04|1.01|-0.37|-0.20
0.22|-0.50|0.52|-0.90|1.10|0.42|-0.15|-1.41|-0.22|0.88|0.21|-0.50|0.01|0.00|-0.01|-0.36|-0.45|0.65|-0.55|0.11|0.60|0.67|-1.11|0.54|0.21|1.06|0.81
------ Dim separator ------
0.44|-0.42|-0.55|-1.69|1.00|0.14|0.20|-0.13|0.24|0.52|-0.15|0.41|0.01|-0.00|0.00|-0.52|-0.39|-0.49|-1.75|0.65|-0.02|-0.15|0.87|-0.81|0.39|0.61|-0.25
-0.16|-0.15|-0.54|0.37|-0.19|-0.97|-0.07|-0.30|-0.16|0.34|0.11|-0.19|-0.02|-0.00|0.01|-0.08|0.59|0.27|-0.17|-0.57|0.62|-0.37|0.32|0.17|-0.13|1.07|0.29
0.25|-0.06|-0.24|0.74|0.53|0.27|0.27|0.18|-0.08|-0.14|0.11|0.32|1.02|-0.01|-0.01|0.00|-0.00|0.00|1.00|0.64|-1.01|0.40|0.34|0.94|0.42|-0.28|-0.20
1.35|0.21|-0.36|-0.23|0.53|-0.11|0.66|-0.60|0.42|-0.42|-0.49|0.45|0.00|-0.00|-0.00|1.00|-0.14|0.01|0.84|-0.08|-0.15|-0.72|-0.31|-0.31|-0.38|0.25|-0.40
1.40|-0.64|-1.54|-0.93|-0.23|0.70|-0.17|0.69|0.24|-0.68|1.10|0.05|-0.01|-0.01|-0.01|0.72|-0.62|-0.47|-1.59|0.28|0.33|-1.18|0.24|0.13|1.53|-0.31|0.57
------ Dim separator ------
-0.22|1.11|0.26|0.59|0.28|-1.29|1.07|0.61|-0.44|-0.71|0.25|0.03|0.01|0.01|-0.01|-0.14|0.15|-0.02|-0.28|-0.59|0.15|0.02|-0.44|-1.55|0.92|-0.41|0.35
-0.75|-0.15|-1.42|-0.34|0.20|0.13|0.95|0.05|0.23|0.85|-0.89|-0.99|-0.00|0.01|0.01|0.49|0.09|0.63|0.02|-0.52|-0.90|-0.59|-0.55|-0.86|-0.39|-0.23|0.03
0.60|0.22|-0.17|0.77|-0.50|-0.03|-0.27|-0.33|-0.76|-0.13|1.54|0.46|1.02|-0.01|-0.01|0.00|0.00|0.00|1.00|-0.07|-0.15|0.71|1.01|-0.12|1.07|-0.09|-0.10
0.26|0.70|0.49|0.04|0.42|-0.07|-0.56|-0.19|-1.42|0.33|-0.06|0.07|1.00|0.01|-0.00|0.01|0.01|-0.01|1.01|0.41|0.03|-0.20|-0.20|1.20|-1.31|0.22|1.57
1.12|0.49|0.30|-0.66|0.10|-0.36|0.08|-1.34|-0.03|-0.60|-0.82|0.94|0.01|-0.01|0.01|-0.98|-0.95|-0.51|0.21|-0.63|0.52|0.36|-0.73|-0.00|0.64|0.37|-0.72
