------ Dim separator ------
0.48|-0.46|0.22|-0.62|-0.15|-0.03|-0.68|-0.26|-0.40|-0.61|-0.07|-0.10|-0.01|-0.01|0.01|0.24|-0.51|0.54|-0.40|0.50|-0.93|0.22|-0.19|0.64|1.14|0.00|-0.77
0.09|0.70|-0.19|0.36|-0.10|-0.21|0.23|-0.52|0.16|-0.97|-0.98|-1.08|0.01|0.00|-0.00|0.23|-0.48|1.20|0.48|0.65|0.95|-0.66|0.35|0.23|0.37|0.10|-0.19
0.85|-0.48|-0.43|0.66|-0.16|-0.59|-0.27|0.38|-0.02|0.06|0.01|0.35|-0.01|0.01|-0.01|-0.27|0.17|-0.27|0.88|1.03|0.10|-0.51|0.13|0.39|-0.08|-0.95|-0.24
0.07|0.71|1.02|-0.18|0.65|0.19|0.05|-0.26|0.26|-0.46|-0.32|1.21|0.00|0.00|0.00|-0.71|0.07|-0.04|-0.28|0.11|0.14|-0.23|0.05|-0.26|-0.85|0.59|1.42
0.25|-0.54|-0.38|-0.12|0.66|0.48|-0.08|-0.31|0.47|-0.75|0.51|0.62|0.01|-0.01|0.00|0.87|0.03|0.47|-0.33|-0.10|-0.68|0.46|0.25|-1.00|0.80|0.51|-0.38
------ Dim separator ------
1.02|0.04|0.30|0.62|0.23|-0.09|0.51|0.59|0.03|-0.21|-0.39|-0.06|0.01|0.01|0.00|0.92|0.57|0.42|-0.76|-0.35|1.16|-0.31|-0.75|-0.30|0.85|-0.36|0.15
0.89|-0.21|0.24|-0.25|0.39|-0.90|0.23|0.09|-0.21|-0.05|-0.38|-0.51|0.01|-0.00|-0.00|0.32|-0.49|0.49|-0.25|-1.01|0.60|0.21|-0.30|0.24|-0.37|0.47|0.67
0.11|-0.44|-0.46|0.63|0.24|0.58|0.82|-0.15|-0.02|-0.78|0.73|-1.08|0.02|0.01|0.00|0.23|-0.29|0.24|0.88|0.30|-0.12|-0.09|0.66|-0.27|0.07|1.25|-0.14
0.78|0.26|0.55|-0.19|0.74|-0.28|0.72|0.27|-0.51|0.28|-0.49|0.64|0.02|-0.00|0.00|-0.12|0.13|0.11|0.74|-0.58|-0.56|-0.18|-0.61|0.60|-0.58|0.95|0.61
-0.11|0.62|1.21|0.52|0.38|-0.97|-0.66|0.05|-0.47|-0.23|0.42|-0.09|-0.01|0.01|-0.00|-0.22|-0.39|0.06|-0.29|-1.44|-0.80|-0.17|0.28|-0.16|-0.13|-0.09|-0.42
------ Dim separator ------
0.31|-0.41|-0.60|1.12|0.07|-0.13|-0.04|-0.70|-0.89|-0.30|0.28|0.25|-0.00|-0.01|-0.00|-0.25|-0.13|-0.57|-0.57|0.42|0.00|0.04|0.27|-0.09|-1.54|-0.07|-0.55
0.35|0.12|-0.23|-0.76|-0.22|-0.45|0.23|-0.02|0.49|-0.24|0.44|-0.48|-0.00|-0.01|0.01|0.84|0.64|0.16|-0.06|-0.34|-0.02|0.06|0.06|0.67|0.20|-0.55|-0.66
-0.06|0.34|0.47|0.94|0.18|0.25|-0.02|0.01|-0.14|-0.06|0.07|0.14|0.00|0.01|0.01|0.13|-0.43|0.58|0.22|-0.54|1.14|-0.32|0.74|0.94|0.32|-0.64|0.20
-1.61|0.86|0.37|-0.04|-0.45|0.87|0.60|0.09|0.21|0.51|-0.64|0.48|-0.00|0.00|0.01|0.25|-0.64|-0.29|-0.62|-0.95|-0.73|-0.19|-0.13|0.57|0.52|-0.14|-0.07
0.23|-0.46|0.54|-1.36|1.53|0.46|0.11|-1.23|-0.03|0.82|0.13|-1.10|-0.00|0.01|-0.00|-0.43|-0.85|0.21|-0.49|-0.19|0.59|0.32|-0.80|0.32|-0.10|1.04|-0.01
------ Dim separator ------
0.59|-0.47|-0.88|-1.44|0.79|0.44|0.16|-0.43|-0.36|0.09|0.05|0.28|-0.00|-0.00|0.00|-0.64|-0.65|-0.90|-1.43|0.22|-0.08|-0.21|1.30|-1.09|0.36|0.48|-0.12
-0.02|0.17|-0.21|0.60|-0.51|-0.27|-0.15|-0.33|-0.46|0.32|-0.51|-0.21|-0.00|-0.01|0.00|0.14|0.23|0.12|-0.05|-0.34|0.48|-0.22|0.40|0.24|-0.15|1.22|-0.17
0.42|0.21|-0.62|0.94|0.31|0.15|0.42|0.28|0.38|-0.43|0.34|-0.01|0.01|-0.01|-0.01|0.57|0.20|0.05|0.86|0.60|-0.60|0.42|0.16|0.97|0.35|-0.60|-0.25
0.94|-0.14|0.39|-0.41|0.38|-0.22|0.85|-0.36|0.35|-0.11|-0.36|0.07|0.00|0.01|0.00|0.79|-0.32|0.21|0.58|0.01|0.22|-0.25|-0.45|-0.20|0.08|0.01|-0.28
1.15|-0.22|-0.98|-1.43|-0.00|0.75|-0.31|0.53|0.07|-0.96|1.01|0.28|0.01|0.01|0.00|0.81|0.02|-0.09|-0.96|0.28|0.53|-0.91|0.30|0.35|1.31|-0.07|0.54
------ Dim separator ------
-0.36|1.18|0.48|0.64|0.67|-1.15|0.76|0.96|-0.57|-0.34|0.34|0.24|-0.00|-0.01|0.00|-0.06|0.42|0.20|-0.41|-0.47|-0.04|-0.56|0.03|-1.31|0.88|-0.22|0.25
-0.77|-0.26|-0.92|0.07|-0.03|-0.19|0.75|0.30|0.09|0.50|-0.99|-0.78|0.01|0.01|-0.01|-0.01|0.41|0.52|0.13|-0.20|-0.71|-0.47|-0.75|-0.62|-0.08|0.49|0.19
0.61|0.14|-0.16|0.79|-0.41|-0.20|-0.09|-0.34|-0.74|-0.15|0.95|0.22|1.01|0.00|0.01|0.00|1.00|-0.00|0.01|0.21|-0.60|0.18|0.58|-0.09|1.17|-0.33|0.49
0.70|0.65|-0.09|0.23|-0.34|0.00|-0.11|-0.28|-0.83|0.28|-0.21|0.27|-0.01|0.00|0.00|0.42|0.11|0.12|0.95|0.24|0.41|-0.43|-0.26|0.76|-1.26|0.14|1.25
0.56|0.36|0.40|-0.27|-0.08|-0.25|0.32|-0.88|0.28|-0.34|-0.72|1.01|-0.00|0.00|0.00|-0.89|-1.07|-0.57|-0.31|-0.18|0.13|0.31|-0.60|-0.19|0.56|0.45|-0.77
