------ Dim separator ------
0.49|0.18|0.26|-0.30|-0.14|-0.14|-0.81|-0.43|-0.33|-0.33|-0.10|0.26|-0.01|0.01|0.00|0.35|-0.33|0.65|-0.38|0.65|-0.87|0.18|-0.17|0.85|1.04|0.14|-0.98
0.32|0.63|-0.10|0.11|-0.01|-0.12|0.33|-0.24|0.38|-0.59|-1.02|-0.83|-0.01|-0.01|-0.01|0.17|-0.54|0.97|0.66|0.45|0.79|-0.37|-0.19|0.69|0.43|0.22|-0.14
0.83|-0.59|-0.21|0.75|0.07|-0.17|-0.19|0.10|0.23|0.14|0.04|0.13|0.01|0.00|-0.00|-0.31|-0.28|-0.16|0.82|0.77|0.10|-0.67|0.03|0.43|-0.30|-1.05|-0.14
-0.25|0.78|0.91|-0.30|0.50|0.22|0.37|-0.01|0.04|-0.40|-0.25|1.11|-0.00|0.00|0.00|-0.55|0.02|-0.07|-0.28|0.21|-0.06|0.24|0.26|-0.43|-1.18|0.94|1.28
0.15|-0.22|-0.46|-0.30|0.91|0.45|-0.11|-0.39|0.26|-0.73|0.41|0.59|0.00|0.01|-0.00|0.54|-0.10|0.48|-0.02|-0.21|-0.77|0.46|0.29|-0.98|0.67|0.56|-0.30
------ Dim separator ------
0.81|0.08|0.14|0.65|0.13|-0.24|0.41|0.53|0.15|-0.15|-0.20|-0.10|-0.01|-0.01|-0.00|0.88|0.42|0.37|-0.79|-0.23|0.90|-0.13|-0.51|-0.43|0.57|0.14|0.47
0.91|-0.37|0.13|-0.20|-0.00|-0.71|0.31|-0.35|-0.40|-0.00|-0.34|-0.24|-0.00|-0.00|-0.01|0.04|-0.47|0.74|-0.28|-0.92|0.77|-0.05|-0.51|0.30|-0.44|0.03|0.69
0.45|-0.36|-0.39|0.83|-0.02|0.48|0.45|-0.19|-0.01|-0.62|0.67|-0.96|0.01|0.00|-0.00|0.16|-0.10|-0.28|0.59|0.05|-0.02|-0.15|0.94|-0.27|0.10|1.10|-0.03
0.75|0.25|0.40|0.00|1.07|-0.08|0.64|0.61|-0.16|0.12|-0.61|0.57|0.04|-0.01|-0.00|0.09|0.05|-0.19|0.95|-0.29|-0.32|-0.03|-0.47|0.61|-0.44|1.05|0.93
-0.05|0.38|1.23|0.46|0.61|-0.88|-0.40|-0.05|-0.23|-0.28|0.08|-0.41|-0.01|0.01|0.00|-0.29|-0.04|-0.07|-0.56|-1.52|-0.86|-0.20|0.35|0.02|0.01|0.24|-0.50
------ Dim separator ------
0.43|-0.64|-0.98|0.80|0.13|0.10|0.07|-0.63|-0.67|0.10|0.43|-0.05|-0.01|-0.01|0.00|-0.10|-0.32|-0.63|-0.41|0.59|-0.18|0.23|0.17|-0.65|-1.33|-0.00|-0.24
0.51|0.00|-0.34|-0.43|-0.19|-0.22|0.38|0.01|0.59|-0.08|0.51|-0.27|-0.01|0.02|0.01|0.92|0.57|0.17|-0.39|-0.19|-0.02|-0.11|-0.07|0.19|0.30|-0.39|-0.70
-0.16|0.35|0.61|1.02|0.36|0.39|0.20|0.21|-0.10|-0.31|-0.04|0.03|-0.00|0.02|0.00|0.50|-0.16|0.65|0.41|-0.61|1.14|-0.64|1.03|0.78|0.14|-0.35|0.51
-1.42|0.70|0.32|0.23|-0.56|0.70|0.54|0.19|0.17|0.31|-0.63|0.56|0.01|-0.01|0.01|0.46|-0.81|-0.37|-0.42|-0.85|-0.71|-0.26|-0.16|-0.01|0.65|-0.23|-0.10
0.22|-0.15|0.35|-1.17|1.02|0.33|-0.30|-1.16|-0.04|1.00|0.22|-0.66|0.01|-0.00|-0.00|-0.29|-0.91|0.28|-0.31|0.06|0.45|0.09|-0.83|0.30|0.09|0.89|0.34
------ Dim separator ------
0.04|-0.29|-0.40|-1.43|0.66|0.42|0.01|-0.05|-0.02|0.26|-0.22|0.21|-0.01|0.01|0.01|-0.40|-0.38|-0.72|-1.38|0.50|-0.30|-0.17|1.14|-1.02|0.21|0.57|0.09
0.02|0.37|-0.01|0.42|-0.41|-0.60|0.05|-0.03|-0.66|0.27|-0.29|0.00|-0.00|0.01|0.00|-0.18|0.25|0.23|-0.07|-0.22|0.59|-0.05|0.22|-0.03|0.00|1.31|0.12
0.67|-0.05|-0.42|0.78|0.55|-0.18|0.36|0.40|-0.08|-0.17|-0.02|0.16|0.03|0.01|-0.00|0.19|0.23|0.19|0.89|0.73|-0.81|0.27|0.05|0.81|0.28|-0.49|0.05
0.99|0.35|-0.10|-0.25|0.45|-0.25|0.66|-0.39|0.33|-0.55|-0.30|-0.12|0.00|0.00|-0.01|1.04|-0.37|0.08|0.66|-0.19|-0.13|-0.23|-0.40|-0.45|-0.23|-0.34|-0.25
1.18|-0.13|-1.27|-1.27|-0.13|0.81|-0.54|0.53|0.03|-0.81|1.00|0.45|0.01|-0.00|-0.01|0.67|-0.06|-0.12|-1.03|0.36|0.26|-0.67|0.03|0.29|1.29|-0.20|0.38
------ Dim separator ------
-0.71|0.69|0.23|0.43|0.45|-1.15|1.08|0.60|-0.46|-0.30|0.35|0.05|0.01|-0.00|-0.00|-0.64|0.26|-0.09|-0.49|-0.61|-0.20|-0.44|-0.14|-1.31|0.70|-0.20|0.28
-0.76|-0.25|-1.12|0.16|0.08|-0.27|0.61|-0.06|-0.05|0.64|-0.81|-0.77|0.00|0.01|0.00|0.07|0.44|0.35|-0.04|-0.41|-0.81|-0.45|-0.54|-0.36|-0.12|0.18|-0.21
0.47|0.13|-0.28|0.71|-0.32|-0.06|-0.19|-0.26|-0.58|-0.11|1.08|0.07|0.00|0.00|0.01|0.04|0.22|0.13|0.72|-0.16|-0.45|0.35|0.91|0.08|1.15|-0.08|0.20
0.87|0.71|0.00|0.33|-0.01|0.25|-0.56|-0.20|-0.86|0.35|0.00|0.07|0.99|-0.00|-0.01|-0.00|0.01|-0.01|1.00|0.54|-0.05|-0.18|-0.36|0.69|-1.40|0.28|1.17
0.75|0.10|0.28|-0.40|-0.27|-0.44|0.38|-0.81|0.43|-0.42|-0.79|0.98|-0.01|-0.00|0.01|-0.83|-0.88|-0.71|-0.26|-0.04|0.31|0.08|-0.71|-0.19|0.69|0.09|-0.69
