------ Dim separator ------
0.65|-0.19|0.13|-0.51|-0.22|-0.20|-0.92|-0.26|-0.06|-0.22|-0.04|0.03|0.01|-0.00|-0.00|0.42|-0.42|0.34|-0.53|0.73|-1.00|0.12|-0.17|0.61|0.89|0.10|-0.97
0.01|0.61|-0.39|0.40|-0.07|-0.05|0.05|-0.34|0.30|-0.71|-1.11|-1.11|0.01|-0.00|-0.00|0.15|-0.56|0.85|0.63|0.65|0.89|-0.62|-0.09|0.69|0.39|0.48|-0.12
0.75|-0.37|-0.16|0.74|-0.20|-0.18|-0.30|0.21|-0.03|-0.19|-0.06|0.15|0.99|-0.01|0.00|-0.00|0.00|0.01|0.99|0.78|0.09|-0.77|-0.18|0.52|0.06|-0.97|-0.05
0.15|0.81|0.47|-0.19|0.36|0.48|0.44|0.01|-0.01|-0.53|-0.49|1.06|0.01|-0.00|0.00|-0.73|0.07|-0.01|-0.39|0.20|-0.11|0.24|0.25|-0.32|-1.08|0.96|1.37
0.08|-0.12|-0.41|-0.22|0.87|0.45|-0.06|-0.24|0.31|-0.47|0.59|0.44|0.01|0.00|-0.00|0.55|0.02|0.45|-0.16|-0.34|-0.62|0.39|0.29|-1.03|1.18|0.47|-0.14
------ Dim separator ------
0.92|0.03|0.33|0.81|0.49|0.09|0.62|0.49|0.17|0.13|-0.03|-0.13|0.00|-0.00|-0.01|0.87|0.23|0.30|-0.85|-0.21|0.80|0.18|-0.56|-0.38|0.75|0.09|0.54
0.80|-0.10|0.10|-0.45|-0.07|-0.70|-0.08|-0.49|-0.14|-0.02|-0.37|-0.22|0.01|0.00|-0.00|-0.20|-0.44|0.86|-0.26|-0.95|0.62|0.17|-0.60|0.45|-0.54|0.10|0.57
0.19|-0.64|-0.31|0.83|0.02|0.42|0.45|-0.19|-0.40|-0.80|0.69|-1.18|0.00|-0.01|0.00|0.12|-0.32|-0.15|0.92|0.14|0.01|-0.07|0.99|0.00|-0.04|1.04|0.00
0.67|0.37|0.61|0.07|0.87|-0.33|0.67|0.58|-0.03|0.27|-0.26|0.48|1.01|-0.01|-0.01|-0.00|-0.01|0.00|1.00|-0.26|-0.39|-0.09|-0.39|0.52|-0.56|1.25|0.81
-0.36|0.56|1.48|0.50|0.65|-0.68|-0.41|-0.02|-0.40|-0.32|0.18|-0.56|0.00|-0.02|0.00|-0.46|-0.25|0.02|-0.40|-1.81|-0.67|-0.10|0.36|-0.04|-0.20|0.05|-0.29
------ Dim separator ------
0.56|-0.82|-0.98|0.91|0.03|0.02|0.17|-0.68|-0.63|0.22|0.66|0.18|0.00|-0.00|0.00|-0.23|-0.21|-0.61|-0.17|0.45|-0.12|0.12|0.45|-0.27|-1.34|-0.09|-0.18
0.44|-0.21|-0.26|-0.34|-0.02|-0.32|0.31|-0.11|0.58|-0.15|0.37|-0.47|-0.01|-0.00|-0.00|1.04|0.60|0.17|-0.22|-0.59|-0.02|-0.28|-0.14|0.33|0.31|-0.43|-0.69
-0.29|0.37|0.87|0.72|0.18|0.29|-0.14|0.09|-0.23|-0.25|-0.17|0.20|0.00|-0.01|-0.00|0.68|-0.31|0.68|0.34|-0.20|1.09|-0.39|0.88|0.69|0.38|-0.32|0.24
-1.51|0.84|0.55|0.25|-0.52|0.95|0.86|0.03|0.39|0.57|-0.62|0.57|0.01|0.01|-0.01|0.21|-0.64|-0.22|-0.27|-0.97|-0.70|-0.56|0.06|-0.20|0.66|-0.16|-0.13
0.04|-0.40|0.30|-1.35|1.20|0.41|-0.29|-1.06|0.05|0.78|0.18|-0.65|0.00|0.00|-0.00|-0.52|-0.64|0.10|-0.31|0.05|0.54|0.29|-0.95|0.49|0.18|0.92|0.42
------ Dim separator ------
0.14|-0.11|-0.45|-1.24|0.70|0.52|0.06|-0.33|-0.00|0.13|-0.37|0.09|0.00|-0.01|-0.00|-0.43|-0.37|-0.88|-1.48|0.38|-0.11|-0.18|1.19|-1.00|0.04|0.67|0.03
-0.07|0.25|-0.15|0.43|-0.40|-0.58|-0.06|0.01|-0.27|0.39|-0.21|-0.03|0.01|0.00|-0.00|-0.11|0.28|0.15|-0.28|-0.27|0.76|-0.27|0.58|0.02|-0.03|1.02|-0.09
0.57|0.16|-0.38|0.78|0.38|0.05|0.39|0.46|-0.12|-0.17|0.26|0.33|1.02|0.00|0.00|-0.01|-0.01|0.00|1.00|0.96|-0.84|0.33|0.27|0.82|0.39|-0.54|-0.08
1.14|-0.10|-0.17|-0.24|0.58|-0.12|0.84|-0.41|0.12|-0.31|-0.38|0.13|0.00|0.01|0.00|0.72|-0.09|0.23|0.64|-0.03|-0.06|-0.57|-0.50|-0.29|-0.04|0.05|-0.32
1.35|-0.30|-1.28|-1.12|-0.06|0.85|-0.53|0.81|0.22|-0.75|1.42|0.44|-0.01|-0.00|0.00|1.01|-0.29|-0.61|-1.23|0.20|0.52|-0.81|0.22|0.05|1.44|0.14|0.55
------ Dim separator ------
-0.52|1.23|0.32|0.25|0.31|-1.30|0.91|0.68|-0.39|-0.53|0.51|0.04|-0.00|-0.01|0.00|-0.32|0.51|0.22|-0.24|-0.70|-0.14|-0.49|-0.04|-1.37|0.84|-0.20|0.24
-0.86|-0.11|-1.32|-0.02|-0.05|0.01|0.91|0.20|0.32|0.49|-0.77|-0.57|-0.01|-0.00|0.00|0.02|0.15|0.84|0.20|-0.40|-0.78|-0.41|-0.69|-0.59|-0.07|0.22|-0.05
0.45|0.28|-0.21|0.70|-0.50|-0.15|-0.24|-0.22|-0.62|-0.14|1.46|0.23|1.01|0.01|0.00|0.00|-0.01|-0.01|1.01|-0.04|-0.52|0.46|0.91|0.06|1.32|-0.07|0.14
0.75|0.73|0.22|0.01|-0.15|0.04|-0.28|-0.05|-0.98|0.24|-0.08|0.11|0.01|0.01|0.01|0.15|-0.02|-0.11|1.19|0.19|0.08|-0.14|-0.25|0.82|-1.45|0.35|1.37
0.70|0.23|0.61|-0.21|-0.01|-0.44|0.36|-0.85|0.09|-0.60|-0.69|0.96|0.00|0.01|-0.01|-0.69|-0.87|-0.86|-0.13|-0.12|0.27|0.37|-0.75|-0.10|0.69|0.14|-0.57
