------ Dim separator ------
0.47|-0.46|0.22|-0.62|-0.15|-0.02|-0.68|-0.26|-0.39|-0.61|-0.06|-0.10|-0.00|0.00|0.00|0.25|-0.51|0.54|-0.41|0.50|-0.93|0.22|-0.19|0.64|1.15|-0.00|-0.77
0.08|0.70|-0.18|0.36|-0.10|-0.21|0.23|-0.52|0.16|-0.97|-0.98|-1.07|0.01|0.00|0.00|0.24|-0.48|1.19|0.48|0.65|0.96|-0.67|0.36|0.24|0.39|0.11|-0.19
0.84|-0.47|-0.43|0.67|-0.16|-0.60|-0.27|0.36|-0.02|0.06|0.00|0.35|0.00|0.00|-0.00|-0.27|0.17|-0.29|0.86|1.03|0.09|-0.50|0.13|0.39|-0.08|-0.94|-0.25
0.06|0.71|1.03|-0.18|0.65|0.18|0.05|-0.26|0.26|-0.46|-0.32|1.22|0.00|0.00|-0.00|-0.71|0.08|-0.04|-0.28|0.11|0.14|-0.23|0.04|-0.26|-0.84|0.59|1.42
0.25|-0.55|-0.38|-0.13|0.66|0.48|-0.07|-0.32|0.47|-0.75|0.51|0.61|0.01|-0.01|0.00|0.87|0.03|0.49|-0.32|-0.10|-0.68|0.46|0.26|-1.00|0.80|0.51|-0.40
------ Dim separator ------
1.02|0.05|0.31|0.62|0.23|-0.09|0.50|0.58|0.04|-0.21|-0.40|-0.04|0.01|0.00|0.00|0.91|0.56|0.42|-0.76|-0.36|1.16|-0.31|-0.75|-0.30|0.85|-0.36|0.15
0.88|-0.21|0.24|-0.25|0.38|-0.89|0.24|0.10|-0.22|-0.04|-0.37|-0.50|0.00|-0.00|0.01|0.32|-0.50|0.49|-0.26|-1.00|0.60|0.22|-0.31|0.24|-0.38|0.47|0.68
0.11|-0.43|-0.46|0.63|0.24|0.58|0.83|-0.14|-0.03|-0.78|0.73|-1.07|0.01|0.01|0.00|0.24|-0.29|0.24|0.89|0.29|-0.13|-0.09|0.66|-0.27|0.07|1.26|-0.14
0.79|0.27|0.55|-0.19|0.73|-0.29|0.72|0.26|-0.51|0.28|-0.49|0.64|0.02|0.00|-0.01|-0.12|0.14|0.12|0.75|-0.58|-0.56|-0.18|-0.62|0.60|-0.57|0.94|0.61
-0.12|0.62|1.21|0.52|0.38|-0.97|-0.66|0.05|-0.48|-0.23|0.42|-0.10|-0.01|-0.00|0.00|-0.22|-0.39|0.05|-0.29|-1.44|-0.79|-0.17|0.28|-0.16|-0.12|-0.11|-0.42
------ Dim separator ------
0.32|-0.41|-0.60|1.12|0.07|-0.13|-0.03|-0.70|-0.89|-0.30|0.29|0.25|-0.00|-0.01|-0.01|-0.25|-0.13|-0.56|-0.57|0.41|0.01|0.05|0.27|-0.08|-1.53|-0.07|-0.55
0.35|0.13|-0.23|-0.75|-0.23|-0.45|0.23|-0.01|0.49|-0.25|0.44|-0.49|-0.01|-0.00|0.00|0.83|0.64|0.17|-0.06|-0.34|-0.02|0.05|0.06|0.67|0.19|-0.56|-0.66
-0.07|0.33|0.47|0.94|0.19|0.25|-0.01|0.00|-0.14|-0.07|0.08|0.15|0.01|0.01|0.01|0.12|-0.43|0.57|0.22|-0.54|1.13|-0.33|0.73|0.94|0.32|-0.64|0.20
-1.61|0.86|0.37|-0.05|-0.45|0.88|0.61|0.09|0.21|0.52|-0.64|0.47|-0.00|-0.00|-0.00|0.25|-0.64|-0.29|-0.62|-0.96|-0.72|-0.19|-0.14|0.58|0.52|-0.14|-0.07
0.23|-0.46|0.53|-1.37|1.54|0.46|0.12|-1.23|-0.04|0.82|0.14|-1.10|-0.00|0.00|-0.00|-0.42|-0.85|0.21|-0.49|-0.18|0.58|0.31|-0.81|0.33|-0.10|1.04|-0.02
------ Dim separator ------
0.58|-0.47|-0.89|-1.45|0.79|0.44|0.16|-0.43|-0.36|0.10|0.06|0.28|-0.00|-0.01|0.00|-0.64|-0.65|-0.90|-1.43|0.23|-0.08|-0.21|1.30|-1.10|0.37|0.48|-0.12
-0.03|0.17|-0.22|0.60|-0.51|-0.27|-0.14|-0.32|-0.45|0.32|-0.51|-0.21|0.00|-0.01|-0.01|0.14|0.23|0.12|-0.05|-0.34|0.49|-0.22|0.41|0.23|-0.15|1.22|-0.17
0.42|0.21|-0.62|0.95|0.31|0.15|0.42|0.28|0.37|-0.42|0.34|0.00|0.01|-0.00|-0.00|0.57|0.19|0.05|0.86|0.60|-0.60|0.42|0.16|0.97|0.34|-0.59|-0.24
0.94|-0.13|0.38|-0.41|0.37|-0.22|0.86|-0.36|0.35|-0.12|-0.36|0.07|0.01|0.01|0.00|0.79|-0.32|0.20|0.58|0.01|0.22|-0.25|-0.46|-0.20|0.08|0.01|-0.28
1.14|-0.22|-0.99|-1.44|-0.01|0.74|-0.32|0.53|0.07|-0.97|1.02|0.28|0.00|0.01|0.01|0.81|0.03|-0.09|-0.97|0.28|0.53|-0.92|0.29|0.35|1.32|-0.07|0.54
------ Dim separator ------
-0.36|1.18|0.47|0.64|0.67|-1.16|0.75|0.97|-0.58|-0.33|0.34|0.25|0.00|-0.02|0.00|-0.05|0.42|0.19|-0.41|-0.47|-0.03|-0.56|0.04|-1.32|0.89|-0.22|0.24
-0.77|-0.25|-0.92|0.07|-0.04|-0.19|0.77|0.29|0.10|0.50|-0.99|-0.79|0.01|0.00|-0.00|0.00|0.41|0.53|0.13|-0.20|-0.70|-0.47|-0.74|-0.63|-0.09|0.49|0.20
0.60|0.14|-0.16|0.79|-0.40|-0.19|-0.08|-0.33|-0.74|-0.16|0.94|0.22|1.01|0.01|0.01|-0.00|1.00|-0.01|0.01|0.21|-0.60|0.20|0.57|-0.09|1.18|-0.33|0.48
0.70|0.65|-0.10|0.24|-0.35|0.00|-0.10|-0.29|-0.83|0.29|-0.20|0.27|-0.01|0.00|0.01|0.41|0.12|0.13|0.96|0.24|0.41|-0.43|-0.26|0.77|-1.27|0.13|1.25
0.56|0.36|0.41|-0.28|-0.10|-0.25|0.32|-0.89|0.28|-0.34|-0.71|1.01|-0.00|0.00|-0.00|-0.90|-1.07|-0.57|-0.31|-0.17|0.13|0.31|-0.61|-0.19|0.56|0.45|-0.76
