------ Dim separator ------
0.49|0.18|0.26|-0.30|-0.15|-0.13|-0.81|-0.43|-0.33|-0.33|-0.10|0.26|-0.01|0.01|0.01|0.36|-0.33|0.65|-0.38|0.64|-0.87|0.18|-0.17|0.85|1.05|0.14|-0.98
0.32|0.63|-0.09|0.10|-0.02|-0.12|0.34|-0.25|0.37|-0.60|-1.02|-0.82|0.00|-0.01|-0.01|0.17|-0.55|0.97|0.66|0.45|0.81|-0.37|-0.19|0.70|0.44|0.23|-0.14
0.83|-0.60|-0.22|0.75|0.07|-0.18|-0.18|0.10|0.23|0.14|0.05|0.14|0.00|-0.00|-0.00|-0.31|-0.28|-0.18|0.80|0.76|0.09|-0.66|0.02|0.44|-0.29|-1.04|-0.15
-0.26|0.78|0.91|-0.30|0.51|0.21|0.36|-0.00|0.03|-0.40|-0.25|1.11|0.01|-0.00|0.00|-0.56|0.03|-0.07|-0.29|0.20|-0.06|0.24|0.26|-0.44|-1.17|0.95|1.27
0.14|-0.23|-0.46|-0.31|0.91|0.46|-0.10|-0.40|0.25|-0.73|0.42|0.59|0.01|0.01|0.00|0.55|-0.10|0.49|-0.02|-0.21|-0.77|0.46|0.29|-0.98|0.68|0.56|-0.31
------ Dim separator ------
0.82|0.08|0.14|0.64|0.12|-0.24|0.41|0.52|0.16|-0.15|-0.19|-0.08|-0.00|0.00|-0.00|0.88|0.41|0.38|-0.80|-0.24|0.89|-0.13|-0.51|-0.43|0.57|0.13|0.47
0.91|-0.37|0.13|-0.19|-0.01|-0.70|0.32|-0.34|-0.41|0.00|-0.34|-0.23|0.00|0.00|-0.00|0.03|-0.48|0.74|-0.29|-0.91|0.77|-0.04|-0.52|0.30|-0.43|0.03|0.70
0.45|-0.35|-0.40|0.84|-0.02|0.47|0.45|-0.19|-0.03|-0.61|0.67|-0.96|0.01|0.01|-0.01|0.17|-0.10|-0.29|0.60|0.05|-0.02|-0.15|0.93|-0.26|0.08|1.11|-0.03
0.75|0.27|0.40|-0.00|1.06|-0.08|0.63|0.60|-0.16|0.11|-0.62|0.56|0.04|-0.00|-0.01|0.09|0.05|-0.19|0.96|-0.28|-0.32|-0.04|-0.47|0.63|-0.42|1.05|0.94
-0.06|0.38|1.22|0.46|0.61|-0.89|-0.40|-0.06|-0.25|-0.28|0.07|-0.41|-0.01|0.01|0.01|-0.29|-0.04|-0.08|-0.56|-1.52|-0.86|-0.21|0.35|0.02|0.00|0.22|-0.50
------ Dim separator ------
0.44|-0.64|-0.99|0.80|0.13|0.11|0.08|-0.64|-0.66|0.09|0.43|-0.05|-0.01|-0.02|-0.00|-0.10|-0.32|-0.63|-0.41|0.58|-0.18|0.22|0.18|-0.65|-1.32|0.00|-0.24
0.52|-0.00|-0.35|-0.42|-0.20|-0.23|0.39|0.02|0.58|-0.08|0.51|-0.28|-0.00|0.01|0.00|0.92|0.57|0.17|-0.40|-0.19|-0.02|-0.11|-0.07|0.19|0.30|-0.39|-0.69
-0.16|0.34|0.61|1.02|0.36|0.38|0.21|0.21|-0.10|-0.31|-0.04|0.04|-0.01|0.01|0.01|0.49|-0.16|0.65|0.41|-0.61|1.13|-0.64|1.03|0.78|0.13|-0.35|0.51
-1.42|0.70|0.32|0.23|-0.55|0.70|0.54|0.20|0.18|0.31|-0.63|0.55|-0.00|-0.01|-0.00|0.47|-0.81|-0.37|-0.41|-0.87|-0.70|-0.26|-0.16|-0.01|0.64|-0.22|-0.11
0.22|-0.15|0.35|-1.17|1.03|0.33|-0.29|-1.16|-0.05|0.99|0.23|-0.66|-0.00|0.00|-0.00|-0.29|-0.91|0.28|-0.32|0.07|0.45|0.08|-0.83|0.31|0.08|0.89|0.34
------ Dim separator ------
0.04|-0.29|-0.41|-1.44|0.66|0.42|0.01|-0.05|-0.02|0.28|-0.21|0.21|-0.01|0.01|0.01|-0.40|-0.38|-0.72|-1.37|0.51|-0.30|-0.17|1.14|-1.03|0.21|0.58|0.08
0.01|0.37|-0.02|0.42|-0.41|-0.60|0.05|-0.03|-0.65|0.26|-0.28|-0.00|-0.00|0.01|-0.01|-0.18|0.24|0.23|-0.07|-0.21|0.60|-0.06|0.22|-0.03|0.00|1.31|0.12
0.67|-0.05|-0.43|0.79|0.55|-0.19|0.36|0.40|-0.08|-0.16|-0.03|0.16|0.03|0.01|0.00|0.19|0.22|0.18|0.90|0.72|-0.81|0.27|0.04|0.82|0.28|-0.49|0.06
0.98|0.36|-0.10|-0.26|0.44|-0.25|0.66|-0.40|0.33|-0.55|-0.30|-0.13|0.01|0.00|-0.01|1.05|-0.37|0.08|0.66|-0.20|-0.12|-0.23|-0.41|-0.45|-0.23|-0.34|-0.25
1.18|-0.13|-1.26|-1.27|-0.13|0.81|-0.54|0.53|0.03|-0.82|1.01|0.44|0.01|0.00|0.00|0.67|-0.06|-0.12|-1.04|0.37|0.25|-0.68|0.02|0.29|1.30|-0.20|0.37
------ Dim separator ------
-0.71|0.69|0.21|0.42|0.44|-1.16|1.08|0.60|-0.46|-0.30|0.35|0.05|0.00|-0.01|0.00|-0.63|0.26|-0.10|-0.49|-0.62|-0.20|-0.43|-0.14|-1.31|0.71|-0.20|0.28
-0.76|-0.25|-1.12|0.16|0.09|-0.26|0.63|-0.07|-0.05|0.65|-0.81|-0.78|0.00|0.01|-0.00|0.07|0.44|0.36|-0.05|-0.41|-0.81|-0.45|-0.54|-0.36|-0.13|0.18|-0.20
0.47|0.12|-0.27|0.71|-0.31|-0.06|-0.18|-0.25|-0.59|-0.12|1.08|0.07|-0.00|0.00|0.01|0.03|0.22|0.12|0.71|-0.17|-0.43|0.36|0.90|0.09|1.16|-0.09|0.19
0.87|0.71|-0.00|0.33|-0.01|0.25|-0.56|-0.19|-0.87|0.36|0.00|0.07|1.00|0.00|-0.00|-0.01|0.01|0.00|1.00|0.54|-0.05|-0.18|-0.35|0.70|-1.41|0.28|1.16
0.76|0.10|0.29|-0.40|-0.28|-0.44|0.37|-0.81|0.43|-0.42|-0.79|0.98|0.00|0.00|-0.00|-0.84|-0.88|-0.70|-0.26|-0.03|0.32|0.07|-0.73|-0.19|0.69|0.09|-0.68
