------ Dim separator ------
0.52|-0.48|-0.04|-0.49|-0.15|-0.16|-1.18|-0.46|-0.38|0.06|-0.45|0.43|-0.01|0.00|0.00|0.32|-0.71|1.03|-0.66|0.94|-0.90|0.25|-0.15|0.47|1.47|0.12|-1.11
0.13|0.85|-0.18|0.57|-0.28|-0.35|-0.13|-0.21|0.42|-0.80|-1.12|-1.14|0.01|0.01|-0.00|-0.26|-0.62|1.06|0.69|0.81|1.22|-0.56|-0.14|0.78|0.09|0.29|0.20
0.76|-0.49|-0.51|0.71|-0.04|-0.35|-0.39|-0.00|-0.40|-0.34|-0.24|0.60|-0.00|-0.01|-0.01|-0.39|-0.20|0.19|1.13|0.86|0.35|-0.69|-0.23|0.53|-0.21|-0.62|-0.24
-0.22|1.07|0.79|-0.53|0.26|0.24|0.41|0.06|0.14|-0.42|-0.73|1.39|0.01|0.01|-0.01|-0.75|-0.04|-0.20|-0.62|-0.21|-0.44|0.18|0.64|-0.29|-1.16|0.60|1.95
0.15|-0.30|-0.48|-0.32|0.99|0.53|-0.55|-0.21|0.18|-0.72|0.57|0.23|0.00|0.00|0.00|0.67|-0.55|0.77|-0.12|-0.31|-0.37|0.59|-0.03|-1.59|1.51|0.21|-0.32
------ Dim separator ------
0.94|0.22|0.83|0.63|0.46|-0.19|0.77|0.33|0.12|-0.08|-0.55|-0.47|0.00|0.00|-0.01|0.80|0.07|0.40|-1.09|-0.42|1.10|0.27|-0.87|0.01|0.72|-0.19|0.84
0.72|-0.61|0.02|-0.43|-0.04|-0.86|0.25|-0.19|-0.44|-0.28|-0.52|0.12|-0.01|0.01|0.01|-0.18|-0.62|0.81|-0.47|-0.92|0.51|0.09|-0.88|0.03|-0.27|0.16|0.96
0.20|-0.70|-0.43|0.93|-0.08|0.43|0.48|-0.57|-0.15|-0.17|0.53|-1.29|1.01|0.00|0.00|0.00|0.01|0.00|1.01|-0.02|0.02|-0.49|1.22|0.19|-0.46|0.84|0.09
0.14|0.32|0.63|0.37|1.31|0.06|0.46|0.33|-0.13|0.33|-0.27|0.62|1.02|0.01|-0.01|0.00|-0.00|0.01|1.00|-0.26|0.11|-0.27|-0.31|0.11|-0.88|1.48|1.23
-0.23|-0.02|1.42|0.75|1.05|-0.54|-0.35|0.01|-0.39|-0.25|-0.16|-0.65|0.00|-0.01|0.01|-0.71|0.15|-0.36|-0.40|-2.10|-0.45|-0.24|0.54|0.44|0.33|0.24|-0.58
------ Dim separator ------
0.43|-0.79|-1.07|1.13|0.01|-0.32|0.29|-0.71|-0.60|-0.23|0.71|0.53|-0.00|0.00|-0.01|0.21|-0.54|-0.64|-0.53|0.57|-0.27|0.28|0.39|-0.59|-1.32|-0.18|-0.43
0.43|-0.08|-0.31|-0.76|-0.14|-0.89|0.38|-0.06|0.42|-0.43|0.41|-0.68|-0.00|-0.00|0.00|1.09|0.44|0.43|-0.45|-0.23|0.07|-0.51|-0.36|0.29|-0.18|-0.74|-1.06
0.11|0.33|1.05|0.69|0.33|0.43|-0.00|0.03|-0.40|-0.28|-0.09|-0.01|-0.01|0.00|0.00|0.34|-0.19|0.88|0.06|-0.48|0.92|-0.53|0.84|0.79|0.02|-0.41|0.20
-1.50|0.90|0.67|-0.06|-0.59|1.35|0.87|0.36|0.46|0.06|-0.61|0.23|0.00|-0.01|-0.00|0.58|-0.88|-0.16|-0.37|-0.96|-1.14|-0.45|0.77|-0.03|1.02|-0.37|-0.21
0.22|-0.52|0.52|-0.90|1.10|0.42|-0.14|-1.41|-0.22|0.88|0.21|-0.50|-0.00|-0.00|-0.01|-0.35|-0.46|0.66|-0.55|0.12|0.60|0.67|-1.12|0.56|0.21|1.06|0.81
------ Dim separator ------
0.45|-0.42|-0.55|-1.69|1.00|0.14|0.20|-0.13|0.24|0.52|-0.14|0.42|0.01|-0.00|-0.01|-0.53|-0.39|-0.50|-1.75|0.66|-0.02|-0.16|0.87|-0.82|0.40|0.61|-0.26
-0.17|-0.16|-0.54|0.36|-0.19|-0.97|-0.05|-0.30|-0.16|0.34|0.11|-0.19|-0.01|-0.00|-0.01|-0.08|0.59|0.28|-0.16|-0.57|0.63|-0.37|0.32|0.16|-0.13|1.07|0.28
0.26|-0.06|-0.25|0.75|0.54|0.26|0.26|0.17|-0.09|-0.12|0.11|0.33|1.02|-0.00|0.01|0.00|-0.01|-0.00|1.00|0.64|-1.01|0.40|0.33|0.94|0.43|-0.27|-0.20
1.35|0.22|-0.37|-0.23|0.53|-0.11|0.66|-0.60|0.43|-0.43|-0.50|0.44|0.01|0.01|-0.00|1.00|-0.13|0.01|0.84|-0.09|-0.15|-0.73|-0.32|-0.31|-0.38|0.25|-0.41
1.39|-0.65|-1.53|-0.93|-0.23|0.70|-0.18|0.69|0.23|-0.68|1.11|0.04|-0.01|0.00|0.00|0.72|-0.62|-0.47|-1.60|0.29|0.32|-1.20|0.24|0.13|1.54|-0.30|0.57
------ Dim separator ------
-0.21|1.11|0.24|0.59|0.28|-1.31|1.07|0.61|-0.45|-0.71|0.24|0.04|0.00|0.00|-0.00|-0.14|0.15|-0.03|-0.29|-0.59|0.16|0.03|-0.45|-1.55|0.93|-0.41|0.35
-0.76|-0.15|-1.41|-0.34|0.21|0.14|0.96|0.05|0.23|0.85|-0.89|-1.01|-0.00|0.01|0.00|0.51|0.10|0.64|0.01|-0.53|-0.89|-0.58|-0.55|-0.87|-0.41|-0.23|0.03
0.60|0.22|-0.17|0.77|-0.49|-0.03|-0.25|-0.33|-0.76|-0.14|1.54|0.46|1.02|0.00|0.00|-0.01|0.01|-0.01|1.00|-0.08|-0.14|0.71|1.01|-0.12|1.08|-0.09|-0.11
0.25|0.69|0.48|0.05|0.42|-0.07|-0.56|-0.20|-1.43|0.33|-0.05|0.07|1.00|0.01|-0.00|0.00|0.00|-0.01|1.01|0.41|0.04|-0.20|-0.18|1.21|-1.31|0.22|1.57
1.12|0.50|0.31|-0.66|0.09|-0.36|0.07|-1.35|-0.03|-0.59|-0.82|0.93|0.01|-0.00|0.00|-0.98|-0.95|-0.50|0.21|-0.61|0.52|0.35|-0.75|-0.00|0.64|0.36|-0.71
