------ Dim separator ------
0.30|-0.15|0.24|-0.49|-0.18|-0.09|-0.82|-0.17|-0.49|-0.31|-0.26|-0.02|0.01|0.00|-0.00|0.25|-0.42|0.95|-0.45|0.65|-1.09|0.50|-0.03|0.71|1.16|0.21|-1.05
0.14|0.73|-0.12|0.18|-0.17|-0.07|0.28|-0.46|0.23|-0.84|-1.09|-0.98|-0.00|0.01|0.01|0.13|-0.48|1.14|0.59|0.63|0.96|-0.51|0.25|0.48|0.44|0.11|-0.26
0.86|-0.68|-0.30|0.68|0.05|-0.25|-0.22|0.15|0.00|0.05|0.06|0.27|-0.01|-0.01|0.00|-0.53|-0.21|-0.17|0.81|0.96|0.11|-0.62|0.07|0.46|-0.24|-0.97|-0.36
-0.09|0.89|0.93|-0.33|0.49|0.02|0.41|-0.18|0.00|-0.53|-0.37|1.19|-0.00|0.00|-0.00|-0.39|0.19|0.01|-0.42|0.11|-0.11|0.08|0.24|-0.29|-1.07|0.61|1.66
0.24|-0.45|-0.56|-0.28|0.74|0.34|-0.09|-0.24|0.14|-0.65|0.41|0.46|0.01|-0.00|-0.00|0.70|-0.16|0.54|-0.11|-0.24|-0.64|0.40|-0.01|-1.11|0.89|0.44|-0.37
------ Dim separator ------
0.76|0.14|0.30|0.65|0.24|-0.17|0.56|0.38|-0.07|-0.23|-0.38|-0.13|0.01|-0.00|0.00|0.78|0.34|0.27|-0.83|-0.23|1.15|-0.23|-0.68|-0.45|0.61|-0.02|0.28
0.95|-0.31|0.19|-0.35|0.20|-0.77|0.37|-0.14|-0.31|-0.14|-0.28|-0.17|0.00|0.01|0.00|0.22|-0.46|0.73|-0.39|-0.99|0.79|0.03|-0.62|0.26|-0.43|0.20|0.73
0.32|-0.53|-0.34|0.82|0.14|0.45|0.57|-0.20|-0.06|-0.46|0.62|-1.01|0.03|0.01|0.01|0.30|-0.11|-0.08|0.82|0.08|-0.07|-0.20|0.77|-0.34|-0.16|0.98|-0.10
0.70|0.40|0.44|-0.06|1.17|-0.23|0.73|0.61|-0.26|0.19|-0.50|0.56|0.01|-0.00|0.01|0.07|0.16|-0.15|0.99|-0.46|-0.34|-0.12|-0.53|0.63|-0.60|1.04|0.94
-0.14|0.33|1.30|0.55|0.54|-0.90|-0.41|-0.05|-0.46|-0.30|0.33|-0.31|-0.01|-0.01|-0.00|-0.33|-0.16|0.09|-0.34|-1.42|-0.62|-0.07|0.35|0.12|0.04|0.14|-0.44
------ Dim separator ------
0.38|-0.65|-0.93|0.97|0.08|0.09|0.05|-0.74|-0.89|-0.16|0.46|0.20|0.00|-0.01|0.01|-0.08|-0.39|-0.48|-0.51|0.65|-0.08|0.26|0.16|-0.54|-1.41|-0.07|-0.43
0.46|0.14|-0.30|-0.58|-0.15|-0.22|0.37|-0.02|0.59|-0.23|0.53|-0.64|-0.00|0.01|-0.00|0.90|0.62|0.28|-0.26|-0.23|0.04|-0.08|-0.08|0.37|0.16|-0.47|-0.79
-0.06|0.26|0.58|0.93|0.21|0.51|-0.09|0.32|-0.12|-0.24|-0.01|0.15|0.01|-0.01|-0.01|0.36|-0.36|0.81|0.39|-0.67|1.08|-0.54|1.00|0.80|0.19|-0.51|0.36
-1.51|0.68|0.35|0.07|-0.60|0.80|0.65|0.08|0.22|0.37|-0.39|0.31|-0.01|0.00|0.00|0.29|-0.87|-0.28|-0.67|-1.13|-0.98|-0.22|-0.16|0.32|0.50|-0.10|-0.35
0.28|-0.34|0.49|-1.17|1.11|0.53|-0.08|-1.17|-0.05|0.98|0.05|-0.92|0.00|0.00|-0.01|-0.31|-0.72|0.28|-0.19|0.05|0.56|0.41|-0.78|0.29|0.06|0.98|0.43
------ Dim separator ------
0.33|-0.33|-0.34|-1.61|0.88|0.41|0.18|-0.18|-0.12|0.38|-0.07|0.18|0.00|-0.01|-0.01|-0.57|-0.41|-0.79|-1.46|0.53|-0.32|-0.10|1.24|-0.84|0.44|0.53|-0.17
-0.08|0.19|-0.26|0.51|-0.48|-0.57|-0.01|-0.17|-0.61|0.37|-0.41|-0.03|0.01|-0.00|-0.00|-0.05|0.31|0.30|-0.13|-0.24|0.58|-0.18|0.28|0.06|-0.09|1.21|0.21
0.51|0.13|-0.58|0.86|0.55|0.08|0.21|0.16|0.07|-0.28|0.08|0.09|0.02|-0.00|-0.00|0.07|0.22|0.02|0.91|0.62|-0.60|0.23|0.13|0.67|0.28|-0.42|-0.11
1.17|0.23|0.02|-0.26|0.28|-0.05|0.67|-0.29|0.22|-0.37|-0.20|0.05|-0.00|0.00|0.00|0.96|-0.33|-0.14|0.65|-0.15|-0.14|-0.17|-0.45|-0.33|-0.45|-0.05|-0.34
1.18|-0.26|-1.06|-1.33|-0.14|0.83|-0.37|0.54|0.03|-0.73|1.25|0.32|-0.00|0.01|0.01|0.86|-0.07|-0.13|-0.99|0.18|0.47|-0.95|0.29|0.28|1.39|-0.23|0.41
------ Dim separator ------
-0.72|0.99|0.17|0.49|0.36|-1.02|0.99|0.77|-0.60|-0.43|0.47|0.14|0.00|-0.01|-0.00|-0.29|0.20|-0.10|-0.43|-0.65|-0.15|-0.32|0.01|-1.42|0.75|-0.24|0.26
-0.66|-0.37|-1.17|0.07|0.30|-0.15|0.89|0.06|0.02|0.49|-0.77|-0.82|-0.01|-0.01|0.00|0.02|0.38|0.34|-0.11|-0.46|-0.77|-0.54|-0.75|-0.58|-0.28|0.27|0.05
0.53|0.13|-0.29|0.80|-0.49|-0.22|-0.09|-0.32|-0.73|-0.29|1.28|0.20|0.01|0.01|-0.00|-0.06|0.26|0.16|0.69|-0.07|-0.48|0.47|0.77|-0.03|1.25|-0.27|0.13
0.71|0.73|-0.01|0.30|-0.18|0.18|-0.40|-0.19|-0.90|0.20|-0.09|0.10|0.02|0.01|0.01|0.09|-0.01|0.05|0.97|0.39|0.19|-0.33|-0.19|0.86|-1.36|-0.00|1.18
0.74|0.25|0.36|-0.45|-0.20|-0.35|0.26|-1.15|0.29|-0.26|-0.79|1.00|0.00|0.00|0.00|-1.00|-0.89|-0.65|-0.16|-0.09|0.33|0.12|-0.69|-0.08|0.47|0.23|-0.68
