------ Dim separator ------
0.30|-0.13|0.25|-0.49|-0.18|-0.09|-0.81|-0.18|-0.49|-0.32|-0.24|-0.03|0.01|0.00|-0.00|0.26|-0.42|0.93|-0.44|0.65|-1.08|0.50|-0.04|0.72|1.15|0.20|-1.05
0.14|0.72|-0.12|0.17|-0.18|-0.06|0.29|-0.46|0.24|-0.83|-1.08|-0.98|-0.00|0.01|-0.00|0.13|-0.48|1.14|0.59|0.62|0.95|-0.50|0.26|0.47|0.43|0.12|-0.27
0.85|-0.68|-0.31|0.68|0.05|-0.25|-0.21|0.15|0.02|0.06|0.06|0.27|-0.00|-0.00|0.00|-0.53|-0.21|-0.17|0.81|0.96|0.10|-0.61|0.07|0.46|-0.24|-0.97|-0.36
-0.10|0.88|0.92|-0.32|0.50|0.03|0.40|-0.17|0.00|-0.52|-0.36|1.18|-0.00|0.00|-0.00|-0.39|0.19|0.01|-0.42|0.12|-0.11|0.08|0.23|-0.29|-1.07|0.62|1.65
0.25|-0.45|-0.56|-0.27|0.74|0.34|-0.08|-0.25|0.13|-0.65|0.41|0.47|-0.00|-0.00|-0.01|0.70|-0.15|0.53|-0.10|-0.24|-0.65|0.40|-0.01|-1.10|0.88|0.45|-0.38
------ Dim separator ------
0.76|0.13|0.29|0.65|0.23|-0.17|0.54|0.39|-0.07|-0.23|-0.38|-0.12|0.00|0.00|-0.00|0.79|0.36|0.27|-0.82|-0.23|1.13|-0.23|-0.67|-0.46|0.62|-0.02|0.28
0.95|-0.32|0.19|-0.34|0.19|-0.77|0.37|-0.14|-0.31|-0.13|-0.28|-0.18|0.00|0.01|-0.00|0.22|-0.46|0.74|-0.39|-0.99|0.80|0.04|-0.61|0.27|-0.44|0.20|0.72
0.32|-0.52|-0.33|0.82|0.14|0.45|0.57|-0.19|-0.06|-0.47|0.62|-1.01|0.01|-0.01|0.01|0.30|-0.12|-0.09|0.82|0.08|-0.07|-0.18|0.77|-0.35|-0.15|0.98|-0.10
0.72|0.39|0.43|-0.07|1.16|-0.22|0.72|0.61|-0.26|0.19|-0.50|0.56|-0.01|0.00|0.01|0.07|0.16|-0.16|0.98|-0.47|-0.34|-0.12|-0.54|0.64|-0.59|1.04|0.93
-0.14|0.35|1.30|0.55|0.53|-0.90|-0.41|-0.06|-0.46|-0.30|0.33|-0.30|0.00|-0.01|-0.00|-0.33|-0.17|0.09|-0.34|-1.41|-0.63|-0.07|0.35|0.11|0.03|0.13|-0.44
------ Dim separator ------
0.37|-0.65|-0.93|0.97|0.08|0.09|0.05|-0.73|-0.89|-0.15|0.45|0.19|0.01|0.00|0.00|-0.07|-0.38|-0.48|-0.51|0.66|-0.07|0.25|0.15|-0.54|-1.41|-0.07|-0.43
0.47|0.15|-0.30|-0.57|-0.15|-0.21|0.37|-0.03|0.60|-0.22|0.53|-0.63|0.00|-0.00|-0.00|0.89|0.62|0.27|-0.26|-0.23|0.04|-0.07|-0.06|0.36|0.17|-0.47|-0.77
-0.07|0.26|0.58|0.94|0.21|0.51|-0.10|0.32|-0.11|-0.25|-0.01|0.14|0.00|-0.01|-0.01|0.37|-0.36|0.81|0.39|-0.67|1.09|-0.55|1.01|0.81|0.19|-0.51|0.37
-1.51|0.68|0.34|0.07|-0.60|0.80|0.64|0.08|0.21|0.38|-0.40|0.31|-0.00|0.01|0.00|0.29|-0.86|-0.28|-0.66|-1.12|-0.97|-0.23|-0.18|0.31|0.48|-0.10|-0.34
0.28|-0.34|0.49|-1.18|1.12|0.55|-0.08|-1.16|-0.04|0.99|0.06|-0.93|0.00|-0.00|-0.00|-0.31|-0.74|0.27|-0.18|0.04|0.55|0.40|-0.77|0.28|0.07|0.97|0.42
------ Dim separator ------
0.32|-0.34|-0.35|-1.61|0.87|0.42|0.18|-0.17|-0.13|0.38|-0.06|0.17|0.00|-0.00|-0.01|-0.57|-0.41|-0.80|-1.45|0.53|-0.33|-0.10|1.24|-0.84|0.43|0.52|-0.16
-0.07|0.19|-0.25|0.51|-0.49|-0.56|-0.01|-0.17|-0.61|0.38|-0.42|-0.03|0.00|-0.00|0.00|-0.05|0.31|0.29|-0.12|-0.23|0.58|-0.17|0.29|0.05|-0.08|1.21|0.20
0.52|0.13|-0.58|0.86|0.55|0.07|0.21|0.17|0.08|-0.28|0.07|0.09|-0.00|-0.00|-0.00|0.08|0.22|0.02|0.90|0.62|-0.59|0.22|0.13|0.68|0.28|-0.42|-0.10
1.15|0.23|0.03|-0.27|0.28|-0.06|0.68|-0.30|0.22|-0.36|-0.20|0.03|-0.01|-0.00|0.00|0.95|-0.34|-0.13|0.65|-0.14|-0.13|-0.16|-0.45|-0.33|-0.44|-0.06|-0.33
1.18|-0.25|-1.05|-1.34|-0.13|0.83|-0.36|0.53|0.02|-0.72|1.25|0.34|-0.01|-0.00|-0.00|0.86|-0.06|-0.12|-0.98|0.18|0.47|-0.94|0.29|0.28|1.39|-0.23|0.41
------ Dim separator ------
-0.72|0.98|0.17|0.49|0.37|-1.01|0.98|0.77|-0.59|-0.42|0.47|0.14|-0.00|-0.00|-0.00|-0.30|0.20|-0.10|-0.44|-0.65|-0.15|-0.34|0.01|-1.41|0.75|-0.23|0.26
-0.66|-0.37|-1.16|0.09|0.29|-0.17|0.89|0.05|0.01|0.49|-0.78|-0.81|-0.00|-0.01|0.00|0.01|0.39|0.34|-0.10|-0.46|-0.77|-0.54|-0.75|-0.57|-0.26|0.28|0.04
0.54|0.14|-0.28|0.79|-0.49|-0.21|-0.10|-0.31|-0.72|-0.29|1.27|0.18|0.00|0.00|-0.01|-0.06|0.27|0.17|0.68|-0.09|-0.49|0.47|0.78|-0.03|1.25|-0.28|0.15
0.72|0.73|-0.01|0.31|-0.20|0.18|-0.40|-0.19|-0.89|0.20|-0.09|0.10|0.01|0.01|0.00|0.09|-0.01|0.05|0.96|0.40|0.18|-0.32|-0.19|0.85|-1.37|0.00|1.18
0.74|0.24|0.36|-0.44|-0.20|-0.35|0.26|-1.15|0.30|-0.26|-0.79|1.00|0.00|0.00|-0.00|-1.01|-0.88|-0.65|-0.17|-0.09|0.32|0.12|-0.69|-0.09|0.46|0.22|-0.68
