------ Dim separator ------
0.52|-0.46|-0.04|-0.48|-0.16|-0.16|-1.17|-0.46|-0.38|0.06|-0.44|0.43|-0.00|-0.00|-0.00|0.33|-0.70|1.02|-0.65|0.94|-0.90|0.25|-0.15|0.47|1.46|0.12|-1.11
0.14|0.84|-0.17|0.57|-0.28|-0.34|-0.12|-0.21|0.43|-0.79|-1.12|-1.14|-0.00|0.00|-0.00|-0.26|-0.61|1.06|0.70|0.80|1.20|-0.55|-0.16|0.79|0.09|0.29|0.19
0.75|-0.49|-0.51|0.72|-0.05|-0.35|-0.38|-0.01|-0.38|-0.33|-0.23|0.60|0.00|0.00|-0.00|-0.38|-0.20|0.18|1.13|0.86|0.35|-0.69|-0.23|0.54|-0.21|-0.63|-0.24
-0.23|1.06|0.79|-0.52|0.27|0.25|0.41|0.07|0.14|-0.42|-0.72|1.39|-0.00|0.00|-0.00|-0.75|-0.04|-0.21|-0.63|-0.20|-0.44|0.19|0.64|-0.30|-1.15|0.60|1.95
0.16|-0.29|-0.47|-0.32|1.00|0.53|-0.54|-0.21|0.17|-0.72|0.56|0.23|0.00|0.00|-0.00|0.67|-0.54|0.76|-0.12|-0.31|-0.38|0.59|-0.02|-1.59|1.50|0.22|-0.32
------ Dim separator ------
0.95|0.22|0.83|0.63|0.45|-0.19|0.76|0.34|0.12|-0.08|-0.55|-0.45|0.00|0.01|-0.00|0.80|0.07|0.41|-1.08|-0.42|1.09|0.27|-0.86|0.00|0.72|-0.19|0.84
0.72|-0.61|0.02|-0.43|-0.05|-0.86|0.25|-0.19|-0.44|-0.28|-0.51|0.12|-0.00|-0.00|-0.00|-0.18|-0.62|0.81|-0.47|-0.92|0.51|0.09|-0.87|0.04|-0.27|0.16|0.96
0.20|-0.69|-0.42|0.93|-0.08|0.42|0.48|-0.56|-0.15|-0.18|0.53|-1.29|1.00|-0.00|0.00|0.00|-0.00|-0.00|1.00|-0.03|0.03|-0.48|1.23|0.18|-0.45|0.84|0.09
0.14|0.32|0.63|0.36|1.31|0.05|0.46|0.33|-0.14|0.32|-0.28|0.63|1.00|0.00|-0.00|-0.00|0.00|0.00|1.00|-0.26|0.10|-0.27|-0.31|0.11|-0.87|1.48|1.22
-0.23|-0.01|1.43|0.75|1.04|-0.54|-0.36|-0.00|-0.39|-0.25|-0.16|-0.63|-0.00|-0.00|-0.00|-0.71|0.15|-0.37|-0.41|-2.09|-0.45|-0.24|0.55|0.43|0.32|0.23|-0.58
------ Dim separator ------
0.43|-0.79|-1.06|1.12|0.01|-0.31|0.29|-0.71|-0.60|-0.22|0.70|0.52|-0.00|-0.00|-0.00|0.22|-0.54|-0.63|-0.53|0.57|-0.27|0.27|0.38|-0.59|-1.32|-0.17|-0.43
0.43|-0.08|-0.30|-0.74|-0.14|-0.89|0.38|-0.05|0.43|-0.41|0.42|-0.67|-0.00|0.00|0.00|1.09|0.44|0.43|-0.46|-0.22|0.07|-0.52|-0.34|0.28|-0.17|-0.73|-1.05
0.10|0.33|1.04|0.69|0.33|0.43|-0.00|0.03|-0.38|-0.29|-0.09|-0.01|-0.00|0.00|0.00|0.35|-0.19|0.88|0.05|-0.47|0.92|-0.53|0.85|0.79|0.01|-0.41|0.21
-1.50|0.88|0.66|-0.06|-0.60|1.34|0.86|0.36|0.45|0.06|-0.62|0.24|0.00|-0.00|-0.00|0.58|-0.88|-0.16|-0.37|-0.97|-1.14|-0.45|0.76|-0.04|1.01|-0.37|-0.21
0.22|-0.51|0.52|-0.90|1.11|0.44|-0.15|-1.41|-0.22|0.89|0.22|-0.50|-0.00|-0.00|-0.00|-0.36|-0.47|0.66|-0.55|0.11|0.60|0.66|-1.10|0.55|0.21|1.05|0.81
------ Dim separator ------
0.44|-0.42|-0.55|-1.68|1.00|0.15|0.19|-0.11|0.23|0.52|-0.14|0.41|0.00|-0.00|-0.00|-0.53|-0.40|-0.50|-1.74|0.67|-0.03|-0.16|0.87|-0.82|0.39|0.60|-0.25
-0.17|-0.15|-0.52|0.36|-0.20|-0.97|-0.05|-0.30|-0.17|0.34|0.10|-0.19|0.00|-0.00|0.00|-0.08|0.59|0.29|-0.17|-0.57|0.63|-0.35|0.32|0.15|-0.12|1.07|0.28
0.26|-0.06|-0.25|0.74|0.53|0.25|0.27|0.19|-0.09|-0.13|0.10|0.33|1.00|0.00|0.00|0.00|0.00|0.00|1.00|0.64|-1.01|0.40|0.33|0.94|0.43|-0.28|-0.19
1.34|0.21|-0.37|-0.24|0.54|-0.12|0.65|-0.59|0.42|-0.43|-0.51|0.43|-0.00|0.00|0.00|1.01|-0.13|0.01|0.83|-0.09|-0.14|-0.72|-0.32|-0.30|-0.38|0.24|-0.40
1.38|-0.63|-1.52|-0.93|-0.22|0.70|-0.18|0.67|0.22|-0.67|1.12|0.06|0.00|-0.00|-0.00|0.72|-0.62|-0.46|-1.59|0.29|0.31|-1.19|0.24|0.13|1.53|-0.31|0.57
------ Dim separator ------
-0.22|1.10|0.25|0.59|0.28|-1.30|1.06|0.61|-0.45|-0.70|0.25|0.04|0.00|-0.00|-0.00|-0.15|0.14|-0.04|-0.29|-0.60|0.16|0.03|-0.44|-1.54|0.92|-0.40|0.34
-0.75|-0.16|-1.40|-0.33|0.21|0.12|0.96|0.05|0.22|0.85|-0.89|-1.00|0.00|0.00|-0.00|0.49|0.10|0.63|0.02|-0.52|-0.89|-0.58|-0.55|-0.86|-0.39|-0.23|0.03
0.60|0.22|-0.17|0.76|-0.48|-0.03|-0.27|-0.33|-0.75|-0.14|1.53|0.45|1.00|-0.00|0.00|0.00|0.00|0.00|1.00|-0.07|-0.15|0.71|1.01|-0.12|1.06|-0.09|-0.10
0.26|0.68|0.47|0.06|0.40|-0.06|-0.56|-0.20|-1.41|0.34|-0.05|0.07|1.00|0.00|-0.00|0.00|-0.00|-0.00|1.00|0.42|0.04|-0.20|-0.19|1.20|-1.32|0.22|1.57
1.12|0.49|0.31|-0.65|0.09|-0.36|0.07|-1.35|-0.02|-0.60|-0.81|0.93|0.00|0.00|0.00|-0.98|-0.94|-0.51|0.19|-0.60|0.51|0.35|-0.76|-0.00|0.65|0.36|-0.72
