------ Dim separator ------
0.65|-0.18|0.14|-0.51|-0.22|-0.20|-0.92|-0.27|-0.07|-0.23|-0.04|0.02|0.00|-0.00|-0.00|0.43|-0.42|0.33|-0.52|0.72|-0.99|0.11|-0.17|0.61|0.88|0.10|-0.97
0.02|0.61|-0.39|0.40|-0.07|-0.04|0.06|-0.34|0.31|-0.71|-1.12|-1.11|0.00|0.01|-0.00|0.15|-0.55|0.86|0.63|0.65|0.89|-0.61|-0.08|0.69|0.39|0.48|-0.14
0.74|-0.37|-0.16|0.74|-0.20|-0.19|-0.30|0.21|-0.01|-0.19|-0.06|0.15|1.00|-0.00|0.00|0.00|0.00|0.00|1.00|0.78|0.09|-0.76|-0.18|0.52|0.05|-0.97|-0.04
0.15|0.80|0.47|-0.18|0.37|0.48|0.43|0.01|-0.01|-0.54|-0.48|1.06|0.00|-0.00|-0.00|-0.73|0.07|-0.00|-0.39|0.22|-0.11|0.24|0.25|-0.32|-1.08|0.95|1.37
0.09|-0.12|-0.41|-0.22|0.87|0.45|-0.05|-0.25|0.31|-0.47|0.59|0.44|-0.00|0.00|-0.00|0.55|0.03|0.44|-0.16|-0.33|-0.63|0.39|0.29|-1.04|1.17|0.48|-0.15
------ Dim separator ------
0.92|0.02|0.32|0.81|0.49|0.07|0.62|0.50|0.17|0.13|-0.03|-0.11|0.01|0.00|-0.00|0.88|0.24|0.30|-0.85|-0.21|0.80|0.18|-0.56|-0.39|0.75|0.09|0.54
0.79|-0.10|0.10|-0.44|-0.08|-0.70|-0.08|-0.49|-0.15|-0.02|-0.37|-0.22|0.00|-0.00|0.00|-0.20|-0.44|0.86|-0.26|-0.95|0.62|0.17|-0.59|0.46|-0.54|0.11|0.57
0.19|-0.64|-0.31|0.83|0.02|0.42|0.46|-0.18|-0.39|-0.82|0.70|-1.18|0.00|-0.01|-0.00|0.12|-0.32|-0.15|0.91|0.14|0.02|-0.06|1.00|-0.01|-0.04|1.04|-0.00
0.69|0.36|0.60|0.06|0.86|-0.33|0.68|0.58|-0.04|0.27|-0.27|0.48|1.00|-0.00|-0.00|-0.00|0.00|0.00|1.00|-0.26|-0.39|-0.08|-0.39|0.53|-0.55|1.25|0.80
-0.35|0.57|1.49|0.50|0.65|-0.69|-0.41|-0.03|-0.40|-0.32|0.19|-0.56|0.00|-0.01|-0.00|-0.46|-0.25|0.02|-0.41|-1.80|-0.68|-0.10|0.36|-0.05|-0.20|0.05|-0.30
------ Dim separator ------
0.56|-0.82|-0.99|0.90|0.03|0.02|0.17|-0.68|-0.63|0.23|0.65|0.17|0.00|0.00|0.01|-0.23|-0.20|-0.61|-0.18|0.46|-0.11|0.11|0.44|-0.27|-1.34|-0.08|-0.18
0.45|-0.21|-0.25|-0.34|-0.02|-0.32|0.32|-0.12|0.59|-0.14|0.37|-0.47|-0.00|-0.00|-0.01|1.03|0.60|0.17|-0.23|-0.58|-0.02|-0.28|-0.14|0.33|0.31|-0.43|-0.69
-0.29|0.37|0.86|0.72|0.18|0.29|-0.14|0.08|-0.22|-0.25|-0.17|0.20|0.00|-0.01|-0.00|0.69|-0.31|0.68|0.34|-0.20|1.09|-0.39|0.89|0.69|0.38|-0.32|0.25
-1.51|0.83|0.54|0.24|-0.52|0.96|0.86|0.03|0.38|0.57|-0.61|0.58|0.00|0.00|0.00|0.20|-0.64|-0.22|-0.27|-0.97|-0.70|-0.57|0.05|-0.20|0.65|-0.16|-0.13
0.05|-0.40|0.29|-1.36|1.21|0.42|-0.29|-1.06|0.06|0.79|0.19|-0.66|0.00|-0.00|0.00|-0.52|-0.66|0.10|-0.31|0.04|0.53|0.28|-0.93|0.49|0.19|0.91|0.42
------ Dim separator ------
0.13|-0.11|-0.44|-1.23|0.69|0.52|0.06|-0.32|-0.01|0.13|-0.37|0.08|0.00|-0.00|-0.00|-0.43|-0.37|-0.88|-1.48|0.38|-0.12|-0.19|1.20|-1.00|0.04|0.67|0.03
-0.06|0.25|-0.14|0.44|-0.41|-0.58|-0.06|0.02|-0.26|0.40|-0.21|-0.03|0.01|-0.00|0.00|-0.11|0.28|0.16|-0.27|-0.26|0.76|-0.26|0.58|0.01|-0.03|1.03|-0.10
0.58|0.16|-0.38|0.78|0.38|0.05|0.39|0.47|-0.12|-0.18|0.26|0.33|1.00|0.00|0.00|0.00|0.00|0.00|1.00|0.97|-0.83|0.34|0.27|0.82|0.39|-0.54|-0.08
1.13|-0.10|-0.16|-0.25|0.58|-0.13|0.84|-0.41|0.12|-0.30|-0.38|0.12|-0.00|-0.00|0.00|0.73|-0.10|0.23|0.64|-0.03|-0.05|-0.57|-0.49|-0.28|-0.04|0.05|-0.32
1.35|-0.30|-1.28|-1.12|-0.05|0.85|-0.52|0.81|0.21|-0.74|1.43|0.45|-0.00|-0.00|-0.01|1.01|-0.28|-0.60|-1.22|0.20|0.53|-0.81|0.22|0.05|1.43|0.14|0.55
------ Dim separator ------
-0.52|1.23|0.33|0.25|0.32|-1.29|0.90|0.68|-0.40|-0.52|0.52|0.05|-0.00|-0.00|0.00|-0.32|0.50|0.22|-0.25|-0.70|-0.15|-0.50|-0.04|-1.37|0.83|-0.20|0.24
-0.86|-0.11|-1.32|-0.01|-0.05|-0.00|0.91|0.20|0.31|0.50|-0.77|-0.58|-0.00|-0.00|0.00|0.02|0.15|0.83|0.20|-0.40|-0.78|-0.41|-0.69|-0.59|-0.06|0.23|-0.05
0.45|0.28|-0.20|0.69|-0.49|-0.15|-0.25|-0.22|-0.61|-0.15|1.45|0.22|1.00|0.00|-0.00|0.00|-0.00|-0.00|1.00|-0.05|-0.53|0.46|0.91|0.07|1.32|-0.07|0.15
0.76|0.72|0.21|0.02|-0.16|0.05|-0.28|-0.05|-0.97|0.24|-0.09|0.11|0.00|0.00|0.00|0.15|-0.02|-0.11|1.19|0.20|0.08|-0.14|-0.26|0.82|-1.45|0.35|1.37
0.70|0.23|0.61|-0.20|-0.01|-0.43|0.36|-0.85|0.10|-0.60|-0.69|0.96|-0.00|0.00|0.00|-0.70|-0.86|-0.85|-0.13|-0.13|0.26|0.36|-0.75|-0.11|0.69|0.15|-0.56
