------ Dim separator ------
0.49|0.18|0.27|-0.30|-0.15|-0.13|-0.81|-0.44|-0.33|-0.34|-0.09|0.25|-0.01|0.01|0.01|0.37|-0.33|0.64|-0.37|0.64|-0.87|0.17|-0.16|0.85|1.04|0.14|-0.98
0.33|0.62|-0.09|0.10|-0.02|-0.11|0.35|-0.25|0.38|-0.60|-1.03|-0.82|-0.00|-0.00|0.00|0.17|-0.54|0.97|0.66|0.44|0.80|-0.37|-0.18|0.69|0.44|0.23|-0.14
0.83|-0.60|-0.22|0.76|0.07|-0.19|-0.18|0.11|0.25|0.15|0.06|0.13|0.01|0.00|-0.00|-0.31|-0.28|-0.18|0.81|0.77|0.09|-0.65|0.02|0.43|-0.29|-1.05|-0.15
-0.27|0.77|0.91|-0.29|0.52|0.21|0.36|0.00|0.03|-0.40|-0.24|1.11|-0.00|0.00|0.01|-0.55|0.03|-0.06|-0.29|0.22|-0.06|0.24|0.25|-0.44|-1.17|0.94|1.27
0.15|-0.23|-0.45|-0.31|0.90|0.46|-0.09|-0.40|0.25|-0.73|0.42|0.59|-0.00|0.00|0.00|0.55|-0.09|0.49|-0.03|-0.20|-0.78|0.46|0.30|-0.97|0.66|0.57|-0.32
------ Dim separator ------
0.82|0.07|0.13|0.64|0.13|-0.25|0.40|0.53|0.16|-0.15|-0.19|-0.06|-0.00|0.00|-0.00|0.89|0.43|0.38|-0.80|-0.23|0.90|-0.13|-0.51|-0.44|0.58|0.13|0.46
0.91|-0.37|0.14|-0.18|-0.02|-0.70|0.32|-0.34|-0.42|0.02|-0.34|-0.24|-0.00|-0.00|0.00|0.04|-0.48|0.73|-0.29|-0.91|0.77|-0.05|-0.51|0.31|-0.44|0.04|0.70
0.45|-0.34|-0.40|0.84|-0.01|0.47|0.45|-0.18|-0.03|-0.62|0.67|-0.96|-0.00|0.01|-0.00|0.17|-0.11|-0.29|0.59|0.06|-0.01|-0.13|0.94|-0.28|0.09|1.12|-0.04
0.77|0.27|0.39|-0.01|1.05|-0.08|0.63|0.60|-0.17|0.12|-0.63|0.57|0.01|0.00|-0.00|0.09|0.06|-0.19|0.96|-0.29|-0.33|-0.03|-0.48|0.64|-0.42|1.04|0.93
-0.05|0.40|1.22|0.45|0.61|-0.90|-0.40|-0.07|-0.24|-0.27|0.08|-0.40|-0.00|0.01|0.00|-0.28|-0.04|-0.08|-0.57|-1.50|-0.87|-0.21|0.35|-0.00|-0.00|0.22|-0.49
------ Dim separator ------
0.43|-0.64|-0.98|0.79|0.14|0.11|0.07|-0.63|-0.66|0.10|0.42|-0.07|-0.01|-0.01|-0.00|-0.10|-0.31|-0.63|-0.42|0.59|-0.18|0.22|0.17|-0.65|-1.33|0.01|-0.24
0.53|0.00|-0.35|-0.42|-0.20|-0.23|0.40|0.01|0.59|-0.08|0.51|-0.27|-0.00|0.00|0.00|0.91|0.56|0.17|-0.39|-0.19|-0.02|-0.10|-0.06|0.18|0.32|-0.39|-0.69
-0.17|0.34|0.60|1.02|0.36|0.39|0.21|0.20|-0.08|-0.32|-0.04|0.03|-0.00|0.01|0.01|0.50|-0.16|0.65|0.41|-0.61|1.13|-0.64|1.04|0.79|0.13|-0.35|0.51
-1.43|0.69|0.31|0.23|-0.55|0.70|0.54|0.19|0.17|0.32|-0.63|0.56|0.00|-0.01|0.00|0.46|-0.81|-0.37|-0.41|-0.86|-0.70|-0.26|-0.17|-0.00|0.63|-0.22|-0.10
0.23|-0.14|0.35|-1.19|1.04|0.34|-0.28|-1.15|-0.04|0.99|0.24|-0.67|0.00|-0.01|0.01|-0.29|-0.93|0.28|-0.32|0.06|0.45|0.07|-0.82|0.32|0.08|0.89|0.33
------ Dim separator ------
0.04|-0.29|-0.41|-1.43|0.66|0.42|0.02|-0.05|-0.04|0.28|-0.21|0.21|0.00|0.00|0.00|-0.40|-0.39|-0.73|-1.37|0.51|-0.30|-0.17|1.15|-1.03|0.20|0.57|0.09
0.02|0.38|-0.01|0.43|-0.42|-0.60|0.05|-0.03|-0.65|0.26|-0.29|-0.01|-0.01|-0.00|-0.00|-0.19|0.24|0.23|-0.06|-0.21|0.59|-0.05|0.21|-0.04|0.01|1.31|0.11
0.68|-0.04|-0.43|0.78|0.55|-0.19|0.36|0.41|-0.07|-0.17|-0.02|0.16|0.00|0.00|0.00|0.20|0.23|0.19|0.89|0.72|-0.81|0.28|0.04|0.82|0.28|-0.49|0.05
0.97|0.36|-0.10|-0.26|0.44|-0.26|0.67|-0.40|0.32|-0.55|-0.30|-0.14|-0.00|0.00|0.00|1.04|-0.38|0.08|0.66|-0.20|-0.11|-0.22|-0.40|-0.45|-0.21|-0.34|-0.26
1.18|-0.13|-1.26|-1.27|-0.12|0.82|-0.54|0.53|0.03|-0.81|1.01|0.46|0.01|-0.00|-0.01|0.66|-0.05|-0.10|-1.03|0.37|0.25|-0.68|0.01|0.29|1.30|-0.19|0.37
------ Dim separator ------
-0.71|0.69|0.22|0.43|0.45|-1.15|1.07|0.61|-0.46|-0.29|0.35|0.05|0.00|0.00|-0.00|-0.63|0.26|-0.10|-0.50|-0.62|-0.21|-0.45|-0.13|-1.31|0.71|-0.20|0.27
-0.76|-0.24|-1.11|0.17|0.08|-0.27|0.62|-0.08|-0.05|0.66|-0.82|-0.77|0.00|0.01|-0.00|0.07|0.45|0.37|-0.04|-0.39|-0.81|-0.45|-0.54|-0.35|-0.12|0.19|-0.21
0.46|0.13|-0.27|0.70|-0.31|-0.05|-0.19|-0.25|-0.58|-0.13|1.08|0.05|-0.00|0.00|0.00|0.03|0.24|0.12|0.70|-0.17|-0.44|0.36|0.90|0.09|1.16|-0.09|0.21
0.89|0.70|-0.01|0.34|-0.02|0.26|-0.55|-0.19|-0.86|0.36|0.00|0.08|0.99|-0.00|-0.01|-0.00|-0.00|0.00|1.00|0.55|-0.04|-0.18|-0.35|0.69|-1.41|0.28|1.16
0.76|0.10|0.29|-0.39|-0.29|-0.43|0.38|-0.81|0.44|-0.42|-0.79|0.98|0.00|-0.00|0.00|-0.85|-0.87|-0.70|-0.26|-0.03|0.31|0.07|-0.73|-0.20|0.69|0.09|-0.68
