------ Dim separator ------
0.46|-0.44|0.21|-0.62|-0.15|-0.03|-0.67|-0.27|-0.40|-0.61|-0.06|-0.11|-0.00|-0.00|0.00|0.25|-0.51|0.53|-0.40|0.49|-0.92|0.22|-0.19|0.66|1.14|-0.01|-0.77
0.09|0.70|-0.17|0.35|-0.11|-0.20|0.24|-0.52|0.17|-0.97|-0.98|-1.07|-0.00|-0.00|0.00|0.25|-0.48|1.18|0.48|0.65|0.95|-0.66|0.36|0.24|0.39|0.11|-0.21
0.84|-0.47|-0.44|0.67|-0.17|-0.61|-0.26|0.36|-0.01|0.07|0.01|0.34|0.00|0.00|-0.00|-0.26|0.16|-0.29|0.87|1.03|0.09|-0.49|0.14|0.39|-0.09|-0.95|-0.24
0.06|0.70|1.02|-0.17|0.66|0.19|0.05|-0.26|0.26|-0.45|-0.31|1.22|0.00|-0.00|0.00|-0.71|0.08|-0.04|-0.28|0.12|0.14|-0.22|0.04|-0.26|-0.84|0.59|1.43
0.26|-0.54|-0.38|-0.14|0.66|0.48|-0.06|-0.33|0.46|-0.75|0.51|0.61|-0.00|-0.00|0.00|0.87|0.04|0.49|-0.31|-0.10|-0.69|0.47|0.26|-0.99|0.80|0.52|-0.41
------ Dim separator ------
1.02|0.05|0.30|0.63|0.23|-0.09|0.50|0.58|0.04|-0.21|-0.40|-0.03|-0.00|-0.00|0.00|0.92|0.57|0.41|-0.77|-0.36|1.15|-0.32|-0.74|-0.30|0.86|-0.37|0.14
0.88|-0.21|0.24|-0.25|0.37|-0.89|0.24|0.09|-0.23|-0.04|-0.36|-0.50|-0.00|-0.00|0.00|0.32|-0.50|0.50|-0.26|-0.99|0.61|0.22|-0.30|0.25|-0.39|0.47|0.67
0.12|-0.42|-0.46|0.63|0.24|0.59|0.82|-0.13|-0.02|-0.78|0.72|-1.07|-0.00|0.00|0.00|0.24|-0.29|0.23|0.88|0.30|-0.12|-0.08|0.66|-0.28|0.07|1.26|-0.14
0.81|0.27|0.55|-0.19|0.73|-0.28|0.71|0.26|-0.51|0.27|-0.50|0.63|-0.00|0.00|0.00|-0.12|0.13|0.11|0.74|-0.57|-0.55|-0.18|-0.62|0.61|-0.57|0.95|0.62
-0.11|0.64|1.20|0.51|0.38|-0.98|-0.66|0.03|-0.49|-0.23|0.43|-0.09|0.00|0.00|0.00|-0.22|-0.39|0.06|-0.30|-1.43|-0.80|-0.17|0.29|-0.18|-0.13|-0.10|-0.42
------ Dim separator ------
0.32|-0.42|-0.61|1.11|0.08|-0.12|-0.04|-0.70|-0.89|-0.28|0.29|0.24|-0.00|-0.00|-0.00|-0.24|-0.13|-0.56|-0.57|0.42|0.00|0.04|0.26|-0.09|-1.54|-0.07|-0.54
0.36|0.14|-0.23|-0.74|-0.23|-0.44|0.23|-0.02|0.50|-0.24|0.45|-0.48|0.00|0.00|0.00|0.83|0.64|0.17|-0.07|-0.34|-0.02|0.05|0.06|0.66|0.20|-0.56|-0.65
-0.09|0.32|0.47|0.94|0.19|0.24|-0.01|-0.01|-0.12|-0.08|0.08|0.14|0.00|0.00|0.00|0.13|-0.43|0.58|0.23|-0.55|1.14|-0.34|0.74|0.94|0.32|-0.64|0.21
-1.61|0.84|0.36|-0.05|-0.45|0.87|0.60|0.09|0.20|0.52|-0.64|0.48|-0.00|-0.00|-0.00|0.25|-0.65|-0.29|-0.62|-0.95|-0.72|-0.18|-0.15|0.57|0.51|-0.14|-0.08
0.23|-0.46|0.53|-1.37|1.54|0.47|0.12|-1.23|-0.03|0.82|0.14|-1.09|-0.00|0.00|0.00|-0.42|-0.86|0.21|-0.48|-0.18|0.57|0.31|-0.80|0.33|-0.10|1.02|-0.01
------ Dim separator ------
0.56|-0.47|-0.89|-1.44|0.79|0.45|0.16|-0.43|-0.36|0.10|0.06|0.27|-0.00|-0.00|0.00|-0.64|-0.64|-0.90|-1.43|0.24|-0.08|-0.21|1.30|-1.10|0.37|0.48|-0.11
-0.02|0.16|-0.21|0.61|-0.53|-0.28|-0.14|-0.31|-0.46|0.32|-0.51|-0.20|0.00|0.00|0.00|0.13|0.23|0.12|-0.04|-0.33|0.49|-0.22|0.40|0.21|-0.15|1.22|-0.17
0.42|0.21|-0.62|0.95|0.31|0.14|0.42|0.29|0.38|-0.42|0.34|-0.00|-0.00|0.00|-0.00|0.57|0.20|0.05|0.85|0.60|-0.60|0.43|0.15|0.98|0.34|-0.60|-0.24
0.94|-0.13|0.39|-0.42|0.37|-0.23|0.86|-0.36|0.35|-0.12|-0.35|0.06|0.00|-0.00|-0.00|0.78|-0.32|0.21|0.57|0.01|0.22|-0.24|-0.46|-0.20|0.07|0.01|-0.28
1.14|-0.21|-0.99|-1.45|0.00|0.75|-0.32|0.53|0.05|-0.96|1.02|0.29|0.00|0.00|0.00|0.81|0.03|-0.08|-0.96|0.29|0.52|-0.91|0.29|0.36|1.32|-0.08|0.54
------ Dim separator ------
-0.37|1.16|0.48|0.64|0.67|-1.15|0.74|0.97|-0.58|-0.33|0.34|0.25|-0.00|0.00|-0.00|-0.06|0.43|0.20|-0.41|-0.47|-0.04|-0.57|0.04|-1.32|0.89|-0.21|0.23
-0.78|-0.24|-0.91|0.08|-0.03|-0.21|0.77|0.28|0.10|0.50|-1.00|-0.78|0.00|0.00|-0.00|-0.01|0.42|0.53|0.14|-0.19|-0.70|-0.46|-0.75|-0.62|-0.08|0.49|0.19
0.61|0.14|-0.16|0.78|-0.40|-0.19|-0.08|-0.33|-0.73|-0.16|0.94|0.21|1.00|-0.00|0.00|0.00|1.00|0.00|-0.00|0.20|-0.60|0.20|0.57|-0.09|1.18|-0.33|0.49
0.71|0.65|-0.10|0.24|-0.35|0.01|-0.11|-0.28|-0.82|0.29|-0.20|0.27|-0.01|-0.00|-0.00|0.41|0.12|0.13|0.96|0.25|0.41|-0.42|-0.27|0.77|-1.27|0.13|1.24
0.56|0.35|0.40|-0.28|-0.10|-0.25|0.32|-0.89|0.29|-0.34|-0.71|1.01|-0.00|-0.00|-0.00|-0.91|-1.06|-0.57|-0.31|-0.17|0.12|0.29|-0.62|-0.19|0.55|0.44|-0.76
