------ Dim separator ------
0.52|-0.46|-0.04|-0.48|-0.16|-0.17|-1.17|-0.48|-0.37|0.05|-0.44|0.43|-0.00|0.00|0.00|0.33|-0.71|1.02|-0.65|0.94|-0.90|0.25|-0.16|0.48|1.46|0.11|-1.12
0.14|0.83|-0.17|0.57|-0.27|-0.33|-0.12|-0.21|0.44|-0.79|-1.12|-1.14|-0.00|0.00|-0.00|-0.26|-0.61|1.06|0.70|0.80|1.20|-0.55|-0.16|0.79|0.08|0.28|0.19
0.75|-0.50|-0.52|0.72|-0.05|-0.36|-0.38|-0.01|-0.38|-0.33|-0.23|0.59|0.00|0.00|-0.00|-0.39|-0.20|0.18|1.12|0.86|0.35|-0.69|-0.22|0.54|-0.21|-0.63|-0.24
-0.23|1.06|0.79|-0.52|0.28|0.25|0.41|0.07|0.14|-0.41|-0.73|1.40|-0.00|-0.00|0.00|-0.76|-0.04|-0.20|-0.64|-0.19|-0.44|0.19|0.64|-0.30|-1.15|0.60|1.96
0.16|-0.28|-0.47|-0.32|1.00|0.53|-0.54|-0.21|0.17|-0.72|0.55|0.23|0.00|0.00|-0.00|0.67|-0.54|0.76|-0.11|-0.31|-0.38|0.59|-0.02|-1.58|1.51|0.22|-0.32
------ Dim separator ------
0.95|0.22|0.84|0.63|0.46|-0.18|0.76|0.34|0.12|-0.07|-0.56|-0.45|-0.00|-0.00|0.00|0.81|0.07|0.41|-1.08|-0.42|1.09|0.27|-0.87|0.01|0.72|-0.19|0.85
0.72|-0.61|0.02|-0.43|-0.05|-0.87|0.26|-0.20|-0.45|-0.29|-0.51|0.13|0.00|-0.00|0.00|-0.19|-0.62|0.81|-0.47|-0.92|0.51|0.09|-0.87|0.05|-0.27|0.17|0.96
0.20|-0.69|-0.42|0.93|-0.08|0.42|0.48|-0.56|-0.14|-0.18|0.53|-1.29|1.00|-0.00|-0.00|0.00|-0.00|-0.00|1.00|-0.03|0.03|-0.48|1.23|0.19|-0.46|0.84|0.09
0.14|0.33|0.63|0.36|1.32|0.05|0.46|0.33|-0.14|0.33|-0.28|0.62|1.00|0.00|-0.00|-0.00|0.00|-0.00|1.00|-0.26|0.11|-0.27|-0.31|0.11|-0.88|1.47|1.23
-0.23|-0.01|1.43|0.75|1.04|-0.54|-0.36|-0.00|-0.38|-0.24|-0.17|-0.63|-0.00|0.00|0.00|-0.72|0.14|-0.37|-0.42|-2.09|-0.45|-0.24|0.55|0.43|0.33|0.23|-0.60
------ Dim separator ------
0.43|-0.79|-1.07|1.11|0.01|-0.32|0.30|-0.71|-0.60|-0.22|0.70|0.53|0.00|-0.00|-0.00|0.22|-0.55|-0.63|-0.53|0.57|-0.26|0.28|0.38|-0.59|-1.33|-0.17|-0.43
0.43|-0.07|-0.30|-0.75|-0.13|-0.88|0.38|-0.05|0.44|-0.41|0.43|-0.66|0.00|0.00|0.00|1.10|0.44|0.43|-0.46|-0.22|0.06|-0.51|-0.34|0.28|-0.17|-0.73|-1.04
0.10|0.33|1.04|0.69|0.34|0.42|0.00|0.03|-0.38|-0.29|-0.09|-0.01|-0.00|0.00|0.00|0.35|-0.19|0.89|0.05|-0.47|0.93|-0.53|0.86|0.78|0.01|-0.41|0.21
-1.51|0.87|0.67|-0.06|-0.60|1.34|0.86|0.36|0.45|0.06|-0.63|0.24|0.00|-0.00|-0.00|0.58|-0.89|-0.16|-0.37|-0.96|-1.14|-0.45|0.76|-0.03|1.01|-0.37|-0.21
0.22|-0.52|0.52|-0.90|1.11|0.44|-0.16|-1.41|-0.21|0.89|0.22|-0.50|-0.00|0.00|0.00|-0.35|-0.48|0.67|-0.56|0.10|0.60|0.67|-1.11|0.55|0.21|1.04|0.82
------ Dim separator ------
0.44|-0.42|-0.55|-1.69|1.00|0.15|0.19|-0.10|0.24|0.52|-0.14|0.40|-0.00|-0.00|0.00|-0.53|-0.40|-0.51|-1.75|0.67|-0.02|-0.17|0.88|-0.82|0.40|0.60|-0.24
-0.16|-0.15|-0.52|0.36|-0.20|-0.99|-0.05|-0.30|-0.16|0.35|0.11|-0.20|0.00|0.00|-0.00|-0.09|0.59|0.29|-0.17|-0.57|0.63|-0.35|0.33|0.14|-0.12|1.07|0.29
0.26|-0.06|-0.26|0.74|0.54|0.24|0.27|0.19|-0.09|-0.13|0.10|0.33|1.00|0.00|0.00|-0.00|-0.00|-0.00|1.00|0.65|-1.01|0.40|0.33|0.94|0.42|-0.28|-0.20
1.34|0.22|-0.37|-0.24|0.53|-0.12|0.65|-0.60|0.43|-0.44|-0.51|0.43|0.00|0.00|-0.00|1.01|-0.14|0.01|0.83|-0.09|-0.16|-0.73|-0.33|-0.30|-0.37|0.24|-0.40
1.38|-0.63|-1.53|-0.93|-0.22|0.70|-0.19|0.68|0.22|-0.67|1.13|0.06|-0.00|-0.00|0.00|0.72|-0.62|-0.46|-1.60|0.30|0.30|-1.19|0.24|0.13|1.53|-0.31|0.57
------ Dim separator ------
-0.23|1.10|0.24|0.59|0.29|-1.30|1.06|0.61|-0.45|-0.70|0.24|0.03|0.00|-0.00|0.00|-0.15|0.14|-0.04|-0.29|-0.60|0.16|0.03|-0.44|-1.54|0.93|-0.40|0.34
-0.76|-0.16|-1.41|-0.33|0.20|0.12|0.96|0.05|0.22|0.85|-0.90|-1.00|-0.00|0.00|-0.00|0.49|0.10|0.64|0.01|-0.52|-0.90|-0.58|-0.55|-0.86|-0.38|-0.23|0.04
0.60|0.22|-0.17|0.76|-0.48|-0.03|-0.26|-0.33|-0.76|-0.13|1.53|0.44|1.00|0.00|0.00|-0.00|0.00|0.00|1.00|-0.07|-0.15|0.71|1.01|-0.12|1.06|-0.09|-0.10
0.26|0.68|0.47|0.05|0.40|-0.06|-0.56|-0.20|-1.42|0.34|-0.05|0.07|1.00|-0.00|-0.00|-0.00|-0.00|-0.00|1.00|0.42|0.03|-0.20|-0.19|1.21|-1.32|0.22|1.57
1.12|0.49|0.31|-0.65|0.10|-0.36|0.07|-1.35|-0.02|-0.60|-0.81|0.94|0.00|-0.00|0.00|-0.98|-0.94|-0.51|0.19|-0.61|0.51|0.34|-0.76|0.00|0.65|0.36|-0.73
