------ Dim separator ------
0.49|0.18|0.27|-0.30|-0.15|-0.13|-0.81|-0.45|-0.33|-0.34|-0.08|0.25|-0.00|0.00|0.00|0.37|-0.33|0.65|-0.37|0.64|-0.87|0.17|-0.17|0.85|1.04|0.13|-0.99
0.33|0.62|-0.10|0.09|-0.01|-0.11|0.35|-0.25|0.38|-0.59|-1.02|-0.82|-0.00|-0.00|0.00|0.17|-0.54|0.98|0.66|0.44|0.80|-0.37|-0.18|0.69|0.43|0.22|-0.15
0.83|-0.61|-0.23|0.76|0.07|-0.19|-0.18|0.11|0.24|0.15|0.06|0.13|0.00|0.00|-0.00|-0.31|-0.28|-0.18|0.81|0.77|0.09|-0.65|0.03|0.43|-0.29|-1.05|-0.15
-0.28|0.77|0.91|-0.29|0.52|0.21|0.36|0.01|0.02|-0.40|-0.24|1.11|-0.00|0.00|0.00|-0.55|0.03|-0.06|-0.29|0.22|-0.07|0.24|0.25|-0.44|-1.17|0.94|1.28
0.16|-0.22|-0.45|-0.31|0.91|0.46|-0.09|-0.41|0.26|-0.73|0.41|0.59|-0.00|0.00|0.00|0.55|-0.09|0.50|-0.02|-0.19|-0.78|0.46|0.30|-0.97|0.68|0.57|-0.32
------ Dim separator ------
0.82|0.07|0.14|0.64|0.13|-0.24|0.40|0.53|0.16|-0.14|-0.19|-0.06|-0.00|0.00|0.00|0.90|0.43|0.38|-0.80|-0.23|0.90|-0.13|-0.51|-0.44|0.57|0.13|0.47
0.91|-0.38|0.14|-0.17|-0.02|-0.70|0.33|-0.35|-0.42|0.01|-0.34|-0.24|-0.00|-0.00|0.00|0.03|-0.49|0.72|-0.29|-0.92|0.78|-0.04|-0.51|0.31|-0.44|0.04|0.71
0.45|-0.34|-0.40|0.84|-0.02|0.48|0.45|-0.17|-0.02|-0.61|0.67|-0.96|-0.00|0.00|-0.00|0.17|-0.10|-0.30|0.59|0.05|-0.01|-0.14|0.94|-0.28|0.09|1.12|-0.04
0.77|0.27|0.40|-0.02|1.06|-0.07|0.63|0.60|-0.18|0.12|-0.63|0.57|0.00|-0.00|-0.00|0.09|0.06|-0.20|0.96|-0.29|-0.33|-0.03|-0.48|0.64|-0.42|1.04|0.94
-0.06|0.40|1.22|0.46|0.61|-0.90|-0.40|-0.07|-0.24|-0.28|0.07|-0.39|-0.00|0.00|-0.00|-0.28|-0.04|-0.08|-0.58|-1.50|-0.87|-0.21|0.36|-0.01|0.00|0.22|-0.50
------ Dim separator ------
0.43|-0.64|-0.99|0.79|0.14|0.11|0.07|-0.64|-0.66|0.10|0.42|-0.06|-0.00|-0.00|-0.00|-0.09|-0.32|-0.63|-0.42|0.59|-0.18|0.22|0.17|-0.65|-1.34|0.01|-0.24
0.53|0.01|-0.35|-0.42|-0.19|-0.22|0.40|0.01|0.60|-0.08|0.52|-0.27|-0.00|0.00|0.00|0.92|0.57|0.17|-0.39|-0.19|-0.02|-0.10|-0.06|0.19|0.31|-0.39|-0.69
-0.17|0.34|0.60|1.02|0.36|0.39|0.21|0.20|-0.08|-0.33|-0.04|0.04|-0.00|0.00|0.00|0.51|-0.17|0.65|0.40|-0.62|1.14|-0.64|1.05|0.79|0.13|-0.35|0.52
-1.43|0.69|0.32|0.23|-0.55|0.71|0.54|0.20|0.17|0.31|-0.64|0.55|0.00|-0.00|-0.00|0.46|-0.81|-0.37|-0.42|-0.86|-0.71|-0.26|-0.16|-0.00|0.64|-0.22|-0.10
0.23|-0.14|0.35|-1.19|1.05|0.35|-0.29|-1.15|-0.03|1.00|0.24|-0.67|0.00|-0.00|0.00|-0.29|-0.94|0.29|-0.33|0.06|0.45|0.07|-0.83|0.32|0.08|0.88|0.34
------ Dim separator ------
0.03|-0.29|-0.41|-1.43|0.67|0.42|0.02|-0.05|-0.03|0.28|-0.21|0.21|0.00|0.00|0.00|-0.40|-0.39|-0.73|-1.37|0.52|-0.30|-0.18|1.16|-1.03|0.21|0.57|0.09
0.03|0.37|-0.01|0.42|-0.42|-0.61|0.05|-0.03|-0.65|0.26|-0.28|-0.01|-0.00|0.00|-0.00|-0.19|0.25|0.23|-0.06|-0.21|0.59|-0.05|0.21|-0.04|0.01|1.31|0.11
0.68|-0.04|-0.44|0.78|0.55|-0.19|0.36|0.41|-0.07|-0.16|-0.03|0.16|0.00|0.00|0.00|0.20|0.23|0.19|0.89|0.72|-0.81|0.27|0.04|0.83|0.28|-0.49|0.05
0.98|0.37|-0.10|-0.26|0.44|-0.27|0.67|-0.39|0.33|-0.55|-0.30|-0.14|0.00|0.00|-0.00|1.04|-0.38|0.09|0.66|-0.20|-0.12|-0.23|-0.41|-0.45|-0.21|-0.34|-0.26
1.18|-0.13|-1.26|-1.27|-0.13|0.82|-0.54|0.53|0.03|-0.81|1.02|0.45|0.00|-0.00|-0.00|0.67|-0.05|-0.10|-1.04|0.37|0.25|-0.67|0.01|0.30|1.30|-0.20|0.37
------ Dim separator ------
-0.71|0.68|0.22|0.43|0.45|-1.15|1.07|0.60|-0.46|-0.29|0.35|0.05|0.00|0.00|0.00|-0.63|0.26|-0.10|-0.49|-0.62|-0.21|-0.44|-0.14|-1.31|0.72|-0.20|0.27
-0.77|-0.25|-1.12|0.17|0.08|-0.28|0.62|-0.08|-0.05|0.66|-0.83|-0.77|0.00|0.00|-0.00|0.07|0.46|0.37|-0.05|-0.40|-0.82|-0.45|-0.54|-0.36|-0.12|0.18|-0.21
0.46|0.13|-0.28|0.70|-0.31|-0.05|-0.18|-0.25|-0.59|-0.12|1.08|0.05|-0.00|0.00|0.00|0.02|0.24|0.13|0.70|-0.17|-0.44|0.37|0.90|0.09|1.16|-0.09|0.21
0.89|0.69|-0.02|0.34|-0.02|0.25|-0.55|-0.20|-0.85|0.36|0.01|0.08|1.00|-0.00|-0.00|-0.00|-0.00|0.00|1.00|0.55|-0.04|-0.17|-0.35|0.71|-1.41|0.28|1.17
0.76|0.10|0.29|-0.39|-0.28|-0.44|0.37|-0.81|0.44|-0.42|-0.79|0.99|-0.00|-0.00|0.00|-0.85|-0.87|-0.70|-0.26|-0.03|0.30|0.06|-0.73|-0.19|0.69|0.09|-0.68
