------ Dim separator ------
-0.51|0.21|-0.04|0.27|-0.89|-0.51|0.12|-0.08|0.01|-0.25|-0.34|-0.36|-0.00|0.01|-0.05|-0.08|0.58|0.50|-0.49|-0.56|-0.07|-0.26|0.28|-0.22|0.36|-0.06|0.75
-0.13|0.37|-0.26|0.18|0.13|0.25|0.08|-0.07|0.25|0.02|-0.17|0.21|-0.02|-0.05|0.03|-0.25|0.04|-0.19|-0.09|-0.32|-0.18|0.17|0.18|-0.34|0.37|0.09|-0.28
0.82|0.01|-0.41|0.78|0.49|-0.64|0.30|-0.29|-0.38|0.24|-0.45|-0.59|0.35|0.01|-0.00|0.00|-0.01|0.00|1.02|-0.23|-1.21|0.49|-0.18|0.32|-0.39|0.40|-0.88
-0.37|0.03|0.09|0.39|0.22|-0.49|-0.65|0.00|-0.01|-0.25|-0.90|-0.63|-0.00|0.02|-0.02|-0.44|0.51|0.04|-0.16|-0.38|0.60|0.47|0.49|0.61|0.18|0.18|-0.35
0.29|0.05|0.26|0.24|0.51|-0.49|-0.78|0.14|0.19|-0.16|-0.14|-0.19|0.02|-0.03|0.06|-0.02|0.45|-0.29|-0.55|-0.36|-0.22|-0.12|-0.58|-0.16|-0.16|-0.40|-0.30
------ Dim separator ------
-0.15|0.01|0.32|0.74|0.00|0.49|-0.10|0.57|0.37|-0.04|0.52|0.65|0.01|-0.05|0.03|0.53|0.63|0.47|-0.24|-0.62|-0.38|0.28|0.10|1.04|-0.89|0.43|0.23
-0.98|0.01|-0.07|-0.36|0.15|0.00|-0.14|0.38|-0.13|0.75|0.07|0.22|-0.01|-0.01|-0.02|0.10|-0.52|-0.74|-0.05|0.25|0.13|-0.61|-0.20|-0.21|-0.54|-0.91|0.62
0.21|0.12|-0.60|0.93|0.64|-0.11|-0.50|-0.18|-0.56|-0.19|0.09|-0.50|0.36|0.02|0.00|0.01|-0.02|-0.01|0.99|-0.36|0.23|0.35|0.08|0.02|0.64|0.38|0.07
0.37|0.74|-0.11|0.26|0.08|0.02|-0.57|-0.05|-0.04|-0.31|-0.49|0.39|0.58|0.00|0.05|0.01|-0.00|-0.00|0.99|-0.94|0.70|-0.89|0.05|-0.13|0.67|0.43|0.23
0.11|-0.36|-0.16|0.54|0.57|0.12|-0.07|-0.31|-0.45|0.45|-0.57|-0.23|-0.03|0.02|-0.02|0.11|0.38|-0.61|-0.81|0.32|-0.37|0.34|-0.48|0.44|-1.13|0.62|0.03
------ Dim separator ------
-0.61|0.56|-0.18|0.43|-0.27|-0.35|0.40|-0.28|0.39|-0.05|0.46|0.00|-0.01|-0.00|-0.03|0.47|0.21|0.22|-0.37|-0.45|-0.91|-0.12|-0.03|-0.16|0.11|-0.86|0.21
-0.54|-0.29|-0.24|-0.03|0.33|0.25|-0.03|0.27|-0.13|0.16|0.37|0.46|-0.02|-0.01|0.01|-0.34|-0.55|0.59|0.12|0.17|0.77|-0.06|0.08|0.23|0.40|0.62|-1.37
-0.42|-0.22|0.14|0.78|-0.00|-0.36|-0.29|0.45|-0.16|-0.58|0.13|0.84|-0.03|0.01|-0.01|-0.17|0.26|-0.46|0.69|-0.21|-0.25|-0.69|-0.10|0.19|0.18|0.03|0.65
-0.01|-0.61|-0.66|0.34|-0.77|0.27|0.61|0.34|0.53|0.32|-0.70|0.32|0.04|0.01|-0.03|-0.27|0.38|-0.21|0.97|0.02|-0.09|0.49|-0.34|0.17|0.17|0.26|0.12
-0.64|0.34|-1.02|-0.46|-0.02|0.72|0.68|-0.30|0.17|0.23|-0.13|0.30|0.05|-0.01|0.01|0.01|-0.39|-0.39|-0.17|0.32|0.40|-0.39|0.96|0.42|-0.16|-0.37|0.07
------ Dim separator ------
0.35|0.45|-0.76|-0.01|0.07|-0.22|-0.41|0.09|0.87|-0.03|-0.64|-0.17|0.01|0.04|-0.02|-0.11|0.43|-0.12|-0.56|-0.15|0.45|-0.29|-0.75|0.09|0.63|-0.94|-0.55
-0.46|-0.07|0.01|-0.25|-0.49|0.28|0.57|-1.04|-0.08|0.12|-0.92|-0.07|0.02|0.01|0.06|-0.69|0.19|-0.09|-0.10|-0.27|0.17|-0.20|0.45|0.43|0.37|0.05|0.05
0.38|-0.14|-0.02|0.76|-0.08|-0.17|-0.33|0.37|0.25|-0.16|-0.23|-0.68|0.59|-0.03|0.07|-0.03|0.01|0.02|0.99|0.45|0.27|-0.01|-0.01|-0.18|0.02|0.18|-0.03
0.23|-0.12|-0.22|0.71|-0.14|0.43|-0.40|0.32|0.18|0.03|-0.44|0.24|0.06|0.00|-0.01|0.13|-0.04|0.18|0.75|-0.10|-0.12|-1.13|-0.14|0.16|-0.93|0.07|-0.56
0.39|-0.42|-0.51|0.02|-0.95|0.12|-0.33|-0.94|0.44|-0.29|0.05|-0.55|-0.04|-0.01|0.02|-0.76|0.29|-0.14|-0.04|-0.10|0.75|-0.47|0.46|0.16|0.10|-0.68|0.13
------ Dim separator ------
0.56|-0.02|0.28|-0.24|-0.18|0.23|0.25|0.05|-0.95|0.28|0.40|-0.01|-0.02|0.05|0.04|0.06|0.36|-0.17|0.15|0.27|-0.11|-1.32|0.07|0.08|-0.23|0.11|0.23
-0.67|-0.36|0.34|-0.25|-0.10|0.14|0.43|-0.54|-0.51|-0.22|0.28|-0.26|-0.02|-0.00|0.02|-0.20|0.19|0.23|-0.12|-0.23|0.61|-0.05|0.18|-0.65|-0.36|0.25|-0.19
0.57|-0.20|0.54|0.78|-0.06|-0.18|0.21|0.32|-0.05|0.12|-0.42|0.07|0.73|0.02|-0.01|-0.01|0.30|0.03|0.67|-0.34|-0.34|-0.38|0.09|-0.58|-0.49|0.29|-0.38
0.49|0.04|-0.64|0.18|-0.02|0.19|-0.54|-0.58|0.24|0.38|-0.31|-0.34|0.62|-0.01|-0.03|-0.01|-0.01|0.02|1.01|-0.18|0.35|-0.49|0.38|0.15|0.16|0.71|-0.57
-0.23|-0.38|-0.51|-0.65|0.22|0.42|0.32|-0.05|-0.48|0.63|-0.03|0.28|-0.04|-0.01|0.00|0.74|-0.34|-0.39|-0.32|0.24|0.17|0.09|0.47|0.17|0.29|0.35|-0.08
