------ Dim separator ------
-0.47|0.20|-0.07|0.30|-0.87|-0.55|0.17|0.02|0.05|-0.20|-0.30|-0.39|0.01|0.02|0.02|-0.16|0.52|0.45|-0.47|-0.55|-0.08|-0.21|0.31|-0.25|0.30|-0.10|0.63
-0.12|0.41|-0.27|0.18|0.15|0.25|0.10|-0.07|0.18|0.01|-0.21|0.22|0.00|0.04|-0.03|-0.24|0.02|-0.21|-0.07|-0.30|-0.20|0.22|0.10|-0.33|0.38|0.08|-0.28
0.75|0.03|-0.39|0.74|0.53|-0.63|0.29|-0.18|-0.36|0.20|-0.38|-0.50|0.33|0.01|-0.03|0.01|-0.00|0.01|1.00|-0.22|-1.14|0.47|-0.18|0.30|-0.37|0.35|-0.89
-0.42|0.01|0.05|0.38|0.25|-0.50|-0.65|0.08|-0.04|-0.25|-0.88|-0.63|-0.02|0.02|0.01|-0.47|0.57|0.02|-0.05|-0.31|0.66|0.50|0.57|0.57|0.19|0.16|-0.35
0.31|0.02|0.17|0.22|0.48|-0.46|-0.72|0.10|0.26|-0.12|-0.22|-0.23|0.01|0.01|-0.04|0.02|0.38|-0.23|-0.57|-0.35|-0.23|-0.09|-0.61|-0.15|-0.14|-0.43|-0.24
------ Dim separator ------
-0.19|0.03|0.28|0.72|-0.03|0.48|-0.11|0.62|0.32|-0.02|0.49|0.68|-0.01|0.02|-0.01|0.54|0.64|0.42|-0.28|-0.64|-0.35|0.29|0.13|1.03|-0.86|0.42|0.20
-0.94|0.01|-0.17|-0.29|0.17|0.01|-0.12|0.34|-0.20|0.83|0.03|0.26|0.01|-0.03|-0.02|0.13|-0.53|-0.75|-0.07|0.23|0.12|-0.59|-0.18|-0.25|-0.50|-0.93|0.59
0.23|0.13|-0.60|0.92|0.62|-0.16|-0.43|-0.11|-0.52|-0.21|0.10|-0.47|0.32|0.01|0.02|-0.03|-0.03|-0.00|0.98|-0.33|0.20|0.35|0.09|-0.01|0.64|0.32|0.07
0.47|0.71|-0.09|0.18|0.08|0.01|-0.54|-0.05|-0.07|-0.32|-0.48|0.33|0.57|0.03|0.01|-0.02|0.02|-0.02|1.01|-0.86|0.72|-0.92|0.07|-0.06|0.64|0.45|0.23
0.10|-0.39|-0.14|0.54|0.51|0.07|-0.09|-0.39|-0.43|0.47|-0.52|-0.20|-0.01|-0.03|0.01|0.16|0.38|-0.56|-0.69|0.36|-0.40|0.37|-0.39|0.48|-1.11|0.62|0.06
------ Dim separator ------
-0.60|0.57|-0.22|0.41|-0.34|-0.43|0.42|-0.29|0.44|0.01|0.53|-0.06|0.01|-0.04|0.02|0.49|0.28|0.29|-0.30|-0.46|-0.86|-0.17|-0.04|-0.16|0.11|-0.85|0.16
-0.50|-0.27|-0.29|-0.02|0.30|0.21|0.02|0.25|-0.16|0.16|0.38|0.51|-0.01|-0.00|-0.01|-0.40|-0.52|0.61|0.14|0.14|0.79|-0.07|0.09|0.25|0.45|0.64|-1.35
-0.46|-0.14|0.21|0.77|0.03|-0.31|-0.33|0.40|-0.10|-0.56|0.15|0.79|0.01|0.01|0.01|-0.19|0.26|-0.50|0.69|-0.26|-0.24|-0.68|-0.07|0.26|0.19|-0.04|0.60
0.08|-0.52|-0.63|0.31|-0.78|0.27|0.57|0.36|0.54|0.35|-0.74|0.33|0.00|0.01|0.03|-0.24|0.36|-0.16|0.97|-0.01|-0.09|0.52|-0.35|0.21|0.15|0.28|0.10
-0.66|0.31|-0.92|-0.50|-0.06|0.64|0.71|-0.31|0.12|0.27|-0.17|0.32|-0.02|-0.02|-0.01|0.03|-0.40|-0.40|-0.16|0.31|0.35|-0.31|0.96|0.46|-0.22|-0.42|0.03
------ Dim separator ------
0.33|0.48|-0.78|0.01|0.08|-0.20|-0.36|0.07|0.82|-0.09|-0.62|-0.13|-0.02|0.01|0.00|-0.03|0.49|-0.11|-0.62|-0.10|0.45|-0.26|-0.67|0.10|0.67|-0.89|-0.60
-0.50|-0.02|-0.01|-0.16|-0.51|0.28|0.56|-1.02|-0.09|0.11|-0.82|-0.03|0.03|-0.04|-0.05|-0.64|0.20|-0.03|-0.16|-0.28|0.13|-0.15|0.44|0.36|0.41|0.06|-0.01
0.44|-0.19|-0.02|0.76|-0.08|-0.13|-0.34|0.33|0.27|-0.15|-0.23|-0.64|0.56|-0.01|-0.01|0.02|-0.01|-0.00|0.97|0.35|0.33|-0.12|-0.05|-0.22|0.05|0.23|-0.07
0.24|-0.07|-0.26|0.66|-0.11|0.46|-0.37|0.33|0.18|-0.00|-0.46|0.18|-0.04|0.02|-0.03|0.13|-0.07|0.21|0.72|-0.15|-0.13|-1.17|-0.15|0.17|-0.92|-0.02|-0.50
0.37|-0.37|-0.54|-0.06|-0.97|0.10|-0.39|-0.90|0.49|-0.31|0.00|-0.48|0.02|-0.00|-0.02|-0.75|0.35|-0.12|0.01|-0.08|0.77|-0.49|0.45|0.20|0.11|-0.67|0.20
------ Dim separator ------
0.53|-0.09|0.29|-0.23|-0.12|0.17|0.22|0.09|-0.97|0.24|0.37|0.00|0.03|-0.00|0.00|0.06|0.36|-0.18|0.12|0.25|-0.12|-1.23|0.01|0.10|-0.21|0.11|0.25
-0.66|-0.35|0.29|-0.29|-0.16|0.13|0.38|-0.48|-0.59|-0.23|0.30|-0.25|-0.01|0.02|-0.01|-0.23|0.20|0.17|-0.09|-0.26|0.55|-0.07|0.21|-0.67|-0.36|0.26|-0.22
0.51|-0.20|0.56|0.72|-0.04|-0.17|0.18|0.37|-0.05|0.21|-0.42|0.12|0.73|-0.00|0.00|-0.01|0.33|0.01|0.67|-0.33|-0.38|-0.36|0.02|-0.57|-0.45|0.29|-0.39
0.66|0.07|-0.60|0.22|-0.03|0.21|-0.56|-0.52|0.26|0.32|-0.29|-0.38|0.53|0.03|0.02|-0.01|0.01|-0.01|1.00|-0.16|0.30|-0.44|0.35|0.15|0.15|0.75|-0.58
-0.28|-0.31|-0.50|-0.63|0.21|0.40|0.35|-0.07|-0.51|0.53|-0.05|0.25|0.02|-0.01|-0.00|0.77|-0.27|-0.33|-0.25|0.21|0.16|0.05|0.50|0.16|0.33|0.35|-0.07
