------ Dim separator ------
-0.48|0.19|-0.06|0.28|-0.88|-0.52|0.15|-0.01|0.03|-0.24|-0.33|-0.36|-0.01|0.00|-0.01|-0.14|0.50|0.48|-0.45|-0.52|-0.12|-0.22|0.36|-0.22|0.31|-0.09|0.62
-0.12|0.39|-0.26|0.20|0.19|0.26|0.11|-0.11|0.21|-0.02|-0.19|0.18|0.00|0.02|0.00|-0.22|0.03|-0.23|-0.10|-0.30|-0.20|0.23|0.13|-0.36|0.35|0.08|-0.28
0.77|0.02|-0.42|0.73|0.55|-0.66|0.31|-0.23|-0.38|0.20|-0.44|-0.54|0.34|-0.00|0.00|0.00|0.01|-0.00|0.98|-0.21|-1.17|0.44|-0.19|0.26|-0.37|0.37|-0.88
-0.44|0.03|0.08|0.40|0.23|-0.52|-0.66|0.04|-0.02|-0.25|-0.87|-0.62|0.00|-0.01|-0.00|-0.45|0.54|0.05|-0.09|-0.31|0.63|0.52|0.56|0.58|0.18|0.18|-0.34
0.32|0.04|0.21|0.24|0.47|-0.48|-0.72|0.11|0.27|-0.13|-0.25|-0.25|0.00|-0.01|-0.01|0.00|0.41|-0.22|-0.58|-0.34|-0.21|-0.07|-0.63|-0.18|-0.13|-0.40|-0.24
------ Dim separator ------
-0.16|-0.00|0.29|0.76|-0.03|0.48|-0.08|0.60|0.36|-0.04|0.50|0.67|-0.02|-0.00|-0.03|0.55|0.61|0.44|-0.24|-0.65|-0.37|0.26|0.13|1.02|-0.88|0.42|0.18
-0.94|0.01|-0.13|-0.34|0.15|-0.00|-0.11|0.34|-0.17|0.82|0.05|0.24|-0.02|-0.00|0.01|0.12|-0.53|-0.75|-0.07|0.21|0.12|-0.60|-0.19|-0.23|-0.50|-0.91|0.60
0.22|0.13|-0.63|0.91|0.65|-0.13|-0.46|-0.13|-0.56|-0.16|0.09|-0.48|0.31|0.04|0.01|-0.05|0.00|-0.00|0.97|-0.33|0.22|0.34|0.08|0.02|0.67|0.32|0.09
0.40|0.72|-0.08|0.21|0.07|0.02|-0.54|-0.05|-0.04|-0.31|-0.49|0.36|0.57|0.01|-0.00|0.01|0.02|0.01|1.03|-0.88|0.72|-0.90|0.09|-0.07|0.63|0.49|0.26
0.09|-0.38|-0.14|0.57|0.54|0.10|-0.08|-0.39|-0.44|0.46|-0.56|-0.20|0.01|0.04|0.00|0.17|0.39|-0.56|-0.71|0.36|-0.39|0.38|-0.47|0.50|-1.12|0.63|0.05
------ Dim separator ------
-0.61|0.59|-0.24|0.44|-0.35|-0.37|0.43|-0.30|0.45|-0.02|0.50|-0.08|-0.02|-0.01|0.00|0.46|0.25|0.32|-0.31|-0.45|-0.89|-0.18|-0.07|-0.15|0.16|-0.85|0.18
-0.52|-0.33|-0.27|-0.01|0.26|0.20|0.04|0.23|-0.15|0.18|0.40|0.49|-0.00|-0.02|-0.01|-0.40|-0.53|0.63|0.15|0.14|0.75|-0.06|0.08|0.23|0.46|0.62|-1.37
-0.41|-0.18|0.18|0.76|0.07|-0.34|-0.34|0.38|-0.14|-0.58|0.12|0.80|-0.01|-0.04|-0.02|-0.19|0.25|-0.48|0.69|-0.29|-0.23|-0.69|-0.08|0.22|0.18|-0.02|0.62
0.09|-0.54|-0.65|0.34|-0.76|0.29|0.58|0.40|0.54|0.35|-0.72|0.34|-0.02|-0.02|-0.01|-0.25|0.38|-0.19|0.99|-0.03|-0.05|0.52|-0.34|0.19|0.16|0.29|0.08
-0.69|0.33|-0.93|-0.50|-0.05|0.66|0.69|-0.32|0.18|0.24|-0.16|0.31|-0.02|-0.02|-0.03|0.01|-0.39|-0.39|-0.15|0.31|0.39|-0.33|1.00|0.50|-0.21|-0.38|0.02
------ Dim separator ------
0.35|0.46|-0.76|0.02|0.09|-0.20|-0.37|0.08|0.85|-0.10|-0.66|-0.14|-0.00|0.02|0.02|-0.07|0.44|-0.11|-0.59|-0.11|0.45|-0.30|-0.73|0.10|0.68|-0.91|-0.61
-0.49|-0.05|-0.02|-0.17|-0.50|0.30|0.55|-1.04|-0.11|0.11|-0.88|-0.06|0.02|-0.01|0.00|-0.66|0.22|-0.01|-0.15|-0.30|0.14|-0.17|0.42|0.42|0.41|0.05|0.03
0.45|-0.16|-0.00|0.75|-0.07|-0.17|-0.35|0.34|0.31|-0.16|-0.26|-0.65|0.56|-0.00|-0.05|0.00|0.02|0.01|0.99|0.42|0.30|-0.06|-0.02|-0.21|0.03|0.22|-0.10
0.23|-0.06|-0.25|0.66|-0.11|0.45|-0.42|0.32|0.18|-0.01|-0.48|0.23|0.00|0.02|0.02|0.11|-0.06|0.22|0.73|-0.12|-0.13|-1.19|-0.16|0.15|-0.93|0.02|-0.51
0.39|-0.38|-0.52|-0.03|-1.01|0.13|-0.35|-0.91|0.49|-0.30|-0.00|-0.52|-0.01|0.03|0.01|-0.77|0.32|-0.12|0.01|-0.08|0.73|-0.50|0.45|0.16|0.11|-0.67|0.17
------ Dim separator ------
0.54|-0.07|0.27|-0.23|-0.15|0.21|0.26|0.07|-0.97|0.28|0.38|0.01|0.01|-0.00|0.04|0.05|0.35|-0.16|0.12|0.27|-0.12|-1.26|0.02|0.09|-0.25|0.12|0.25
-0.68|-0.34|0.34|-0.28|-0.15|0.15|0.40|-0.49|-0.57|-0.19|0.29|-0.29|-0.01|0.00|-0.02|-0.23|0.22|0.24|-0.08|-0.27|0.57|-0.06|0.20|-0.66|-0.39|0.31|-0.21
0.57|-0.23|0.56|0.75|-0.09|-0.19|0.18|0.37|-0.05|0.15|-0.43|0.12|0.80|-0.00|-0.01|0.01|0.34|-0.03|0.66|-0.36|-0.37|-0.39|0.05|-0.59|-0.47|0.30|-0.42
0.61|0.08|-0.60|0.23|-0.01|0.19|-0.58|-0.53|0.24|0.36|-0.31|-0.37|0.57|-0.00|-0.02|-0.02|-0.03|0.02|0.97|-0.15|0.32|-0.45|0.35|0.16|0.15|0.76|-0.57
-0.27|-0.38|-0.50|-0.62|0.21|0.42|0.36|-0.10|-0.49|0.53|-0.03|0.25|0.01|-0.03|0.02|0.75|-0.29|-0.36|-0.26|0.23|0.16|0.10|0.48|0.12|0.35|0.33|-0.09
