------ Dim separator ------
-0.46|0.19|-0.06|0.30|-0.85|-0.53|0.18|0.02|0.03|-0.21|-0.31|-0.38|0.01|0.00|0.03|-0.15|0.50|0.45|-0.47|-0.53|-0.09|-0.22|0.31|-0.23|0.30|-0.10|0.61
-0.13|0.41|-0.28|0.18|0.17|0.24|0.12|-0.09|0.18|-0.00|-0.20|0.22|0.01|0.05|-0.02|-0.21|0.01|-0.20|-0.08|-0.31|-0.18|0.23|0.10|-0.34|0.37|0.06|-0.27
0.74|0.03|-0.39|0.74|0.54|-0.63|0.29|-0.17|-0.37|0.19|-0.37|-0.51|0.34|0.01|-0.03|0.00|0.01|-0.00|0.99|-0.22|-1.15|0.47|-0.19|0.29|-0.36|0.35|-0.87
-0.43|0.03|0.05|0.39|0.25|-0.51|-0.65|0.07|-0.06|-0.24|-0.88|-0.63|-0.03|-0.00|-0.00|-0.47|0.56|0.04|-0.05|-0.30|0.66|0.50|0.58|0.56|0.18|0.17|-0.34
0.32|0.03|0.17|0.22|0.47|-0.46|-0.71|0.11|0.26|-0.12|-0.24|-0.25|-0.01|0.02|-0.04|0.01|0.39|-0.21|-0.58|-0.35|-0.21|-0.08|-0.62|-0.17|-0.14|-0.43|-0.23
------ Dim separator ------
-0.20|0.02|0.27|0.73|-0.02|0.49|-0.12|0.61|0.34|-0.02|0.48|0.68|-0.01|0.02|-0.02|0.53|0.63|0.42|-0.27|-0.66|-0.36|0.28|0.13|1.01|-0.85|0.41|0.18
-0.94|0.01|-0.16|-0.31|0.15|0.01|-0.13|0.33|-0.19|0.84|0.04|0.27|0.01|-0.03|0.00|0.12|-0.53|-0.76|-0.07|0.22|0.10|-0.59|-0.17|-0.25|-0.49|-0.92|0.59
0.22|0.14|-0.59|0.93|0.63|-0.15|-0.43|-0.11|-0.54|-0.21|0.08|-0.47|0.31|-0.00|0.03|-0.04|-0.01|0.00|0.98|-0.34|0.21|0.34|0.08|0.00|0.65|0.30|0.10
0.47|0.70|-0.10|0.17|0.05|0.01|-0.54|-0.05|-0.06|-0.30|-0.48|0.34|0.58|0.02|0.00|-0.01|0.01|-0.02|1.01|-0.85|0.71|-0.89|0.07|-0.06|0.61|0.46|0.25
0.08|-0.39|-0.12|0.56|0.52|0.07|-0.10|-0.40|-0.42|0.46|-0.52|-0.20|0.02|-0.00|0.02|0.18|0.39|-0.52|-0.68|0.36|-0.40|0.36|-0.40|0.48|-1.11|0.63|0.09
------ Dim separator ------
-0.59|0.58|-0.23|0.41|-0.35|-0.41|0.42|-0.30|0.44|-0.00|0.52|-0.07|0.01|-0.03|0.02|0.47|0.28|0.33|-0.29|-0.46|-0.86|-0.17|-0.05|-0.14|0.13|-0.87|0.18
-0.50|-0.29|-0.30|-0.01|0.29|0.20|0.03|0.25|-0.14|0.17|0.39|0.52|-0.01|-0.01|0.00|-0.42|-0.51|0.62|0.14|0.15|0.76|-0.08|0.07|0.24|0.45|0.64|-1.35
-0.46|-0.13|0.21|0.77|0.05|-0.31|-0.34|0.37|-0.11|-0.58|0.13|0.80|0.01|-0.01|0.00|-0.19|0.27|-0.51|0.69|-0.29|-0.24|-0.68|-0.07|0.25|0.19|-0.04|0.60
0.10|-0.50|-0.63|0.32|-0.78|0.29|0.56|0.36|0.56|0.37|-0.74|0.35|-0.00|0.01|0.04|-0.24|0.36|-0.18|0.98|-0.01|-0.06|0.51|-0.35|0.21|0.14|0.28|0.09
-0.68|0.29|-0.91|-0.50|-0.07|0.64|0.71|-0.32|0.13|0.26|-0.16|0.31|-0.03|-0.02|-0.02|0.01|-0.39|-0.39|-0.17|0.31|0.35|-0.31|0.98|0.47|-0.22|-0.42|0.04
------ Dim separator ------
0.33|0.48|-0.78|0.03|0.08|-0.20|-0.36|0.08|0.82|-0.09|-0.63|-0.12|-0.02|0.01|0.00|-0.03|0.48|-0.12|-0.61|-0.08|0.46|-0.27|-0.69|0.10|0.68|-0.87|-0.61
-0.50|-0.03|-0.02|-0.16|-0.50|0.29|0.53|-1.04|-0.10|0.11|-0.83|-0.05|0.04|-0.05|-0.02|-0.64|0.20|-0.01|-0.17|-0.27|0.12|-0.14|0.43|0.38|0.41|0.06|-0.00
0.45|-0.20|-0.04|0.77|-0.08|-0.14|-0.34|0.35|0.28|-0.16|-0.25|-0.64|0.56|-0.00|-0.03|0.02|-0.01|0.01|0.97|0.37|0.34|-0.12|-0.05|-0.21|0.04|0.22|-0.08
0.24|-0.06|-0.28|0.64|-0.10|0.46|-0.38|0.33|0.17|-0.02|-0.46|0.18|-0.03|0.01|-0.01|0.12|-0.07|0.22|0.73|-0.15|-0.12|-1.17|-0.14|0.16|-0.93|-0.01|-0.50
0.39|-0.35|-0.53|-0.06|-0.99|0.12|-0.38|-0.89|0.50|-0.32|-0.02|-0.49|0.02|0.01|-0.02|-0.76|0.34|-0.12|0.01|-0.06|0.77|-0.48|0.44|0.19|0.12|-0.66|0.19
------ Dim separator ------
0.52|-0.07|0.28|-0.22|-0.13|0.18|0.24|0.08|-0.96|0.24|0.37|-0.00|0.03|-0.01|0.01|0.04|0.35|-0.17|0.12|0.25|-0.12|-1.22|0.02|0.10|-0.22|0.11|0.26
-0.68|-0.34|0.29|-0.29|-0.16|0.14|0.39|-0.48|-0.59|-0.21|0.32|-0.26|-0.00|0.02|-0.02|-0.23|0.21|0.17|-0.08|-0.26|0.57|-0.08|0.19|-0.66|-0.38|0.26|-0.22
0.52|-0.19|0.57|0.72|-0.07|-0.18|0.19|0.38|-0.07|0.20|-0.41|0.14|0.75|0.01|0.00|0.01|0.33|-0.00|0.67|-0.34|-0.37|-0.37|0.04|-0.59|-0.43|0.29|-0.39
0.67|0.08|-0.57|0.23|-0.01|0.20|-0.58|-0.52|0.25|0.33|-0.30|-0.37|0.53|0.03|0.01|-0.01|0.00|0.01|0.98|-0.16|0.28|-0.44|0.34|0.16|0.14|0.75|-0.56
-0.28|-0.34|-0.49|-0.61|0.20|0.39|0.35|-0.09|-0.51|0.53|-0.05|0.25|0.03|-0.01|-0.01|0.76|-0.29|-0.35|-0.25|0.23|0.15|0.07|0.51|0.15|0.34|0.34|-0.08
