------ Dim separator ------
-0.51|0.19|-0.07|0.27|-0.91|-0.51|0.17|-0.05|0.04|-0.23|-0.31|-0.40|0.01|0.01|0.00|-0.15|0.57|0.47|-0.45|-0.54|-0.09|-0.22|0.32|-0.24|0.33|-0.08|0.66
-0.10|0.40|-0.26|0.17|0.16|0.25|0.08|-0.10|0.22|-0.01|-0.19|0.22|-0.03|-0.00|-0.00|-0.24|0.04|-0.20|-0.08|-0.31|-0.19|0.21|0.11|-0.36|0.37|0.10|-0.28
0.77|0.03|-0.40|0.76|0.54|-0.67|0.29|-0.23|-0.34|0.21|-0.41|-0.54|0.33|-0.01|-0.01|-0.00|-0.01|0.01|1.03|-0.21|-1.17|0.46|-0.21|0.28|-0.39|0.37|-0.88
-0.39|0.01|0.07|0.40|0.23|-0.48|-0.65|0.04|-0.02|-0.25|-0.89|-0.65|0.01|0.03|0.01|-0.45|0.54|0.04|-0.12|-0.33|0.66|0.51|0.56|0.59|0.17|0.16|-0.33
0.31|0.03|0.20|0.25|0.50|-0.49|-0.73|0.17|0.24|-0.14|-0.22|-0.22|0.01|-0.01|0.02|0.03|0.42|-0.24|-0.54|-0.34|-0.20|-0.06|-0.60|-0.17|-0.15|-0.42|-0.28
------ Dim separator ------
-0.18|0.03|0.29|0.75|-0.03|0.50|-0.11|0.61|0.36|-0.04|0.49|0.69|-0.03|-0.03|0.00|0.55|0.64|0.45|-0.24|-0.62|-0.38|0.29|0.14|1.04|-0.88|0.41|0.19
-0.95|0.04|-0.13|-0.33|0.16|0.00|-0.13|0.37|-0.16|0.82|0.04|0.26|0.02|-0.00|-0.01|0.13|-0.53|-0.75|-0.06|0.24|0.13|-0.60|-0.19|-0.23|-0.50|-0.90|0.61
0.22|0.13|-0.61|0.95|0.62|-0.15|-0.45|-0.15|-0.54|-0.22|0.06|-0.49|0.33|-0.00|-0.02|-0.01|0.02|0.01|1.01|-0.33|0.24|0.34|0.10|0.02|0.66|0.31|0.07
0.40|0.73|-0.06|0.24|0.08|-0.01|-0.56|-0.06|-0.04|-0.32|-0.49|0.36|0.55|0.01|-0.00|-0.02|0.03|-0.01|0.99|-0.88|0.69|-0.90|0.06|-0.09|0.64|0.44|0.25
0.10|-0.40|-0.13|0.57|0.53|0.10|-0.07|-0.36|-0.43|0.42|-0.58|-0.21|0.00|0.00|-0.02|0.14|0.36|-0.59|-0.70|0.33|-0.40|0.39|-0.45|0.46|-1.11|0.63|0.03
------ Dim separator ------
-0.61|0.59|-0.22|0.42|-0.34|-0.39|0.42|-0.29|0.43|-0.03|0.52|-0.06|-0.02|-0.02|-0.01|0.49|0.24|0.30|-0.32|-0.44|-0.88|-0.13|-0.02|-0.17|0.13|-0.87|0.17
-0.56|-0.33|-0.29|-0.04|0.30|0.26|0.00|0.22|-0.18|0.20|0.38|0.51|0.00|-0.02|-0.01|-0.39|-0.51|0.60|0.13|0.14|0.76|-0.04|0.07|0.23|0.43|0.62|-1.39
-0.42|-0.18|0.18|0.78|0.04|-0.32|-0.30|0.42|-0.11|-0.57|0.17|0.83|-0.02|0.03|0.01|-0.20|0.28|-0.44|0.70|-0.25|-0.21|-0.68|-0.10|0.23|0.17|-0.02|0.63
0.04|-0.54|-0.68|0.31|-0.78|0.29|0.59|0.36|0.53|0.35|-0.72|0.33|-0.00|-0.02|-0.02|-0.26|0.40|-0.16|0.98|-0.01|-0.09|0.52|-0.32|0.17|0.17|0.26|0.08
-0.64|0.32|-0.95|-0.51|-0.03|0.68|0.68|-0.35|0.17|0.23|-0.13|0.31|-0.00|0.01|-0.01|0.02|-0.39|-0.39|-0.13|0.32|0.37|-0.35|0.99|0.46|-0.19|-0.36|0.04
------ Dim separator ------
0.35|0.48|-0.76|0.01|0.05|-0.19|-0.34|0.08|0.81|-0.07|-0.64|-0.13|0.01|0.01|-0.00|-0.06|0.48|-0.11|-0.59|-0.14|0.45|-0.30|-0.69|0.12|0.65|-0.91|-0.58
-0.50|-0.03|-0.00|-0.18|-0.51|0.26|0.55|-1.00|-0.11|0.12|-0.86|-0.07|-0.03|-0.01|-0.00|-0.64|0.21|-0.03|-0.10|-0.28|0.17|-0.14|0.44|0.42|0.40|0.07|0.03
0.41|-0.15|0.02|0.78|-0.08|-0.17|-0.31|0.35|0.28|-0.14|-0.25|-0.66|0.56|0.01|0.02|0.01|0.02|-0.00|1.01|0.39|0.27|-0.09|-0.01|-0.18|0.04|0.21|-0.06
0.24|-0.10|-0.24|0.66|-0.12|0.43|-0.37|0.35|0.18|-0.00|-0.48|0.21|0.02|-0.00|-0.00|0.10|-0.01|0.22|0.76|-0.12|-0.13|-1.15|-0.13|0.16|-0.93|0.03|-0.52
0.36|-0.43|-0.52|-0.02|-0.99|0.11|-0.36|-0.92|0.47|-0.29|0.02|-0.53|0.00|-0.01|-0.02|-0.79|0.31|-0.11|0.03|-0.13|0.74|-0.49|0.48|0.16|0.10|-0.68|0.17
------ Dim separator ------
0.53|-0.06|0.29|-0.24|-0.16|0.22|0.21|0.06|-0.95|0.30|0.35|-0.02|0.01|0.01|0.03|0.06|0.35|-0.20|0.11|0.27|-0.12|-1.26|0.06|0.08|-0.21|0.08|0.23
-0.67|-0.35|0.34|-0.26|-0.13|0.13|0.40|-0.50|-0.51|-0.23|0.30|-0.24|-0.00|0.03|0.02|-0.22|0.17|0.19|-0.08|-0.25|0.56|-0.05|0.19|-0.66|-0.36|0.25|-0.21
0.53|-0.18|0.55|0.76|-0.08|-0.18|0.20|0.34|-0.03|0.18|-0.46|0.10|0.73|-0.01|-0.02|0.01|0.30|0.01|0.64|-0.35|-0.36|-0.43|0.07|-0.57|-0.45|0.28|-0.39
0.59|0.06|-0.61|0.18|-0.03|0.17|-0.54|-0.52|0.27|0.34|-0.31|-0.37|0.57|-0.00|-0.03|-0.02|0.02|0.02|0.99|-0.16|0.33|-0.42|0.34|0.15|0.14|0.76|-0.56
-0.28|-0.37|-0.49|-0.64|0.19|0.39|0.33|-0.06|-0.47|0.55|-0.05|0.25|0.01|-0.00|0.00|0.75|-0.31|-0.37|-0.25|0.25|0.14|0.09|0.50|0.15|0.32|0.35|-0.06
