------ Dim separator ------
0.30|-0.13|0.24|-0.49|-0.18|-0.08|-0.80|-0.20|-0.48|-0.32|-0.24|-0.02|0.00|0.00|-0.00|0.26|-0.43|0.94|-0.44|0.65|-1.09|0.50|-0.04|0.72|1.15|0.19|-1.05
0.14|0.73|-0.12|0.16|-0.17|-0.05|0.29|-0.47|0.25|-0.83|-1.08|-0.98|0.00|0.00|0.00|0.13|-0.48|1.15|0.59|0.62|0.95|-0.50|0.26|0.47|0.42|0.11|-0.28
0.85|-0.69|-0.31|0.68|0.04|-0.25|-0.21|0.16|0.01|0.05|0.06|0.27|-0.00|-0.00|0.00|-0.53|-0.21|-0.18|0.81|0.96|0.10|-0.62|0.08|0.46|-0.23|-0.97|-0.36
-0.10|0.89|0.93|-0.32|0.51|0.03|0.41|-0.17|-0.00|-0.52|-0.36|1.19|0.00|-0.00|-0.00|-0.40|0.20|0.02|-0.42|0.13|-0.10|0.08|0.23|-0.29|-1.06|0.61|1.66
0.25|-0.44|-0.56|-0.27|0.75|0.34|-0.07|-0.25|0.14|-0.65|0.41|0.47|0.00|-0.00|0.00|0.69|-0.15|0.53|-0.09|-0.24|-0.65|0.40|-0.01|-1.10|0.90|0.45|-0.40
------ Dim separator ------
0.76|0.14|0.30|0.65|0.24|-0.17|0.54|0.39|-0.07|-0.22|-0.38|-0.12|-0.00|-0.00|-0.00|0.80|0.36|0.27|-0.82|-0.23|1.13|-0.23|-0.68|-0.46|0.62|-0.02|0.29
0.95|-0.31|0.19|-0.34|0.19|-0.78|0.38|-0.14|-0.31|-0.14|-0.28|-0.17|-0.00|0.00|-0.00|0.22|-0.47|0.73|-0.39|-1.00|0.79|0.05|-0.60|0.28|-0.44|0.21|0.73
0.32|-0.52|-0.33|0.83|0.13|0.46|0.57|-0.19|-0.05|-0.47|0.62|-1.02|-0.00|-0.00|0.00|0.30|-0.11|-0.09|0.81|0.08|-0.06|-0.19|0.77|-0.35|-0.15|0.98|-0.10
0.72|0.40|0.43|-0.07|1.18|-0.22|0.72|0.61|-0.26|0.19|-0.51|0.56|-0.00|-0.00|0.00|0.07|0.16|-0.16|0.98|-0.48|-0.34|-0.12|-0.54|0.63|-0.60|1.04|0.93
-0.14|0.35|1.30|0.56|0.53|-0.91|-0.41|-0.06|-0.46|-0.30|0.33|-0.29|-0.00|-0.00|0.00|-0.34|-0.17|0.09|-0.35|-1.40|-0.63|-0.07|0.36|0.11|0.03|0.14|-0.45
------ Dim separator ------
0.37|-0.65|-0.93|0.97|0.08|0.09|0.05|-0.74|-0.89|-0.14|0.45|0.20|0.00|0.00|-0.00|-0.06|-0.38|-0.48|-0.51|0.66|-0.07|0.26|0.15|-0.54|-1.42|-0.07|-0.43
0.47|0.15|-0.30|-0.58|-0.15|-0.20|0.36|-0.03|0.60|-0.22|0.54|-0.63|0.00|0.00|-0.00|0.90|0.63|0.27|-0.26|-0.23|0.04|-0.07|-0.06|0.37|0.17|-0.47|-0.78
-0.07|0.27|0.58|0.94|0.22|0.51|-0.10|0.32|-0.11|-0.25|-0.01|0.16|0.00|-0.00|-0.00|0.38|-0.36|0.81|0.39|-0.67|1.10|-0.55|1.01|0.81|0.19|-0.52|0.37
-1.52|0.68|0.36|0.06|-0.60|0.80|0.64|0.08|0.21|0.38|-0.41|0.32|-0.00|0.00|-0.00|0.29|-0.87|-0.28|-0.67|-1.12|-0.98|-0.22|-0.17|0.32|0.49|-0.10|-0.35
0.28|-0.34|0.49|-1.18|1.13|0.55|-0.09|-1.17|-0.04|1.00|0.06|-0.93|0.00|0.00|0.00|-0.31|-0.75|0.28|-0.19|0.04|0.55|0.40|-0.78|0.28|0.07|0.97|0.43
------ Dim separator ------
0.32|-0.33|-0.35|-1.61|0.89|0.42|0.18|-0.17|-0.12|0.37|-0.06|0.16|0.00|0.00|-0.00|-0.58|-0.41|-0.80|-1.45|0.54|-0.33|-0.10|1.25|-0.85|0.44|0.52|-0.16
-0.07|0.19|-0.25|0.50|-0.49|-0.57|-0.01|-0.17|-0.61|0.38|-0.42|-0.04|0.00|-0.00|-0.00|-0.05|0.31|0.30|-0.13|-0.23|0.58|-0.17|0.29|0.04|-0.08|1.21|0.20
0.52|0.12|-0.59|0.86|0.55|0.07|0.21|0.17|0.08|-0.27|0.07|0.08|-0.00|-0.00|-0.00|0.08|0.22|0.02|0.90|0.63|-0.59|0.23|0.13|0.69|0.28|-0.42|-0.11
1.16|0.23|0.03|-0.27|0.28|-0.07|0.68|-0.30|0.22|-0.36|-0.20|0.03|-0.00|-0.00|0.00|0.95|-0.34|-0.12|0.65|-0.14|-0.14|-0.17|-0.45|-0.33|-0.44|-0.06|-0.33
1.19|-0.25|-1.06|-1.34|-0.13|0.84|-0.37|0.53|0.02|-0.72|1.26|0.34|-0.00|0.00|0.00|0.86|-0.06|-0.12|-0.99|0.18|0.46|-0.94|0.29|0.29|1.39|-0.23|0.42
------ Dim separator ------
-0.73|0.98|0.17|0.49|0.37|-1.01|0.98|0.77|-0.59|-0.43|0.46|0.13|-0.00|-0.00|-0.00|-0.30|0.20|-0.10|-0.44|-0.65|-0.15|-0.34|0.01|-1.41|0.75|-0.23|0.25
-0.67|-0.37|-1.17|0.09|0.30|-0.16|0.89|0.06|0.01|0.49|-0.79|-0.81|-0.00|-0.00|0.00|0.01|0.39|0.35|-0.11|-0.46|-0.77|-0.54|-0.75|-0.57|-0.26|0.28|0.04
0.54|0.13|-0.28|0.79|-0.49|-0.21|-0.08|-0.31|-0.73|-0.29|1.27|0.18|0.00|0.00|-0.00|-0.06|0.27|0.16|0.67|-0.08|-0.48|0.46|0.78|-0.03|1.25|-0.28|0.15
0.72|0.73|-0.00|0.32|-0.20|0.18|-0.39|-0.19|-0.89|0.20|-0.09|0.10|0.01|0.00|0.00|0.09|-0.01|0.04|0.96|0.39|0.18|-0.32|-0.19|0.86|-1.38|0.00|1.18
0.74|0.25|0.35|-0.43|-0.20|-0.35|0.26|-1.15|0.29|-0.26|-0.79|1.01|0.00|0.00|-0.00|-1.01|-0.88|-0.65|-0.17|-0.09|0.31|0.11|-0.69|-0.08|0.47|0.22|-0.68
