------ Dim separator ------
0.30|-0.14|0.24|-0.49|-0.18|-0.08|-0.81|-0.19|-0.49|-0.32|-0.24|-0.02|-0.00|-0.00|-0.00|0.25|-0.43|0.95|-0.44|0.65|-1.08|0.50|-0.05|0.72|1.15|0.19|-1.06
0.14|0.73|-0.13|0.17|-0.17|-0.05|0.29|-0.47|0.25|-0.83|-1.09|-0.99|-0.00|0.00|-0.00|0.13|-0.48|1.15|0.59|0.63|0.95|-0.50|0.26|0.47|0.42|0.11|-0.28
0.85|-0.69|-0.31|0.68|0.05|-0.25|-0.21|0.15|0.01|0.05|0.06|0.27|-0.00|0.00|0.00|-0.53|-0.21|-0.17|0.81|0.96|0.10|-0.62|0.08|0.46|-0.24|-0.97|-0.36
-0.10|0.89|0.92|-0.32|0.51|0.03|0.41|-0.17|-0.00|-0.52|-0.36|1.19|-0.00|0.00|-0.00|-0.39|0.19|0.02|-0.42|0.12|-0.11|0.09|0.23|-0.29|-1.07|0.61|1.66
0.25|-0.44|-0.56|-0.27|0.74|0.34|-0.08|-0.24|0.14|-0.65|0.41|0.46|-0.00|-0.00|-0.00|0.70|-0.15|0.53|-0.09|-0.24|-0.65|0.40|-0.01|-1.11|0.90|0.45|-0.40
------ Dim separator ------
0.76|0.14|0.30|0.66|0.24|-0.17|0.54|0.39|-0.07|-0.22|-0.39|-0.12|0.00|0.00|0.00|0.80|0.36|0.27|-0.83|-0.23|1.13|-0.22|-0.68|-0.46|0.61|-0.01|0.29
0.95|-0.31|0.19|-0.34|0.19|-0.78|0.38|-0.14|-0.32|-0.14|-0.28|-0.16|-0.00|0.00|-0.00|0.22|-0.47|0.73|-0.39|-1.00|0.79|0.04|-0.61|0.28|-0.44|0.21|0.72
0.32|-0.53|-0.33|0.83|0.14|0.46|0.57|-0.19|-0.05|-0.48|0.62|-1.02|0.01|-0.00|0.00|0.30|-0.11|-0.09|0.82|0.09|-0.06|-0.19|0.77|-0.35|-0.15|0.98|-0.10
0.72|0.40|0.43|-0.07|1.18|-0.22|0.72|0.61|-0.26|0.19|-0.50|0.57|0.00|0.00|0.00|0.07|0.16|-0.16|0.98|-0.48|-0.34|-0.12|-0.54|0.63|-0.60|1.04|0.93
-0.14|0.35|1.30|0.56|0.54|-0.90|-0.41|-0.06|-0.46|-0.29|0.32|-0.29|0.00|-0.00|-0.00|-0.34|-0.18|0.09|-0.35|-1.41|-0.63|-0.08|0.36|0.11|0.03|0.14|-0.45
------ Dim separator ------
0.37|-0.65|-0.94|0.97|0.08|0.09|0.06|-0.74|-0.89|-0.14|0.45|0.21|0.00|0.00|0.00|-0.06|-0.38|-0.48|-0.51|0.65|-0.07|0.26|0.15|-0.54|-1.42|-0.08|-0.43
0.47|0.15|-0.30|-0.58|-0.14|-0.21|0.36|-0.03|0.60|-0.22|0.54|-0.63|0.00|-0.00|-0.00|0.90|0.63|0.27|-0.26|-0.23|0.04|-0.07|-0.06|0.37|0.17|-0.47|-0.78
-0.07|0.26|0.57|0.93|0.22|0.51|-0.10|0.32|-0.11|-0.26|-0.01|0.15|0.00|-0.00|-0.00|0.38|-0.36|0.82|0.38|-0.67|1.10|-0.54|1.01|0.81|0.19|-0.52|0.37
-1.52|0.68|0.36|0.06|-0.60|0.81|0.64|0.08|0.21|0.38|-0.40|0.31|-0.00|0.00|0.00|0.28|-0.87|-0.28|-0.67|-1.13|-0.98|-0.22|-0.17|0.32|0.49|-0.10|-0.35
0.28|-0.34|0.50|-1.18|1.13|0.55|-0.09|-1.17|-0.04|1.00|0.07|-0.93|0.00|-0.00|-0.00|-0.31|-0.74|0.28|-0.19|0.04|0.55|0.40|-0.78|0.28|0.07|0.97|0.44
------ Dim separator ------
0.32|-0.33|-0.35|-1.61|0.89|0.42|0.18|-0.17|-0.12|0.37|-0.06|0.17|-0.00|-0.00|-0.00|-0.58|-0.41|-0.80|-1.45|0.54|-0.33|-0.10|1.25|-0.84|0.44|0.53|-0.16
-0.07|0.18|-0.25|0.50|-0.49|-0.57|-0.01|-0.17|-0.61|0.38|-0.42|-0.04|0.00|0.00|0.00|-0.05|0.31|0.30|-0.13|-0.23|0.58|-0.17|0.29|0.04|-0.08|1.21|0.20
0.52|0.13|-0.58|0.86|0.55|0.07|0.21|0.18|0.08|-0.28|0.07|0.08|0.00|-0.00|-0.00|0.08|0.22|0.02|0.90|0.63|-0.60|0.23|0.13|0.69|0.28|-0.42|-0.11
1.16|0.23|0.03|-0.27|0.28|-0.06|0.68|-0.30|0.23|-0.36|-0.20|0.04|-0.00|-0.00|-0.00|0.95|-0.34|-0.13|0.65|-0.14|-0.14|-0.17|-0.45|-0.33|-0.44|-0.05|-0.33
1.19|-0.25|-1.06|-1.34|-0.14|0.84|-0.37|0.53|0.02|-0.72|1.26|0.34|-0.00|-0.00|0.00|0.86|-0.07|-0.12|-0.99|0.18|0.46|-0.94|0.29|0.29|1.39|-0.24|0.42
------ Dim separator ------
-0.72|0.98|0.17|0.49|0.38|-1.01|0.98|0.77|-0.59|-0.43|0.46|0.13|-0.00|-0.00|0.00|-0.30|0.19|-0.10|-0.43|-0.65|-0.14|-0.34|0.01|-1.41|0.75|-0.23|0.26
-0.67|-0.37|-1.17|0.08|0.29|-0.16|0.89|0.06|0.01|0.50|-0.79|-0.81|-0.00|-0.00|0.00|0.01|0.39|0.35|-0.11|-0.47|-0.78|-0.54|-0.75|-0.57|-0.26|0.28|0.04
0.54|0.13|-0.28|0.79|-0.49|-0.21|-0.10|-0.32|-0.73|-0.28|1.28|0.18|0.00|-0.00|-0.00|-0.06|0.27|0.16|0.67|-0.08|-0.49|0.46|0.78|-0.03|1.25|-0.28|0.14
0.72|0.72|-0.00|0.31|-0.20|0.18|-0.39|-0.19|-0.89|0.20|-0.09|0.10|0.00|0.00|-0.00|0.09|-0.01|0.05|0.96|0.39|0.18|-0.31|-0.19|0.86|-1.38|0.00|1.19
0.74|0.25|0.36|-0.44|-0.20|-0.35|0.26|-1.16|0.29|-0.26|-0.79|1.01|0.00|0.00|0.00|-1.01|-0.88|-0.65|-0.17|-0.09|0.31|0.11|-0.69|-0.08|0.47|0.22|-0.69
