------ Dim separator ------
0.65|-0.19|0.14|-0.50|-0.22|-0.20|-0.91|-0.29|-0.06|-0.23|-0.03|0.02|0.00|-0.00|-0.00|0.42|-0.43|0.34|-0.52|0.72|-0.99|0.12|-0.17|0.62|0.88|0.09|-0.98
0.02|0.61|-0.40|0.39|-0.07|-0.04|0.06|-0.35|0.32|-0.71|-1.11|-1.11|0.00|0.00|-0.00|0.15|-0.56|0.87|0.63|0.65|0.88|-0.61|-0.08|0.69|0.38|0.47|-0.15
0.74|-0.38|-0.17|0.74|-0.20|-0.19|-0.30|0.21|-0.02|-0.19|-0.06|0.14|1.00|-0.00|0.00|-0.00|0.00|0.00|1.00|0.78|0.09|-0.76|-0.17|0.52|0.06|-0.97|-0.04
0.14|0.81|0.46|-0.19|0.37|0.48|0.43|0.01|-0.01|-0.53|-0.48|1.07|0.00|-0.00|-0.00|-0.74|0.07|0.00|-0.39|0.22|-0.11|0.25|0.25|-0.32|-1.08|0.95|1.39
0.09|-0.12|-0.41|-0.23|0.87|0.46|-0.04|-0.25|0.31|-0.47|0.58|0.44|-0.00|0.00|0.00|0.55|0.03|0.45|-0.15|-0.33|-0.64|0.39|0.29|-1.05|1.18|0.49|-0.15
------ Dim separator ------
0.92|0.02|0.33|0.81|0.50|0.08|0.62|0.50|0.18|0.13|-0.04|-0.11|0.00|-0.00|-0.00|0.89|0.24|0.30|-0.85|-0.22|0.79|0.18|-0.57|-0.39|0.75|0.10|0.55
0.79|-0.10|0.10|-0.44|-0.08|-0.71|-0.08|-0.50|-0.16|-0.02|-0.37|-0.21|0.00|0.00|0.00|-0.20|-0.45|0.86|-0.25|-0.96|0.62|0.18|-0.59|0.47|-0.55|0.12|0.58
0.18|-0.64|-0.31|0.83|0.02|0.42|0.46|-0.19|-0.39|-0.81|0.70|-1.18|0.00|-0.00|0.00|0.12|-0.32|-0.15|0.91|0.14|0.02|-0.06|1.00|-0.00|-0.04|1.04|-0.00
0.69|0.37|0.61|0.06|0.87|-0.33|0.67|0.58|-0.03|0.27|-0.27|0.49|1.00|-0.00|-0.00|0.00|-0.00|0.00|1.00|-0.26|-0.39|-0.08|-0.39|0.52|-0.56|1.25|0.81
-0.35|0.57|1.49|0.51|0.64|-0.69|-0.41|-0.04|-0.40|-0.32|0.18|-0.55|0.00|-0.00|0.00|-0.47|-0.26|0.02|-0.42|-1.80|-0.68|-0.11|0.36|-0.06|-0.19|0.06|-0.31
------ Dim separator ------
0.57|-0.82|-0.99|0.91|0.04|0.01|0.17|-0.69|-0.63|0.23|0.65|0.19|0.00|0.00|0.00|-0.22|-0.21|-0.61|-0.18|0.46|-0.11|0.11|0.44|-0.28|-1.35|-0.08|-0.18
0.45|-0.20|-0.25|-0.35|-0.02|-0.32|0.32|-0.12|0.59|-0.14|0.38|-0.47|0.00|-0.00|0.00|1.05|0.60|0.17|-0.23|-0.58|-0.02|-0.28|-0.14|0.33|0.31|-0.43|-0.69
-0.28|0.37|0.87|0.71|0.18|0.29|-0.14|0.09|-0.22|-0.26|-0.17|0.21|0.00|-0.00|-0.00|0.69|-0.32|0.69|0.33|-0.21|1.10|-0.39|0.89|0.69|0.38|-0.34|0.25
-1.52|0.83|0.55|0.23|-0.53|0.97|0.87|0.03|0.39|0.57|-0.62|0.57|0.00|0.00|0.00|0.20|-0.64|-0.22|-0.27|-0.97|-0.71|-0.56|0.06|-0.20|0.66|-0.16|-0.13
0.04|-0.40|0.30|-1.37|1.23|0.43|-0.30|-1.07|0.06|0.79|0.19|-0.66|-0.00|0.00|0.00|-0.52|-0.67|0.11|-0.32|0.04|0.54|0.28|-0.94|0.49|0.19|0.90|0.42
------ Dim separator ------
0.13|-0.10|-0.44|-1.23|0.70|0.52|0.06|-0.32|0.01|0.13|-0.37|0.07|-0.00|-0.00|0.00|-0.44|-0.37|-0.88|-1.48|0.38|-0.11|-0.19|1.21|-1.00|0.04|0.68|0.04
-0.06|0.24|-0.14|0.43|-0.41|-0.59|-0.06|0.02|-0.26|0.40|-0.21|-0.03|-0.00|0.00|0.00|-0.12|0.29|0.16|-0.28|-0.26|0.76|-0.26|0.59|0.00|-0.03|1.03|-0.10
0.57|0.16|-0.38|0.78|0.37|0.04|0.39|0.47|-0.12|-0.18|0.26|0.32|1.00|-0.00|-0.00|-0.00|-0.00|-0.00|1.00|0.97|-0.83|0.34|0.27|0.83|0.38|-0.54|-0.09
1.14|-0.09|-0.17|-0.25|0.58|-0.14|0.84|-0.41|0.13|-0.30|-0.38|0.12|0.00|0.00|0.00|0.72|-0.10|0.23|0.63|-0.02|-0.05|-0.58|-0.51|-0.29|-0.04|0.05|-0.31
1.35|-0.30|-1.29|-1.12|-0.06|0.86|-0.53|0.81|0.21|-0.74|1.44|0.45|-0.00|0.00|0.00|1.01|-0.29|-0.60|-1.23|0.20|0.52|-0.80|0.22|0.06|1.43|0.13|0.55
------ Dim separator ------
-0.52|1.24|0.32|0.26|0.32|-1.29|0.90|0.68|-0.39|-0.52|0.51|0.04|-0.00|0.00|0.00|-0.32|0.50|0.22|-0.24|-0.70|-0.15|-0.50|-0.04|-1.37|0.84|-0.20|0.24
-0.87|-0.11|-1.33|-0.01|-0.06|-0.00|0.91|0.20|0.32|0.50|-0.78|-0.58|-0.00|0.00|0.00|0.01|0.15|0.84|0.20|-0.40|-0.78|-0.42|-0.69|-0.59|-0.05|0.23|-0.06
0.45|0.28|-0.21|0.70|-0.49|-0.15|-0.24|-0.22|-0.62|-0.14|1.46|0.22|1.00|-0.00|0.00|-0.00|-0.00|0.00|1.00|-0.04|-0.53|0.46|0.92|0.08|1.32|-0.08|0.16
0.76|0.72|0.22|0.02|-0.16|0.05|-0.27|-0.06|-0.98|0.24|-0.08|0.11|0.00|0.00|0.00|0.16|-0.02|-0.11|1.19|0.19|0.08|-0.14|-0.26|0.84|-1.46|0.36|1.38
0.71|0.24|0.61|-0.21|-0.00|-0.44|0.36|-0.86|0.09|-0.61|-0.69|0.98|-0.00|0.00|-0.00|-0.70|-0.86|-0.86|-0.13|-0.13|0.26|0.36|-0.75|-0.10|0.69|0.14|-0.56
