------ Dim separator ------
-0.39|0.17|-0.03|0.42|-0.82|-0.57|0.20|0.02|-0.02|-0.23|-0.37|-0.36|0.05|-0.00|0.10|-0.26|0.43|0.41|-0.40|-0.54|-0.14|-0.22|0.34|-0.25|0.31|-0.08|0.49
-0.15|0.43|-0.26|0.12|0.17|0.25|0.08|-0.10|0.14|-0.00|-0.24|0.18|0.03|0.06|-0.02|-0.22|0.02|-0.22|-0.03|-0.23|-0.18|0.27|0.10|-0.32|0.44|0.07|-0.31
0.75|0.04|-0.40|0.75|0.63|-0.60|0.30|-0.07|-0.38|0.19|-0.36|-0.38|0.34|0.01|-0.03|0.02|0.03|0.03|0.97|-0.25|-1.05|0.53|-0.22|0.30|-0.38|0.32|-0.94
-0.44|0.01|0.04|0.35|0.31|-0.57|-0.70|0.07|-0.07|-0.23|-0.93|-0.63|-0.06|-0.03|-0.01|-0.45|0.60|0.06|-0.09|-0.26|0.69|0.50|0.60|0.49|0.22|0.23|-0.29
0.33|-0.01|0.11|0.19|0.44|-0.46|-0.65|0.08|0.35|-0.12|-0.25|-0.22|-0.06|0.09|-0.08|0.02|0.38|-0.14|-0.58|-0.31|-0.23|-0.11|-0.63|-0.17|-0.15|-0.45|-0.22
------ Dim separator ------
-0.27|0.04|0.29|0.68|-0.05|0.44|-0.15|0.62|0.34|0.05|0.47|0.67|-0.02|0.07|-0.08|0.50|0.65|0.34|-0.26|-0.71|-0.29|0.29|0.16|0.98|-0.78|0.40|0.22
-0.95|-0.02|-0.15|-0.31|0.14|0.01|-0.14|0.26|-0.18|0.87|-0.04|0.27|0.01|-0.05|0.03|0.07|-0.58|-0.74|-0.13|0.24|0.11|-0.67|-0.17|-0.31|-0.47|-0.95|0.48
0.19|0.12|-0.61|0.90|0.58|-0.19|-0.30|-0.10|-0.54|-0.17|0.08|-0.42|0.27|-0.07|0.03|-0.11|-0.03|-0.02|1.01|-0.32|0.30|0.42|0.03|-0.01|0.65|0.24|0.11
0.63|0.71|-0.07|0.08|-0.01|-0.01|-0.57|-0.08|-0.09|-0.28|-0.50|0.33|0.59|0.04|-0.01|-0.04|0.00|-0.02|1.03|-0.76|0.75|-0.86|0.10|-0.07|0.56|0.44|0.21
0.06|-0.35|-0.07|0.57|0.45|0.07|-0.15|-0.46|-0.39|0.54|-0.51|-0.18|0.02|-0.01|0.02|0.16|0.41|-0.50|-0.61|0.35|-0.40|0.38|-0.41|0.49|-1.12|0.65|0.06
------ Dim separator ------
-0.55|0.61|-0.23|0.38|-0.36|-0.39|0.42|-0.25|0.47|0.05|0.49|-0.17|0.01|-0.06|0.05|0.54|0.34|0.40|-0.22|-0.51|-0.80|-0.12|-0.05|-0.18|0.10|-0.89|0.16
-0.47|-0.23|-0.37|0.05|0.34|0.23|0.06|0.23|-0.13|0.15|0.41|0.56|0.00|0.01|0.03|-0.49|-0.45|0.63|0.18|0.09|0.74|-0.17|0.08|0.24|0.47|0.67|-1.38
-0.51|-0.04|0.19|0.76|0.05|-0.36|-0.33|0.36|-0.06|-0.57|0.13|0.75|0.05|0.00|0.02|-0.22|0.33|-0.63|0.62|-0.34|-0.24|-0.63|-0.00|0.24|0.20|-0.08|0.58
0.18|-0.47|-0.61|0.35|-0.79|0.30|0.51|0.34|0.63|0.40|-0.79|0.36|0.03|0.00|0.11|-0.21|0.38|-0.14|1.02|0.00|-0.00|0.48|-0.39|0.25|0.14|0.34|0.11
-0.70|0.26|-0.81|-0.61|-0.07|0.59|0.76|-0.29|0.03|0.30|-0.17|0.35|-0.05|0.01|-0.01|0.04|-0.33|-0.38|-0.13|0.31|0.35|-0.29|0.93|0.43|-0.20|-0.41|0.09
------ Dim separator ------
0.34|0.47|-0.83|0.00|0.11|-0.22|-0.36|0.14|0.84|-0.12|-0.60|-0.05|-0.06|0.03|0.01|0.02|0.49|-0.10|-0.65|-0.02|0.47|-0.27|-0.66|0.13|0.64|-0.86|-0.58
-0.49|-0.00|-0.03|-0.21|-0.48|0.29|0.52|-1.02|-0.10|0.14|-0.84|-0.01|0.04|-0.09|-0.04|-0.63|0.25|-0.04|-0.20|-0.25|0.06|-0.06|0.47|0.30|0.39|0.04|0.01
0.54|-0.21|-0.04|0.75|-0.02|-0.12|-0.37|0.27|0.27|-0.15|-0.28|-0.71|0.56|-0.01|-0.08|0.06|-0.02|-0.01|0.93|0.30|0.38|-0.16|-0.09|-0.21|0.12|0.22|-0.05
0.24|-0.04|-0.29|0.56|-0.10|0.54|-0.30|0.29|0.23|-0.07|-0.48|0.15|-0.08|0.01|-0.02|0.16|-0.14|0.29|0.71|-0.14|-0.14|-1.21|-0.15|0.16|-0.93|-0.04|-0.46
0.37|-0.32|-0.50|-0.15|-1.05|0.12|-0.41|-0.86|0.55|-0.40|-0.04|-0.45|0.02|0.01|-0.08|-0.69|0.38|-0.17|0.05|-0.05|0.85|-0.51|0.45|0.25|0.17|-0.66|0.32
------ Dim separator ------
0.44|-0.13|0.24|-0.24|-0.10|0.09|0.24|0.11|-0.88|0.20|0.39|0.05|0.02|-0.02|-0.02|0.07|0.34|-0.11|0.10|0.29|-0.17|-1.19|0.04|0.10|-0.24|0.16|0.23
-0.71|-0.39|0.36|-0.29|-0.20|0.18|0.32|-0.45|-0.64|-0.20|0.32|-0.29|-0.01|-0.01|-0.04|-0.26|0.26|0.17|-0.01|-0.29|0.56|-0.09|0.21|-0.68|-0.37|0.24|-0.18
0.46|-0.21|0.54|0.68|-0.08|-0.21|0.19|0.43|-0.10|0.20|-0.45|0.20|0.76|0.00|0.00|0.04|0.35|-0.02|0.65|-0.31|-0.42|-0.37|0.00|-0.64|-0.47|0.28|-0.38
0.82|0.05|-0.51|0.31|-0.08|0.24|-0.60|-0.49|0.32|0.33|-0.33|-0.41|0.46|0.06|0.04|-0.01|0.01|-0.01|0.96|-0.17|0.24|-0.47|0.38|0.13|0.11|0.81|-0.55
-0.29|-0.35|-0.46|-0.61|0.22|0.44|0.40|-0.18|-0.56|0.52|-0.02|0.22|0.06|0.02|-0.02|0.84|-0.23|-0.31|-0.17|0.21|0.13|0.04|0.56|0.13|0.40|0.32|-0.12
