------ Dim separator ------
-0.54|0.18|-0.05|0.37|-0.94|-0.54|0.17|-0.12|0.03|-0.28|-0.34|-0.45|-0.03|0.01|0.03|-0.26|0.62|0.45|-0.37|-0.56|-0.11|-0.23|0.34|-0.26|0.39|-0.02|0.63
-0.09|0.41|-0.22|0.14|0.15|0.30|-0.03|-0.10|0.25|0.01|-0.20|0.19|-0.05|-0.05|0.01|-0.32|0.06|-0.27|-0.04|-0.27|-0.25|0.21|0.14|-0.32|0.44|0.16|-0.35
0.84|-0.00|-0.42|0.83|0.61|-0.71|0.31|-0.22|-0.31|0.23|-0.44|-0.49|0.28|-0.01|0.02|0.04|-0.00|0.02|1.07|-0.22|-1.11|0.50|-0.23|0.27|-0.47|0.34|-0.95
-0.35|-0.04|0.09|0.37|0.30|-0.51|-0.71|0.05|-0.01|-0.25|-0.97|-0.69|0.05|0.03|0.00|-0.41|0.55|0.07|-0.23|-0.27|0.69|0.52|0.52|0.52|0.18|0.23|-0.25
0.31|0.05|0.18|0.26|0.51|-0.53|-0.68|0.21|0.31|-0.18|-0.20|-0.19|0.01|0.03|0.06|0.02|0.46|-0.19|-0.52|-0.30|-0.21|-0.10|-0.58|-0.18|-0.18|-0.46|-0.30
------ Dim separator ------
-0.23|0.09|0.33|0.77|-0.05|0.49|-0.11|0.59|0.35|-0.02|0.49|0.68|-0.03|-0.02|-0.03|0.53|0.67|0.43|-0.23|-0.63|-0.35|0.35|0.15|1.10|-0.89|0.46|0.22
-0.97|0.01|-0.12|-0.33|0.16|-0.02|-0.13|0.34|-0.13|0.80|-0.05|0.26|0.03|0.03|-0.01|0.08|-0.55|-0.73|-0.12|0.25|0.18|-0.69|-0.19|-0.26|-0.50|-0.94|0.57
0.19|0.13|-0.63|0.96|0.59|-0.19|-0.36|-0.19|-0.53|-0.20|0.06|-0.47|0.36|-0.02|-0.07|-0.07|0.04|0.00|1.08|-0.32|0.37|0.48|0.05|0.05|0.67|0.28|0.06
0.38|0.78|0.05|0.29|0.07|-0.02|-0.53|-0.06|-0.03|-0.37|-0.52|0.31|0.50|0.01|-0.04|-0.04|0.01|0.02|0.99|-0.83|0.69|-0.95|0.10|-0.15|0.67|0.38|0.22
0.12|-0.37|-0.07|0.58|0.50|0.15|-0.11|-0.38|-0.47|0.45|-0.64|-0.23|0.02|-0.00|-0.06|0.05|0.38|-0.66|-0.67|0.26|-0.37|0.44|-0.50|0.45|-1.12|0.70|-0.08
------ Dim separator ------
-0.60|0.62|-0.20|0.41|-0.35|-0.36|0.41|-0.22|0.44|-0.04|0.48|-0.11|-0.03|-0.03|-0.01|0.57|0.25|0.32|-0.29|-0.45|-0.87|-0.09|-0.00|-0.28|0.12|-0.90|0.19
-0.63|-0.31|-0.28|-0.00|0.37|0.32|-0.04|0.18|-0.24|0.22|0.41|0.53|0.04|-0.03|-0.03|-0.41|-0.48|0.58|0.12|0.09|0.75|-0.03|0.10|0.23|0.40|0.64|-1.46
-0.37|-0.18|0.13|0.83|0.04|-0.36|-0.26|0.48|-0.07|-0.54|0.23|0.85|-0.01|0.08|0.00|-0.25|0.39|-0.49|0.67|-0.24|-0.17|-0.65|-0.05|0.19|0.18|-0.09|0.66
0.06|-0.54|-0.71|0.32|-0.78|0.28|0.61|0.39|0.58|0.38|-0.76|0.33|-0.01|-0.02|-0.04|-0.24|0.48|-0.08|1.00|-0.04|-0.07|0.52|-0.29|0.15|0.17|0.28|0.12
-0.65|0.35|-0.95|-0.60|0.03|0.70|0.75|-0.37|0.13|0.26|-0.10|0.35|0.05|0.02|0.01|0.04|-0.35|-0.44|-0.07|0.34|0.42|-0.43|0.97|0.47|-0.14|-0.33|0.07
------ Dim separator ------
0.33|0.45|-0.76|-0.01|0.08|-0.22|-0.36|0.13|0.84|-0.04|-0.61|-0.06|0.04|-0.03|-0.01|-0.02|0.53|-0.10|-0.61|-0.15|0.45|-0.31|-0.70|0.16|0.53|-0.94|-0.56
-0.49|-0.02|-0.00|-0.24|-0.51|0.27|0.57|-0.94|-0.14|0.17|-0.91|-0.06|-0.09|-0.02|-0.02|-0.63|0.24|-0.04|-0.01|-0.27|0.18|-0.10|0.53|0.38|0.37|0.02|0.06
0.39|-0.06|0.10|0.77|-0.02|-0.22|-0.28|0.30|0.27|-0.14|-0.29|-0.72|0.51|0.02|0.02|0.05|0.02|-0.03|1.06|0.33|0.25|-0.07|0.03|-0.16|0.14|0.20|-0.00
0.22|-0.14|-0.16|0.60|-0.20|0.48|-0.26|0.36|0.24|-0.03|-0.52|0.20|0.05|-0.04|0.01|0.11|0.05|0.35|0.80|-0.08|-0.17|-1.19|-0.15|0.18|-0.94|0.06|-0.53
0.32|-0.54|-0.49|-0.05|-1.03|0.14|-0.40|-0.96|0.50|-0.33|0.02|-0.56|-0.00|-0.01|-0.07|-0.75|0.32|-0.17|0.14|-0.19|0.77|-0.54|0.53|0.14|0.14|-0.70|0.28
------ Dim separator ------
0.48|-0.09|0.25|-0.28|-0.17|0.20|0.17|0.09|-0.89|0.33|0.31|0.02|-0.03|-0.03|-0.00|0.11|0.32|-0.16|0.05|0.33|-0.15|-1.30|0.12|0.02|-0.19|0.08|0.19
-0.65|-0.37|0.48|-0.21|-0.12|0.11|0.36|-0.51|-0.46|-0.31|0.25|-0.24|0.01|0.05|0.04|-0.27|0.16|0.21|-0.02|-0.24|0.56|-0.00|0.23|-0.72|-0.32|0.26|-0.19
0.49|-0.21|0.51|0.75|-0.17|-0.16|0.23|0.34|0.05|0.20|-0.54|0.09|0.71|-0.01|-0.02|0.02|0.32|0.02|0.59|-0.34|-0.37|-0.51|0.04|-0.60|-0.52|0.29|-0.40
0.59|0.02|-0.56|0.16|-0.07|0.17|-0.53|-0.51|0.33|0.33|-0.38|-0.44|0.57|-0.00|-0.05|-0.03|0.01|0.00|0.99|-0.14|0.32|-0.38|0.41|0.09|0.16|0.84|-0.59
-0.26|-0.45|-0.47|-0.70|0.20|0.43|0.34|-0.10|-0.51|0.53|-0.04|0.22|-0.01|0.04|-0.01|0.79|-0.29|-0.40|-0.21|0.31|0.15|0.11|0.54|0.12|0.34|0.27|-0.04
