------ Dim separator ------
-0.48|0.17|-0.04|0.40|-0.89|-0.54|0.12|-0.08|0.04|-0.30|-0.42|-0.30|-0.06|0.00|-0.04|-0.24|0.46|0.48|-0.36|-0.54|-0.19|-0.24|0.40|-0.23|0.35|-0.06|0.56
-0.13|0.37|-0.20|0.18|0.22|0.30|0.04|-0.11|0.27|-0.03|-0.21|0.10|-0.00|-0.03|-0.00|-0.27|0.07|-0.28|-0.06|-0.23|-0.24|0.24|0.18|-0.34|0.38|0.12|-0.30
0.82|0.02|-0.45|0.73|0.63|-0.68|0.35|-0.21|-0.40|0.22|-0.54|-0.51|0.32|-0.01|0.04|0.05|0.06|0.01|0.94|-0.22|-1.13|0.45|-0.20|0.24|-0.41|0.36|-0.94
-0.45|0.01|0.09|0.38|0.28|-0.58|-0.71|0.02|0.01|-0.26|-0.92|-0.60|-0.01|-0.03|-0.02|-0.43|0.56|0.06|-0.20|-0.25|0.59|0.54|0.51|0.54|0.22|0.26|-0.29
0.33|0.03|0.20|0.23|0.44|-0.48|-0.66|0.08|0.35|-0.15|-0.25|-0.23|-0.01|-0.02|-0.00|-0.01|0.43|-0.16|-0.59|-0.26|-0.23|-0.09|-0.65|-0.17|-0.15|-0.39|-0.24
------ Dim separator ------
-0.14|-0.00|0.31|0.77|-0.07|0.45|-0.05|0.57|0.40|0.01|0.54|0.64|-0.01|-0.00|-0.06|0.54|0.60|0.42|-0.20|-0.68|-0.33|0.27|0.13|1.03|-0.89|0.44|0.20
-0.99|-0.03|-0.11|-0.41|0.11|-0.03|-0.06|0.28|-0.16|0.81|-0.00|0.21|-0.05|0.02|0.04|0.07|-0.58|-0.73|-0.14|0.20|0.15|-0.69|-0.22|-0.24|-0.51|-0.94|0.55
0.20|0.09|-0.67|0.89|0.62|-0.16|-0.40|-0.14|-0.56|-0.05|0.06|-0.45|0.29|0.07|-0.02|-0.14|0.01|-0.02|1.00|-0.33|0.32|0.45|0.02|0.02|0.68|0.29|0.10
0.37|0.77|-0.05|0.20|0.03|0.01|-0.54|-0.08|-0.04|-0.32|-0.47|0.35|0.55|-0.01|-0.04|-0.00|-0.00|0.05|1.06|-0.86|0.77|-0.91|0.14|-0.14|0.59|0.49|0.24
0.06|-0.29|-0.11|0.61|0.55|0.15|-0.10|-0.43|-0.48|0.52|-0.62|-0.24|-0.00|0.06|0.01|0.12|0.45|-0.61|-0.71|0.33|-0.36|0.41|-0.57|0.56|-1.14|0.69|-0.02
------ Dim separator ------
-0.58|0.62|-0.26|0.46|-0.35|-0.31|0.42|-0.25|0.47|-0.02|0.41|-0.13|-0.08|-0.03|0.01|0.54|0.25|0.36|-0.27|-0.46|-0.87|-0.14|-0.10|-0.24|0.15|-0.82|0.20
-0.55|-0.32|-0.26|0.01|0.30|0.19|0.03|0.19|-0.17|0.16|0.46|0.47|0.07|-0.05|0.01|-0.40|-0.55|0.65|0.18|0.08|0.71|-0.13|0.10|0.21|0.47|0.63|-1.45
-0.36|-0.19|0.12|0.81|0.08|-0.43|-0.32|0.38|-0.16|-0.57|0.11|0.78|0.02|-0.07|-0.03|-0.24|0.33|-0.57|0.64|-0.35|-0.23|-0.68|-0.00|0.13|0.18|-0.06|0.66
0.12|-0.54|-0.65|0.40|-0.74|0.29|0.61|0.47|0.60|0.36|-0.75|0.35|-0.04|-0.06|-0.03|-0.25|0.40|-0.17|1.04|-0.05|0.01|0.50|-0.34|0.18|0.14|0.36|0.13
-0.73|0.36|-0.92|-0.56|0.02|0.67|0.73|-0.33|0.13|0.26|-0.16|0.36|0.01|0.00|-0.04|0.03|-0.34|-0.40|-0.11|0.33|0.43|-0.40|0.98|0.48|-0.14|-0.35|0.00
------ Dim separator ------
0.37|0.42|-0.81|-0.01|0.16|-0.22|-0.40|0.14|0.93|-0.12|-0.65|-0.08|-0.01|0.05|0.05|-0.08|0.40|-0.09|-0.60|-0.10|0.47|-0.34|-0.78|0.12|0.63|-0.95|-0.58
-0.45|-0.08|-0.02|-0.26|-0.53|0.37|0.57|-1.02|-0.13|0.15|-0.96|-0.03|0.02|0.01|-0.01|-0.71|0.24|-0.05|-0.13|-0.34|0.14|-0.17|0.47|0.37|0.39|-0.00|0.08
0.49|-0.11|0.05|0.71|-0.01|-0.22|-0.36|0.27|0.32|-0.17|-0.30|-0.74|0.55|-0.00|-0.08|0.01|0.04|-0.04|1.02|0.44|0.27|-0.00|0.04|-0.19|0.12|0.24|-0.07
0.21|-0.09|-0.19|0.63|-0.14|0.53|-0.39|0.26|0.25|-0.01|-0.52|0.29|0.03|0.01|0.03|0.14|-0.09|0.30|0.72|-0.06|-0.17|-1.27|-0.19|0.15|-0.96|0.02|-0.53
0.40|-0.41|-0.48|-0.05|-1.07|0.18|-0.34|-0.93|0.51|-0.32|0.01|-0.54|-0.02|0.07|0.04|-0.72|0.32|-0.19|0.03|-0.07|0.74|-0.55|0.47|0.14|0.15|-0.69|0.29
------ Dim separator ------
0.50|-0.11|0.22|-0.28|-0.15|0.20|0.26|0.09|-0.91|0.30|0.40|0.07|-0.08|-0.01|0.06|0.10|0.29|-0.07|0.09|0.34|-0.16|-1.32|0.04|0.07|-0.28|0.16|0.23
-0.70|-0.38|0.46|-0.22|-0.16|0.17|0.38|-0.49|-0.57|-0.16|0.22|-0.36|-0.00|-0.01|-0.06|-0.27|0.29|0.35|0.01|-0.26|0.58|-0.01|0.22|-0.72|-0.38|0.36|-0.16
0.62|-0.31|0.50|0.75|-0.16|-0.20|0.13|0.36|-0.03|0.12|-0.49|0.15|0.89|-0.00|-0.02|0.03|0.41|-0.07|0.61|-0.37|-0.40|-0.41|-0.00|-0.65|-0.56|0.30|-0.46
0.65|0.01|-0.54|0.28|-0.06|0.22|-0.64|-0.54|0.29|0.41|-0.37|-0.45|0.57|-0.00|0.00|-0.03|-0.07|-0.00|0.94|-0.14|0.35|-0.45|0.44|0.13|0.19|0.83|-0.55
-0.23|-0.46|-0.51|-0.65|0.25|0.53|0.42|-0.16|-0.54|0.51|0.02|0.24|-0.01|-0.01|0.04|0.80|-0.27|-0.39|-0.21|0.25|0.15|0.12|0.52|0.09|0.40|0.22|-0.14
