------ Dim separator ------
-0.57|0.20|0.02|0.33|-0.92|-0.57|0.09|-0.19|0.01|-0.35|-0.42|-0.35|-0.07|-0.01|-0.13|-0.10|0.59|0.53|-0.46|-0.56|-0.06|-0.35|0.22|-0.22|0.38|0.02|0.88
-0.16|0.35|-0.20|0.15|0.11|0.32|0.01|-0.07|0.36|0.06|-0.16|0.19|-0.02|-0.12|0.07|-0.36|0.11|-0.19|-0.11|-0.27|-0.25|0.08|0.31|-0.24|0.47|0.14|-0.35
1.00|-0.05|-0.44|0.87|0.52|-0.65|0.35|-0.35|-0.39|0.27|-0.53|-0.62|0.33|0.01|0.05|0.06|0.02|0.00|1.06|-0.29|-1.26|0.54|-0.19|0.31|-0.50|0.42|-0.94
-0.28|-0.02|0.13|0.36|0.23|-0.49|-0.68|-0.10|0.04|-0.24|-0.98|-0.60|0.03|0.04|-0.03|-0.40|0.56|0.08|-0.26|-0.40|0.52|0.49|0.38|0.64|0.18|0.22|-0.22
0.29|0.12|0.32|0.20|0.59|-0.54|-0.83|0.20|0.25|-0.21|0.03|-0.17|0.04|-0.03|0.15|-0.08|0.57|-0.28|-0.49|-0.36|-0.27|-0.20|-0.58|-0.18|-0.20|-0.48|-0.40
------ Dim separator ------
-0.16|0.09|0.34|0.75|-0.00|0.49|-0.12|0.54|0.41|-0.04|0.57|0.58|0.12|-0.10|0.06|0.53|0.65|0.48|-0.21|-0.65|-0.38|0.36|0.06|1.11|-0.94|0.51|0.28
-1.02|-0.05|-0.03|-0.38|0.09|-0.03|-0.16|0.37|-0.10|0.71|0.01|0.16|-0.05|0.06|-0.04|-0.01|-0.56|-0.73|-0.07|0.29|0.19|-0.73|-0.20|-0.16|-0.56|-0.92|0.66
0.19|0.14|-0.61|0.93|0.63|-0.14|-0.48|-0.28|-0.58|-0.19|0.12|-0.57|0.47|0.04|-0.02|-0.03|0.01|-0.05|1.00|-0.44|0.34|0.50|-0.02|0.00|0.66|0.42|0.05
0.21|0.78|-0.07|0.33|0.01|0.09|-0.56|-0.10|-0.01|-0.32|-0.53|0.37|0.61|-0.00|0.07|-0.00|-0.02|0.04|0.99|-0.99|0.66|-0.92|0.06|-0.24|0.78|0.42|0.17
0.14|-0.28|-0.16|0.53|0.58|0.16|-0.09|-0.28|-0.51|0.44|-0.66|-0.33|-0.04|0.07|-0.03|0.02|0.45|-0.73|-0.89|0.24|-0.34|0.36|-0.54|0.44|-1.20|0.65|-0.04
------ Dim separator ------
-0.58|0.58|-0.13|0.48|-0.18|-0.29|0.37|-0.23|0.34|-0.11|0.34|0.05|-0.01|0.05|-0.03|0.55|0.20|0.12|-0.47|-0.47|-1.01|-0.06|-0.02|-0.26|0.13|-0.97|0.29
-0.56|-0.21|-0.12|0.00|0.42|0.28|-0.14|0.27|-0.16|0.12|0.35|0.47|-0.02|-0.06|-0.00|-0.34|-0.59|0.60|0.12|0.18|0.77|-0.09|0.12|0.28|0.33|0.66|-1.43
-0.40|-0.27|0.03|0.90|-0.03|-0.47|-0.23|0.57|-0.15|-0.59|0.19|0.94|-0.11|0.03|-0.02|-0.18|0.37|-0.53|0.68|-0.10|-0.24|-0.70|-0.12|0.10|0.23|0.03|0.73
-0.01|-0.68|-0.72|0.38|-0.81|0.21|0.69|0.40|0.54|0.31|-0.71|0.32|0.07|0.05|-0.10|-0.31|0.42|-0.16|1.01|0.04|-0.13|0.48|-0.31|0.15|0.13|0.26|0.20
-0.69|0.39|-1.11|-0.47|0.08|0.81|0.70|-0.29|0.13|0.21|-0.12|0.36|0.10|-0.02|0.04|0.08|-0.32|-0.50|-0.15|0.35|0.43|-0.52|0.96|0.35|-0.12|-0.31|0.13
------ Dim separator ------
0.40|0.36|-0.80|-0.10|0.07|-0.27|-0.58|0.16|1.02|0.05|-0.66|-0.17|0.05|0.02|-0.04|-0.17|0.40|-0.11|-0.49|-0.17|0.47|-0.33|-0.87|0.13|0.51|-1.03|-0.48
-0.38|-0.11|0.03|-0.33|-0.50|0.34|0.69|-1.02|-0.09|0.17|-1.06|-0.06|0.05|0.06|0.12|-0.74|0.14|-0.20|0.01|-0.30|0.17|-0.23|0.55|0.45|0.30|-0.02|0.08
0.29|-0.02|-0.01|0.77|-0.02|-0.20|-0.27|0.40|0.22|-0.15|-0.24|-0.73|0.67|-0.05|0.16|-0.03|0.02|0.03|1.09|0.51|0.20|0.10|0.10|-0.22|0.07|0.17|0.10
0.19|-0.17|-0.13|0.74|-0.21|0.45|-0.40|0.29|0.27|0.03|-0.46|0.28|0.15|-0.02|-0.01|0.18|0.01|0.28|0.78|-0.01|-0.13|-1.18|-0.16|0.17|-0.99|0.16|-0.62
0.38|-0.53|-0.52|0.11|-0.87|0.21|-0.34|-1.04|0.44|-0.26|0.07|-0.62|-0.06|-0.04|0.07|-0.73|0.30|-0.21|-0.05|-0.15|0.81|-0.51|0.53|0.16|0.12|-0.69|0.19
------ Dim separator ------
0.59|0.01|0.29|-0.22|-0.23|0.24|0.25|0.04|-0.94|0.37|0.49|0.03|-0.08|0.05|-0.00|0.15|0.32|-0.10|0.09|0.31|-0.18|-1.49|0.11|0.01|-0.23|0.15|0.23
-0.72|-0.38|0.45|-0.23|-0.04|0.13|0.47|-0.58|-0.39|-0.27|0.20|-0.35|-0.00|-0.01|0.03|-0.25|0.17|0.31|-0.09|-0.18|0.67|0.00|0.23|-0.73|-0.37|0.22|-0.15
0.58|-0.26|0.53|0.81|-0.14|-0.12|0.23|0.27|0.06|0.13|-0.47|0.00|0.71|0.02|-0.00|-0.03|0.29|0.10|0.72|-0.34|-0.35|-0.44|0.08|-0.61|-0.59|0.29|-0.38
0.31|-0.09|-0.60|0.10|-0.04|0.24|-0.54|-0.67|0.27|0.41|-0.39|-0.38|0.76|-0.08|-0.10|-0.07|-0.07|0.03|1.05|-0.18|0.38|-0.56|0.52|0.03|0.22|0.77|-0.61
-0.16|-0.43|-0.48|-0.68|0.26|0.54|0.35|-0.07|-0.53|0.64|0.04|0.23|-0.11|-0.01|0.02|0.80|-0.35|-0.51|-0.34|0.31|0.21|0.18|0.48|0.14|0.30|0.31|-0.07
