------ Dim separator ------
-0.43|0.19|-0.07|0.41|-0.83|-0.63|0.18|0.03|0.02|-0.23|-0.37|-0.39|0.02|0.02|0.04|-0.26|0.47|0.43|-0.44|-0.59|-0.14|-0.22|0.32|-0.29|0.33|-0.06|0.55
-0.14|0.43|-0.25|0.14|0.14|0.27|0.06|-0.04|0.13|0.05|-0.25|0.17|0.02|0.06|-0.05|-0.30|0.01|-0.24|-0.02|-0.22|-0.23|0.23|0.11|-0.27|0.46|0.10|-0.32
0.78|0.01|-0.40|0.78|0.62|-0.61|0.28|-0.12|-0.37|0.18|-0.38|-0.37|0.32|0.02|-0.04|0.03|0.00|0.05|0.98|-0.27|-1.05|0.55|-0.19|0.32|-0.40|0.31|-0.97
-0.42|-0.03|0.04|0.33|0.30|-0.56|-0.67|0.07|-0.02|-0.24|-0.95|-0.64|-0.07|0.02|0.01|-0.44|0.59|0.01|-0.07|-0.28|0.68|0.53|0.56|0.52|0.25|0.24|-0.31
0.31|-0.01|0.13|0.17|0.49|-0.45|-0.68|0.07|0.34|-0.12|-0.18|-0.20|-0.01|0.05|-0.09|0.03|0.36|-0.19|-0.57|-0.31|-0.27|-0.13|-0.61|-0.14|-0.16|-0.48|-0.23
------ Dim separator ------
-0.24|0.06|0.32|0.66|-0.07|0.43|-0.13|0.63|0.30|0.06|0.48|0.67|-0.02|0.07|-0.03|0.52|0.68|0.35|-0.27|-0.68|-0.28|0.33|0.15|1.03|-0.80|0.42|0.23
-0.93|-0.01|-0.21|-0.27|0.15|-0.01|-0.11|0.28|-0.18|0.86|-0.05|0.25|0.02|-0.04|-0.05|0.08|-0.55|-0.72|-0.14|0.26|0.13|-0.67|-0.17|-0.31|-0.48|-0.97|0.48
0.20|0.11|-0.61|0.87|0.58|-0.22|-0.32|-0.08|-0.51|-0.19|0.11|-0.42|0.31|-0.02|0.03|-0.09|-0.08|-0.04|1.02|-0.32|0.27|0.46|0.04|-0.03|0.64|0.30|0.07
0.60|0.72|-0.04|0.11|0.04|0.02|-0.56|-0.09|-0.10|-0.32|-0.49|0.30|0.55|0.05|0.00|-0.07|0.03|-0.02|1.00|-0.79|0.76|-0.93|0.10|-0.07|0.62|0.42|0.18
0.09|-0.37|-0.11|0.55|0.46|0.06|-0.13|-0.44|-0.41|0.55|-0.51|-0.19|-0.03|-0.07|-0.01|0.13|0.39|-0.57|-0.63|0.34|-0.39|0.40|-0.38|0.48|-1.12|0.65|0.03
------ Dim separator ------
-0.56|0.58|-0.21|0.39|-0.32|-0.42|0.40|-0.26|0.47|0.07|0.49|-0.15|0.03|-0.06|0.06|0.58|0.36|0.31|-0.26|-0.51|-0.82|-0.15|-0.01|-0.23|0.07|-0.86|0.13
-0.48|-0.19|-0.33|0.01|0.38|0.24|0.01|0.24|-0.17|0.13|0.36|0.54|-0.01|0.00|0.02|-0.46|-0.48|0.61|0.18|0.08|0.82|-0.14|0.13|0.25|0.46|0.68|-1.37
-0.50|-0.02|0.21|0.78|0.01|-0.35|-0.32|0.41|-0.06|-0.52|0.17|0.74|0.03|0.04|0.04|-0.22|0.33|-0.61|0.62|-0.28|-0.26|-0.64|-0.00|0.26|0.22|-0.05|0.57
0.15|-0.53|-0.60|0.32|-0.80|0.26|0.56|0.37|0.59|0.33|-0.81|0.34|0.01|0.01|0.07|-0.21|0.38|-0.09|1.00|0.00|-0.06|0.53|-0.38|0.22|0.15|0.34|0.14
-0.65|0.30|-0.84|-0.59|-0.04|0.61|0.76|-0.27|0.02|0.36|-0.19|0.37|-0.00|0.01|0.00|0.05|-0.35|-0.43|-0.12|0.33|0.35|-0.30|0.89|0.40|-0.20|-0.43|0.08
------ Dim separator ------
0.33|0.46|-0.84|-0.03|0.13|-0.22|-0.39|0.13|0.86|-0.11|-0.60|-0.08|-0.07|0.01|0.01|0.03|0.49|-0.08|-0.67|-0.08|0.45|-0.25|-0.62|0.13|0.62|-0.90|-0.55
-0.49|-0.01|0.00|-0.22|-0.51|0.29|0.58|-0.98|-0.09|0.13|-0.82|0.04|0.03|-0.08|-0.09|-0.63|0.23|-0.08|-0.17|-0.24|0.06|-0.09|0.51|0.26|0.41|0.05|0.01
0.49|-0.19|-0.01|0.74|-0.02|-0.10|-0.38|0.24|0.24|-0.14|-0.24|-0.72|0.54|-0.03|-0.02|0.06|-0.04|-0.04|0.94|0.27|0.37|-0.15|-0.08|-0.25|0.12|0.24|-0.01
0.23|-0.07|-0.26|0.63|-0.16|0.54|-0.27|0.30|0.27|-0.02|-0.50|0.16|-0.06|0.04|-0.03|0.19|-0.12|0.26|0.70|-0.16|-0.15|-1.23|-0.18|0.16|-0.92|-0.07|-0.48
0.35|-0.37|-0.52|-0.16|-0.99|0.11|-0.45|-0.90|0.54|-0.36|-0.00|-0.44|0.01|0.00|-0.08|-0.68|0.42|-0.19|0.05|-0.07|0.85|-0.52|0.46|0.27|0.16|-0.68|0.33
------ Dim separator ------
0.47|-0.17|0.25|-0.24|-0.11|0.08|0.22|0.10|-0.92|0.19|0.40|0.05|0.01|-0.01|-0.06|0.10|0.36|-0.15|0.09|0.29|-0.19|-1.21|0.05|0.10|-0.22|0.17|0.22
-0.67|-0.39|0.34|-0.28|-0.19|0.15|0.31|-0.43|-0.63|-0.26|0.27|-0.29|-0.04|-0.00|-0.03|-0.25|0.24|0.17|-0.03|-0.30|0.54|-0.06|0.26|-0.69|-0.31|0.27|-0.19
0.42|-0.23|0.53|0.67|-0.05|-0.19|0.19|0.42|-0.03|0.24|-0.47|0.14|0.71|-0.01|0.02|-0.01|0.37|0.00|0.66|-0.32|-0.43|-0.34|-0.05|-0.62|-0.52|0.30|-0.38
0.81|0.04|-0.54|0.29|-0.09|0.25|-0.56|-0.50|0.33|0.32|-0.33|-0.44|0.50|0.05|0.05|-0.01|0.01|-0.04|1.00|-0.16|0.26|-0.46|0.38|0.10|0.14|0.78|-0.60
-0.28|-0.29|-0.48|-0.65|0.23|0.46|0.41|-0.10|-0.57|0.52|-0.05|0.21|0.03|0.04|0.00|0.86|-0.17|-0.28|-0.19|0.20|0.15|0.02|0.52|0.16|0.38|0.35|-0.08
